# AndroidClient mimuroto
1.548357 0.336572 1901.524299 1792
4.313697 2.765340 3240.108360 3072
11.140404 4.592047 3344.913186 3072
16.313354 4.764997 3223.506722 3072
21.312870 4.764513 3223.833885 3072
26.349187 4.800830 3199.446447 3072
31.307450 4.759093 3227.505562 3072
36.322397 4.774040 3217.401009 3072
41.340285 4.791928 3205.390324 3072
46.322250 4.773893 3217.499875 3072
51.421182 4.872825 3152.175739 3072
56.464216 4.915859 3124.581038 3072
61.489593 4.941236 3108.534247 3072
66.452442 4.904085 3132.082968 3072
71.436670 4.888313 3142.188205 3072
76.429208 4.880851 3146.991970 3072
81.389456 4.841099 3172.833543 3072
86.433423 4.885066 3144.277015 3072
91.416097 4.867740 3155.468501 3072
96.446352 4.897995 3135.977317 3072
101.430926 4.882569 3145.885038 3072
106.416583 4.868226 3155.153122 3072
111.426486 4.878129 3148.748323 3072
116.395181 4.846824 3169.085301 3072
121.436714 4.888357 3142.159809 3072
126.433800 4.885443 3144.034341 3072
131.446326 4.897969 3135.993802 3072
136.415249 4.866892 3156.018496 3072
141.447865 4.899508 3135.008408 3072
146.422147 4.873790 3151.551500 3072
151.405300 4.856943 3162.483268 3072
156.411068 4.862711 3158.731840 3072
161.403201 4.854844 3163.850691 3072
166.440306 4.891949 3139.852683 3072
171.428044 4.879687 3147.742812 3072
176.395570 4.847213 3168.831371 3072
181.400442 4.852085 3165.649656 3072
186.412171 4.863814 3158.015687 3072
191.391787 4.843430 3171.306312 3072
196.408352 4.859995 3160.496999 3072
201.406255 4.857898 3161.861590 3072
206.415245 4.866888 3156.020925 3072
211.423413 4.875056 3150.732817 3072
216.493960 4.945603 3105.789360 3072
221.597607 5.049250 3042.036005 3072
226.701471 5.103864 3009.484547 3072
231.765842 5.064371 3032.952943 3072
236.704407 4.938565 3110.215138 3072
241.619666 4.853824 3164.515260 3072
246.616635 4.850792 3166.493030 3072
251.585137 4.819295 3187.188093 3072
256.564258 4.798415 3201.056874 3072
261.552337 4.786495 3209.029061 3072
266.546402 4.780560 3213.012909 3072
271.484091 4.718248 3255.445371 3072
276.485799 4.719957 3254.266865 3072
281.570543 4.804701 3196.869081 3072
286.680327 4.914485 3125.454905 3072
291.741876 4.976033 3086.795960 3072
296.815896 5.050054 3041.551751 3072
301.882964 5.067068 3031.338932 3072
306.972144 5.089180 3018.167786 3072
312.029924 5.057780 3036.905582 3072
317.131015 5.101091 3011.120595 3072
322.193710 5.062695 3033.957105 3072
327.229435 5.035725 3050.206311 3072
332.289091 5.059656 3035.779667 3072
337.340515 5.051424 3040.726459 3072
342.290667 4.950152 3102.935172 3072
347.219851 4.879335 3147.969757 3072
352.159412 4.818897 3187.451357 3072
357.187301 4.846786 3169.110614 3072
362.259245 4.918730 3122.757266 3072
367.348690 5.008175 3066.985431 3072
372.395067 5.046377 3043.768070 3072
377.456890 5.061823 3034.480053 3072
382.536206 5.079316 3024.029301 3072
387.592270 5.056065 3037.935797 3072
392.682503 5.090233 3017.543859 3072
397.748028 5.065525 3032.262289 3072
402.821863 5.073835 3027.296046 3072
407.917654 5.095791 3014.252068 3072
412.905500 4.987846 3079.485434 3072
417.861498 4.943844 3106.893988 3072
422.820433 4.902779 3132.917027 3072
427.806641 4.888987 3141.755072 3072
432.761551 4.843897 3171.000558 3072
437.831242 4.913588 3126.024951 3072
442.908544 4.990890 3077.607585 3072
447.995876 5.078222 3024.680567 3072
453.057869 5.061993 3034.377864 3072
458.100540 5.042671 3046.004732 3072
463.169067 5.068527 3030.466511 3072
468.243259 5.074192 3027.083003 3072
473.235447 4.992188 3076.806901 3072
478.200067 4.956808 3098.768428 3072
483.121929 4.878670 3148.399099 3072
488.082420 4.839161 3174.104141 3072
493.125356 4.882097 3146.188757 3072
498.206957 4.963698 3094.467260 3072
503.289880 5.046621 3043.620597 3072
508.371143 5.081263 3022.870480 3072
513.430259 5.059116 3036.103675 3072
518.502012 5.071753 3028.538846 3072
523.569529 5.067518 3031.069830 3072
528.657465 5.087935 3018.906278 3072
533.716260 5.058796 3036.295822 3072
538.769009 5.052749 3039.929504 3072
543.837859 5.068850 3030.273194 3072
548.897524 5.059665 3035.774251 3072
553.985305 5.087781 3018.997694 3072
559.070338 5.085033 3020.629159 3072
564.161215 5.090877 3017.162142 3072
569.246478 5.085263 3020.492683 3072
574.335595 5.089117 3018.205111 3072
579.420046 5.084451 3020.975006 3072
584.531553 5.111507 3004.984776 3072
589.527843 4.996290 3074.281229 3072
594.469987 4.938433 3110.298099 3072
599.439204 4.907651 3129.806907 3072
604.388661 4.857108 3162.375532 3072
609.352695 4.821142 3185.967432 3072
614.450336 4.918783 3122.723739 3072
619.578392 5.046838 3043.489599 3072
624.681298 5.102906 3010.049331 3072
629.743199 5.061901 3034.433027 3072
634.725211 4.982012 3083.091863 3072
639.664483 4.921284 3121.136852 3072
644.602190 4.858991 3161.149917 3072
649.576500 4.833301 3177.952134 3072
654.670456 4.927257 3117.352932 3072
659.771233 5.028034 3054.871821 3072
664.768862 4.997628 3073.457836 3072
669.711249 4.940015 3109.302165 3072
674.667634 4.896400 3136.998344 3072
679.605421 4.834188 3177.369335 3072
684.544249 4.773016 3218.091209 3072
689.580807 4.809574 3193.630322 3072
694.676901 4.905667 3131.072539 3072
699.762012 4.990779 3077.676054 3072
704.854588 5.083355 3021.626597 3072
709.930357 5.075769 3026.142584 3072
715.004531 5.074174 3027.093847 3072
719.989421 4.984890 3081.311745 3072
724.930218 4.925688 3118.346408 3072
729.907148 4.902617 3133.020508 3072
734.948308 4.943778 3106.935774 3072
740.014183 5.009652 3066.080936 3072
745.068611 5.054428 3038.919532 3072
750.151835 5.083224 3021.704121 3072
755.204207 5.052372 3040.156466 3072
760.283540 5.079333 3024.019372 3072
765.345173 5.061633 3034.593736 3072
770.345548 5.000375 3071.769361 3072
775.323932 4.978384 3085.338569 3072
780.312919 4.967371 3092.178961 3072
785.275798 4.930250 3115.460630 3072
790.206979 4.861431 3159.563497 3072
795.192554 4.847007 3168.966240 3072
800.170450 4.824902 3183.484289 3072
805.163222 4.817674 3188.260477 3072
810.104309 4.758761 3227.730955 3072
815.152022 4.806474 3195.690014 3072
820.263328 4.917780 3123.360755 3072
825.371757 5.026209 3055.980896 3072
830.443020 5.071263 3028.831314 3072
835.495838 5.052817 3039.888162 3072
840.586491 5.090653 3017.294572 3072
845.675816 5.089325 3018.081872 3072
850.736126 5.060310 3035.387004 3072
855.819550 5.083423 3021.585797 3072
860.813557 4.994007 3075.686615 3072
865.781414 4.961864 3095.610938 3072
870.785358 4.965808 3093.152082 3072
875.731579 4.912030 3127.017029 3072
880.681447 4.861897 3159.260712 3072
885.652727 4.833177 3178.033651 3072
890.737138 4.917589 3123.482132 3072
895.864346 5.044797 3044.721387 3072
899.422067 3.557721 4317.370466 3072
