# AndroidClient mimuroto
1.550447 0.328181 1950.143853 1792
4.314091 2.763644 3242.096171 3072
11.140664 4.590218 3346.246595 3072
16.313740 4.763293 3224.659660 3072
21.313290 4.762843 3224.964600 3072
26.349985 4.799538 3200.307937 3072
31.307869 4.757423 3228.638854 3072
36.323220 4.772773 3218.254747 3072
41.340515 4.790069 3206.634653 3072
46.322525 4.772078 3218.723274 3072
51.422331 4.871884 3152.784486 3072
56.465122 4.914675 3125.333890 3072
61.491100 4.940653 3108.900636 3072
66.452175 4.901729 3133.588288 3072
71.436176 4.885730 3143.849854 3072
76.431207 4.880760 3147.050645 3072
81.390613 4.840166 3173.444599 3072
86.435391 4.884944 3144.355438 3072
91.418875 4.868428 3155.022254 3072
96.447305 4.896858 3136.705139 3072
101.432146 4.881700 3146.445150 3072
106.416236 4.865790 3156.733253 3072
111.427463 4.877017 3149.466386 3072
116.396015 4.845568 3169.906870 3072
121.437890 4.887443 3142.747531 3072
126.435353 4.884907 3144.379337 3072
131.446150 4.895703 3137.445206 3072
136.416091 4.865644 3156.827464 3072
141.447383 4.896936 3136.654994 3072
146.422548 4.872102 3152.643624 3072
151.408148 4.857702 3161.989140 3072
156.411739 4.861293 3159.653433 3072
161.404196 4.853749 3164.563923 3072
166.442511 4.892064 3139.778766 3072
171.427139 4.876692 3149.676090 3072
176.398333 4.847887 3168.390937 3072
181.399995 4.849549 3167.305083 3072
186.413328 4.862882 3158.621062 3072
191.393334 4.842888 3171.661453 3072
196.409528 4.859081 3161.091508 3072
201.406935 4.856488 3162.779056 3072
206.416375 4.865929 3156.643036 3072
211.425379 4.874932 3150.813280 3072
216.493180 4.942733 3107.592306 3072
221.601621 5.051174 3040.877250 3072
226.706451 5.104831 3008.914628 3072
231.771750 5.065299 3032.397659 3072
236.711469 4.939719 3109.488675 3072
241.625938 4.854188 3164.278214 3072
246.624980 4.853230 3164.902397 3072
251.593846 4.822096 3185.336769 3072
256.571323 4.799573 3200.284826 3072
261.558606 4.786855 3208.787115 3072
266.551548 4.779798 3213.524683 3072
271.489110 4.717360 3256.058773 3072
276.492360 4.720610 3253.817026 3072
281.576360 4.804610 3196.929709 3072
286.687672 4.915921 3124.541389 3072
291.745669 4.973919 3088.108252 3072
296.821367 5.049617 3041.814897 3072
301.889016 5.067649 3030.991391 3072
306.980012 5.090996 3017.091393 3072
312.039596 5.059584 3035.822538 3072
317.143216 5.103619 3009.628758 3072
322.205208 5.061993 3034.378109 3072
327.240539 5.035330 3050.445337 3072
332.305700 5.065162 3032.479717 3072
337.356033 5.050332 3041.383977 3072
342.304081 4.948048 3104.254162 3072
347.237420 4.881387 3146.646321 3072
352.184701 4.828669 3181.001108 3072
357.202435 4.846402 3169.361427 3072
362.279836 4.923803 3119.539839 3072
367.370542 5.014510 3063.111129 3072
372.418972 5.048429 3042.530416 3072
377.485741 5.066770 3031.517323 3072
382.562806 5.077064 3025.370305 3072
387.618627 5.055821 3038.082331 3072
392.711453 5.092826 3016.006996 3072
397.778960 5.067507 3031.076407 3072
402.854383 5.075423 3026.348442 3072
407.949123 5.094739 3014.874466 3072
412.932498 4.983375 3082.248587 3072
417.893855 4.944732 3106.336000 3072
422.852996 4.903873 3132.218104 3072
427.846950 4.897827 3136.084649 3072
432.799523 4.850400 3166.748878 3072
437.873362 4.924240 3119.263314 3072
442.948579 4.999457 3072.333866 3072
448.027922 5.078799 3024.337164 3072
453.090330 5.062408 3034.129058 3072
458.133640 5.043311 3045.618432 3072
463.205422 5.071781 3028.521923 3072
468.275411 5.069989 3029.592109 3072
473.270088 4.994677 3075.274010 3072
478.227274 4.951863 3101.863112 3072
483.154641 4.879230 3148.037824 3072
488.123072 4.847661 3168.538458 3072
493.165932 4.890521 3140.769745 3072
498.245929 4.970518 3090.221162 3072
503.329275 5.053864 3039.258560 3072
508.409687 5.080412 3023.377081 3072
513.469780 5.060093 3035.517330 3072
518.538815 5.069036 3030.162171 3072
523.607792 5.068977 3030.197247 3072
528.695331 5.087539 3019.141460 3072
533.757526 5.062194 3034.257233 3072
538.806037 5.048512 3042.480896 3072
543.877480 5.071443 3028.724010 3072
548.936694 5.059214 3036.044962 3072
554.022722 5.086028 3020.038407 3072
559.107212 5.084491 3020.951468 3072
564.196981 5.089769 3017.818811 3072
569.284044 5.087063 3019.424240 3072
574.374350 5.090306 3017.500204 3072
579.462369 5.088019 3018.856622 3072
584.575110 5.112741 3004.259621 3072
589.569298 4.994189 3075.574592 3072
594.506282 4.931172 3114.877860 3072
599.482282 4.907173 3130.111936 3072
604.435356 4.860247 3160.333417 3072
609.407898 4.832789 3178.289156 3072
614.504444 4.929335 3116.039278 3072
619.629227 5.054117 3039.106459 3072
624.731091 5.101864 3010.664197 3072
629.795762 5.064671 3032.773687 3072
634.774243 4.978482 3085.277961 3072
639.713728 4.917967 3123.241873 3072
644.657131 4.861370 3159.603232 3072
649.640031 4.844269 3170.757017 3072
654.730854 4.935093 3112.403611 3072
659.834071 5.038309 3048.641712 3072
664.829761 4.995690 3074.650604 3072
669.766707 4.932636 3113.953423 3072
674.729571 4.895500 3137.575253 3072
679.667311 4.833241 3177.992050 3072
684.623761 4.789690 3206.888320 3072
689.657439 4.823368 3184.497080 3072
694.749425 4.915354 3124.901890 3072
699.832593 4.998522 3072.908258 3072
704.917654 5.083583 3021.491202 3072
709.994172 5.076519 3025.695524 3072
715.071335 5.077163 3025.311776 3072
720.053767 4.982432 3082.831994 3072
724.990123 4.918788 3122.720654 3072
729.969193 4.897858 3136.065010 3072
735.016163 4.944829 3106.275555 3072
740.095482 5.024147 3057.235488 3072
745.153005 5.057523 3037.059951 3072
750.234744 5.081739 3022.587300 3072
755.286316 5.051572 3040.637517 3072
760.366208 5.079892 3023.686314 3072
765.423954 5.057746 3036.925860 3072
770.423342 4.999388 3072.376158 3072
775.401835 4.977881 3085.650188 3072
780.390062 4.966108 3092.965549 3072
785.345373 4.921419 3121.050928 3072
790.286282 4.862328 3158.980893 3072
795.280020 4.856066 3163.054204 3072
800.251547 4.827593 3181.709732 3072
805.253770 4.829816 3180.245167 3072
810.194745 4.770791 3219.591790 3072
815.250061 4.826107 3182.689281 3072
820.357484 4.933530 3113.389263 3072
825.461383 5.037429 3049.174243 3072
830.533821 5.072437 3028.130113 3072
835.583293 5.049472 3041.902197 3072
840.674606 5.091313 3016.903522 3072
845.764469 5.089863 3017.762886 3072
850.823240 5.058771 3036.310641 3072
855.906047 5.082807 3021.952083 3072
860.900634 4.994587 3075.329090 3072
865.864042 4.957995 3098.026438 3072
870.869177 4.963130 3094.821222 3072
875.815625 4.909578 3128.578184 3072
880.767158 4.861111 3159.771630 3072
885.733372 4.827325 3181.886610 3072
890.830111 4.924064 3119.374684 3072
895.965572 5.059525 3035.857839 3072
899.455119 3.489547 4401.717933 3072
