# AIMDClient mimuroto
1.416818 0.114072 5610.512615 256
1.626424 0.209607 6106.676215 384
1.923222 0.296798 6469.052704 512
7.025140 0.398715 6420.624307 640
12.136240 0.509816 6276.778637 768
17.223772 0.597348 6428.416068 896
22.350611 0.724186 6186.254669 1024
27.508350 0.881925 5805.479940 1280
32.896776 1.270351 5037.976557 1536
38.330847 1.704422 4505.926218 1792
44.107307 2.480882 3611.618117 2048
49.409360 2.782936 3679.567710 2048
54.893252 3.266827 3134.539579 2048
59.993500 3.367076 3041.214443 2048
64.979107 3.352683 3054.270350 2048
70.039954 3.413530 2999.827316 2048
75.081943 3.455518 2963.376193 2048
80.113167 3.486742 2936.838997 2048
85.111039 3.484615 2938.631690 2048
90.132270 3.505846 2920.835950 2048
95.158105 3.531681 2899.469256 2048
100.191897 3.565472 2871.989749 2048
105.229767 3.603343 2841.805754 2048
110.593501 3.967076 2581.246018 2048
115.622785 3.996361 2562.331386 2048
120.618656 3.992231 2564.981741 2048
125.570352 3.943927 2596.396666 2048
130.596333 3.969908 2579.404753 2048
135.621783 3.995358 2562.974200 2048
140.617951 3.991526 2565.434673 2048
145.560631 3.934206 2602.812180 2048
150.627586 4.001162 2559.256680 2048
155.624035 3.997611 2561.530068 2048
160.598744 3.972319 2577.839086 2048
165.624128 3.997703 2561.470626 2048
170.599433 3.973009 2577.391593 2048
175.631029 4.004604 2557.056593 2048
180.597395 3.970970 2578.714928 2048
185.635247 4.008822 2554.366182 2048
190.624793 3.998368 2561.044865 2048
195.613650 3.987226 2568.201586 2048
200.639376 4.012951 2551.738004 2048
205.618856 3.992432 2564.852976 2048
210.592611 3.966186 2581.825413 2048
215.620669 3.994245 2563.688718 2048
220.610601 3.984176 2570.167398 2048
225.604180 3.977755 2574.316266 2048
230.604117 3.977692 2574.357172 2048
235.596836 3.970411 2579.077880 2048
240.602584 3.976159 2575.349465 2048
245.605436 3.979011 2573.503680 2048
250.611544 3.985120 2569.558940 2048
255.635221 4.008797 2554.382379 2048
260.645248 4.018824 2548.009354 2048
265.660665 4.034241 2538.271883 2048
270.655122 4.028697 2541.764697 2048
275.669542 4.043117 2532.699218 2048
280.665383 4.038959 2535.306848 2048
285.651301 4.024876 2544.177699 2048
290.799318 4.172893 2453.932852 2048
295.737715 4.111290 2490.702405 2048
300.712123 4.085699 2506.303194 2048
305.734080 4.107655 2492.906390 2048
310.833731 4.207306 2433.861236 2048
315.804553 4.178128 2450.858281 2048
320.774617 4.148193 2468.544830 2048
325.658320 4.031896 2539.748262 2048
330.721553 4.095129 2500.531910 2048
335.757223 4.130798 2478.939746 2048
340.765623 4.139199 2473.908639 2048
345.847131 4.220707 2426.133903 2048
350.718066 4.091641 2502.663295 2048
355.864575 4.238151 2416.148071 2048
360.708803 4.082378 2508.341885 2048
365.758775 4.132350 2478.008674 2048
370.846185 4.219760 2426.678252 2048
375.706881 4.080456 2509.523276 2048
380.786537 4.160113 2461.471775 2048
385.812738 4.186313 2446.066243 2048
390.674971 4.048546 2529.302863 2048
395.751681 4.125257 2482.269853 2048
400.828812 4.202387 2436.710156 2048
405.778559 4.152135 2466.201192 2048
410.688501 4.062077 2520.877902 2048
415.733759 4.107335 2493.100999 2048
420.792136 4.165712 2458.163266 2048
425.803093 4.176668 2451.714926 2048
430.780160 4.153736 2465.250822 2048
435.766968 4.140544 2473.105131 2048
440.675137 4.048713 2529.199079 2048
445.777435 4.151010 2466.869450 2048
450.747000 4.120575 2485.090022 2048
455.774176 4.147752 2468.807325 2048
460.799452 4.173028 2453.853747 2048
465.747500 4.121075 2484.788466 2048
470.780727 4.154303 2464.914332 2048
475.774334 4.147910 2468.713186 2048
480.891163 4.264738 2401.085195 2048
485.845206 4.218782 2427.240881 2048
490.801991 4.175567 2452.361574 2048
495.765698 4.139274 2473.864058 2048
500.794995 4.168570 2456.477785 2048
505.755190 4.128766 2480.160004 2048
510.779654 4.153229 2465.551422 2048
515.785483 4.159059 2462.095645 2048
520.877487 4.251063 2408.809329 2048
525.885716 4.259291 2404.155832 2048
530.772349 4.145924 2469.895512 2048
535.707772 4.081348 2508.975256 2048
540.680232 4.053808 2526.020252 2048
545.694981 4.068556 2516.863427 2048
550.672198 4.045774 2531.036086 2048
555.744628 4.118203 2486.521283 2048
560.669803 4.043379 2532.535340 2048
565.670622 4.044197 2532.022850 2048
570.703482 4.077057 2511.615462 2048
575.719525 4.093100 2501.771118 2048
580.709344 4.082919 2508.009436 2048
585.888249 4.261825 2402.726602 2048
590.877275 4.250851 2408.929629 2048
595.727939 4.101514 2496.639025 2048
600.891840 4.265415 2400.704240 2048
605.863306 4.236881 2416.872064 2048
610.781588 4.155163 2464.403890 2048
615.828707 4.202283 2436.770818 2048
620.875452 4.249027 2409.963378 2048
625.894742 4.268318 2399.071668 2048
630.910914 4.284490 2390.016201 2048
635.705483 4.079059 2510.382912 2048
640.893340 4.266916 2399.859768 2048
645.803516 4.177091 2451.466690 2048
650.773044 4.146619 2469.481737 2048
655.885709 4.259284 2404.159876 2048
660.895633 4.269208 2398.571110 2048
665.930108 4.303684 2379.356926 2048
670.714795 4.088371 2504.665125 2048
675.873442 4.247018 2411.103731 2048
680.805529 4.179104 2450.285840 2048
685.797862 4.171437 2454.789542 2048
690.876770 4.250345 2409.216162 2048
695.896333 4.269908 2398.177938 2048
700.923411 4.296986 2383.065571 2048
705.688470 4.062045 2520.897586 2048
710.885968 4.259544 2404.013259 2048
715.871884 4.245460 2411.988618 2048
720.704190 4.077766 2511.179003 2048
725.887003 4.260578 2403.429704 2048
730.857905 4.231481 2419.956545 2048
735.756642 4.130217 2479.288405 2048
740.771630 4.145206 2470.323644 2048
745.887742 4.261318 2403.012545 2048
750.911126 4.284702 2389.897987 2048
755.770363 4.143938 2471.079252 2048
760.860006 4.233581 2418.755857 2048
765.814132 4.187707 2445.252052 2048
770.872018 4.245594 2411.912314 2048
775.875065 4.248640 2410.182899 2048
780.882777 4.256352 2405.815788 2048
785.809657 4.183232 2447.867772 2048
790.898751 4.272326 2396.820743 2048
795.806758 4.180334 2449.565302 2048
800.901642 4.275218 2395.199519 2048
805.918776 4.292351 2385.638913 2048
810.906997 4.280573 2392.203160 2048
815.907945 4.281521 2391.673644 2048
820.783186 4.156762 2463.456035 2048
825.815357 4.188932 2444.537003 2048
830.887763 4.261339 2403.000565 2048
835.925984 4.299560 2381.639270 2048
840.898934 4.272510 2396.717890 2048
845.933412 4.306987 2377.532093 2048
850.767864 4.141439 2472.570435 2048
855.886392 4.259968 2403.774202 2048
860.756915 4.130490 2479.124507 2048
865.906919 4.280495 2392.246743 2048
870.876164 4.249740 2409.559378 2048
875.871318 4.244894 2412.310077 2048
880.916800 4.290375 2386.737643 2048
885.862639 4.236214 2417.252503 2048
890.871717 4.245293 2412.083310 2048
