# AIMDClient mimuroto
1.359011 0.111090 5761.110409 256
1.623759 0.264748 4834.787145 384
1.921466 0.297706 6449.312240 512
7.025808 0.402048 6367.393008 640
12.134004 0.510244 6271.506405 768
17.219091 0.595331 6450.188576 896
22.353723 0.729964 6137.289017 1024
27.500460 0.876701 5840.078645 1280
32.896520 1.272760 5028.441319 1536
38.324869 1.701109 4514.700763 1792
44.101434 2.477674 3616.294670 2048
49.403134 2.779375 3684.281457 2048
54.892932 3.269172 3132.291231 2048
59.988071 3.364312 3043.713225 2048
64.980900 3.357140 3050.215065 2048
70.043231 3.419472 2994.614674 2048
75.082751 3.458991 2960.400476 2048
80.112002 3.488243 2935.575477 2048
85.103474 3.479715 2942.770070 2048
90.130986 3.507226 2919.686054 2048
95.159350 3.535590 2896.263218 2048
100.185071 3.561312 2875.345112 2048
105.225062 3.601303 2843.415594 2048
110.591704 3.967945 2580.681059 2048
115.621661 3.997901 2561.343889 2048
120.618916 3.995156 2563.103662 2048
125.569464 3.945704 2595.227477 2048
130.595100 3.971341 2578.474251 2048
135.620070 3.996311 2562.363167 2048
140.616438 3.992679 2564.694066 2048
145.561351 3.937592 2600.574473 2048
150.627306 4.003547 2557.732128 2048
155.623795 4.000036 2559.977206 2048
160.599532 3.975773 2575.599938 2048
165.619314 3.995555 2562.848101 2048
170.598445 3.974686 2576.304085 2048
175.630549 4.006789 2555.662220 2048
180.594922 3.971163 2578.589979 2048
185.633894 4.010135 2553.530095 2048
190.622300 3.998540 2560.934460 2048
195.611414 3.987654 2567.925589 2048
200.640164 4.016404 2549.544159 2048
205.618236 3.994477 2563.539752 2048
210.594391 3.970631 2578.934867 2048
215.621009 3.997250 2561.761260 2048
220.609604 3.985845 2569.091424 2048
225.599735 3.975975 2575.468813 2048
230.602732 3.978973 2573.528538 2048
235.595331 3.971572 2578.324106 2048
240.601904 3.978144 2574.064479 2048
245.606532 3.982773 2571.073113 2048
250.610540 3.986780 2568.488553 2048
255.635830 4.012070 2552.298281 2048
260.643092 4.019332 2547.686943 2048
265.663646 4.039886 2534.724747 2048
270.654481 4.030722 2540.487788 2048
275.666032 4.042273 2533.228209 2048
280.663611 4.039852 2534.746475 2048
285.650136 4.026377 2543.229407 2048
290.798026 4.174266 2453.125753 2048
295.735482 4.111722 2490.440492 2048
300.709438 4.085679 2506.315510 2048
305.731875 4.108116 2492.627068 2048
310.830862 4.207102 2433.979298 2048
315.800387 4.176628 2451.738534 2048
320.772845 4.149086 2468.013678 2048
325.658820 4.035061 2537.755989 2048
330.719573 4.095813 2500.113965 2048
335.757923 4.134164 2476.921863 2048
340.765083 4.141324 2472.639274 2048
345.846531 4.222772 2424.947534 2048
350.714761 4.091001 2503.054789 2048
355.863871 4.240112 2415.030773 2048
360.705990 4.082231 2508.432492 2048
365.757947 4.134187 2476.907536 2048
370.842307 4.218548 2427.375586 2048
375.706541 4.082781 2508.094241 2048
380.786977 4.163218 2459.635818 2048
385.810521 4.186762 2445.804163 2048
390.672954 4.049195 2528.897729 2048
395.750753 4.126993 2481.225247 2048
400.822802 4.199043 2438.650912 2048
405.777075 4.153316 2465.500072 2048
410.690174 4.066414 2518.189021 2048
415.732067 4.108307 2492.510691 2048
420.792857 4.169097 2456.167270 2048
425.797168 4.173409 2453.629828 2048
430.777448 4.153688 2465.278964 2048
435.767753 4.143993 2471.046543 2048
440.672128 4.048369 2529.413835 2048
445.775010 4.151251 2466.726583 2048
450.749396 4.125637 2482.041160 2048
455.772796 4.149037 2468.042758 2048
460.796403 4.172644 2454.079619 2048
465.746992 4.123232 2483.488540 2048
470.780199 4.156440 2463.646966 2048
475.772674 4.148915 2468.115403 2048
480.888798 4.265039 2400.915975 2048
485.845915 4.222155 2425.301567 2048
490.798430 4.174671 2452.887870 2048
495.763154 4.139394 2473.791992 2048
500.795863 4.172103 2454.397552 2048
505.751741 4.127982 2480.630980 2048
510.778101 4.154342 2464.891017 2048
515.782838 4.159079 2462.083755 2048
520.872810 4.249051 2409.950071 2048
525.885076 4.261316 2403.013411 2048
530.771156 4.147397 2469.018516 2048
535.708592 4.084833 2506.834554 2048
540.678620 4.054860 2525.364429 2048
545.692180 4.068420 2516.947479 2048
550.670566 4.046807 2530.390162 2048
555.745556 4.121797 2484.353515 2048
560.671464 4.047704 2529.828946 2048
565.671270 4.047511 2529.950061 2048
570.701585 4.077826 2511.141973 2048
575.719785 4.096026 2499.984432 2048
580.704883 4.081123 2509.113096 2048
585.885337 4.261577 2402.866098 2048
590.877943 4.254184 2407.042271 2048
595.726654 4.102895 2495.798829 2048
600.889395 4.265636 2400.579986 2048
605.863866 4.240107 2415.033662 2048
610.776775 4.153015 2465.678392 2048
615.827415 4.203656 2435.974967 2048
620.876200 4.252441 2408.028912 2048
625.893754 4.269995 2398.129408 2048
630.909730 4.285971 2389.190479 2048
635.701967 4.078207 2510.907139 2048
640.888727 4.264968 2400.956031 2048
645.803936 4.180176 2449.657343 2048
650.770847 4.147088 2469.202707 2048
655.886249 4.262489 2402.352027 2048
660.892340 4.268581 2398.923850 2048
665.927884 4.304124 2379.113551 2048
670.714435 4.090676 2503.253855 2048
675.872606 4.248847 2410.065870 2048
680.799948 4.176188 2451.996689 2048
685.798350 4.174590 2452.935247 2048
690.874801 4.251042 2408.821383 2048
695.893728 4.269969 2398.144072 2048
700.919462 4.295702 2383.777950 2048
705.685453 4.061693 2521.116003 2048
710.881740 4.257980 2404.896042 2048
715.866371 4.242611 2413.607796 2048
720.701022 4.077262 2511.489185 2048
725.881037 4.257278 2405.293008 2048
730.859798 4.236038 2417.352991 2048
735.755418 4.131658 2478.423852 2048
740.767618 4.143858 2471.126894 2048
745.884789 4.261029 2403.175158 2048
750.906789 4.283029 2390.831113 2048
755.767810 4.144051 2471.012119 2048
760.856469 4.232710 2419.253942 2048
765.808975 4.185215 2446.708072 2048
770.867849 4.244090 2412.767122 2048
775.876637 4.252878 2407.781477 2048
780.878672 4.254913 2406.629825 2048
785.815591 4.191831 2442.846295 2048
790.895978 4.272219 2396.881099 2048
795.807078 4.183319 2447.817271 2048
800.898842 4.275083 2395.275388 2048
805.916719 4.292960 2385.300810 2048
810.902832 4.279073 2393.041843 2048
815.904200 4.280441 2392.276972 2048
820.780413 4.156654 2463.519893 2048
825.814777 4.191017 2443.320912 2048
830.886411 4.262652 2402.260523 2048
835.923779 4.300020 2381.384233 2048
840.901980 4.278220 2393.518691 2048
845.934868 4.311109 2375.259016 2048
850.765607 4.141848 2472.326592 2048
855.876694 4.252935 2407.749138 2048
860.752641 4.128882 2480.090249 2048
865.906311 4.282552 2391.097649 2048
870.874692 4.250932 2408.883290 2048
875.871658 4.247899 2410.603446 2048
880.917956 4.294196 2384.613771 2048
885.860306 4.236547 2417.062926 2048
890.870025 4.246265 2411.530835 2048
