# AndroidClient mimuroto
1.425633 0.065449 9778.642031 5120
11.503485 10.077852 2540.223803 2048
14.385152 2.881667 3553.498293 2048
18.950119 2.446634 4185.342250 2304
24.573479 3.069994 3752.449957 2304
29.839409 3.335924 3453.316442 2304
35.214977 3.711492 3103.873178 2304
40.039903 3.536418 3257.533819 2304
45.546760 4.043275 2849.175246 2304
49.886220 3.382735 3405.528803 2304
55.629247 4.125762 2792.211562 2304
60.733420 4.229935 2723.446107 2304
65.735323 4.231838 2722.221435 2304
70.821286 4.317801 2668.024731 2304
75.890344 4.386859 2626.024536 2304
80.916136 4.412651 2610.675358 2304
85.919418 4.415933 2608.735462 2304
90.955508 4.452023 2587.587815 2304
96.002630 4.499145 2560.486235 2304
101.054977 4.551492 2531.038276 2304
106.107222 4.603737 2502.314709 2048
110.468548 3.965063 2582.556810 2048
115.508839 4.005354 2556.577732 2048
120.498352 3.994867 2563.289377 2048
125.454984 3.951499 2591.421707 2048
130.466148 3.962663 2584.120566 2048
135.496740 3.993255 2564.324012 2048
140.493519 3.990034 2566.393931 2048
145.437964 3.934479 2602.631853 2048
150.505810 4.002325 2558.512941 2048
155.507727 4.004242 2557.287943 2048
160.482013 3.978528 2573.816183 2048
165.505340 4.001856 2558.813010 2048
170.477510 3.974025 2576.732834 2048
175.504337 4.000852 2559.454734 2048
180.472147 3.968662 2580.214849 2048
185.511166 4.007681 2555.093579 2048
190.502216 3.998731 2560.812163 2048
195.492106 3.988621 2567.303342 2048
200.521562 4.018077 2548.482728 2048
205.499906 3.996421 2562.292682 2048
210.471464 3.967979 2580.658722 2048
215.502616 3.999131 2560.556476 2048
220.487906 3.984421 2570.009265 2048
225.476828 3.973344 2577.174588 2048
230.478797 3.975312 2575.898141 2048
235.475745 3.972260 2577.877697 2048
240.480012 3.976527 2575.111423 2048
245.479844 3.976359 2575.220126 2048
250.487268 3.983783 2570.421081 2048
255.511641 4.008156 2554.791057 2048
260.516508 4.013023 2551.692095 2048
265.542714 4.039229 2535.137313 2048
270.531984 4.028499 2541.889827 2048
275.552090 4.048605 2529.266099 2048
280.551176 4.047691 2529.837148 2048
285.524214 4.020729 2546.801640 2048
290.673495 4.170010 2455.629552 2048
295.590906 4.087421 2505.247184 2048
300.545318 4.041833 2533.504121 2048
305.577133 4.073649 2513.717099 2048
310.675997 4.172512 2454.157235 2048
315.602861 4.099376 2497.940860 2048
320.562100 4.058615 2523.028322 2048
325.458929 3.955444 2588.837025 2048
330.542618 4.039133 2535.197679 2048
335.607498 4.104013 2495.118637 2048
340.614561 4.111076 2490.832172 2048
345.686294 4.182809 2448.115842 2048
350.562318 4.058833 2522.892645 2048
355.713778 4.210293 2432.134726 2048
360.558501 4.055016 2525.267241 2048
365.612222 4.108737 2492.249919 2048
370.721024 4.217539 2427.956194 2048
375.572304 4.068819 2516.700631 2048
380.638757 4.135272 2476.258000 2048
385.644772 4.141287 2472.661495 2048
390.528770 4.025285 2543.919507 2048
395.582411 4.078926 2510.464898 2048
400.680324 4.176839 2451.614709 2048
405.604224 4.100739 2497.110899 2048
410.531169 4.027684 2542.403745 2048
415.578963 4.075478 2512.588466 2048
420.634910 4.131425 2478.563580 2048
425.636089 4.132604 2477.856610 2048
430.637522 4.134038 2476.997354 2048
435.608314 4.104829 2494.622834 2048
440.536616 4.033131 2538.970523 2048
445.620100 4.116615 2487.480436 2048
450.580372 4.076887 2511.720436 2048
455.621429 4.117944 2486.677576 2048
460.689922 4.186437 2445.994159 2048
465.584535 4.081050 2509.158034 2048
470.628685 4.125200 2482.303837 2048
475.622214 4.118729 2486.203803 2048
480.743056 4.239571 2415.338943 2048
485.731533 4.228048 2421.921566 2048
490.683342 4.179857 2449.844389 2048
495.610727 4.107243 2493.156891 2048
500.632201 4.128716 2480.190012 2048
505.596718 4.093233 2501.689863 2048
510.633148 4.129663 2479.621231 2048
515.632175 4.128690 2480.205306 2048
520.713351 4.209866 2432.381593 2048
525.749701 4.246216 2411.558856 1792
529.272903 2.769418 3235.336812 1792
534.513097 3.009612 2977.127666 1792
539.470297 2.966812 3020.076904 1792
544.520426 3.016941 2969.895304 1792
549.487761 2.984276 3002.403479 1792
554.523129 3.019644 2967.237168 1792
559.464604 2.961119 3025.883553 1792
564.480762 2.977277 3009.461204 1792
569.492989 2.989504 2997.152380 1792
574.520575 3.017091 2969.748464 1792
579.508294 3.004809 2981.886806 2048
585.732257 4.228772 2421.506822 2048
590.723393 4.219908 2426.593271 1792
594.519524 3.016039 2970.783977 2048
600.733318 4.229833 2420.899096 2048
605.707089 4.203604 2436.004842 1792
609.258590 2.755105 3252.145152 2048
615.688365 4.184880 2446.904215 2048
620.718184 4.214699 2429.592371 2048
625.726353 4.222868 2424.892276 2048
630.751538 4.248053 2410.516118 1792
634.503933 3.000448 2986.220830 2048
640.733764 4.230279 2420.644074 1792
644.281227 2.777742 3225.641702 2048
650.643995 4.140510 2473.125123 2048
655.739778 4.236293 2417.207653 2048
660.748882 4.245397 2412.024107 2048
665.769420 4.265935 2400.411428 1792
669.520450 3.016965 2969.871665 2048
675.710480 4.206995 2434.041314 1792
679.286912 2.783427 3219.053484 2048
685.664323 4.160838 2461.042878 2048
690.716370 4.212885 2430.638314 2048
695.743096 4.239611 2415.315795 2048
700.764640 4.261155 2403.104571 1792
704.508754 3.005269 2981.429962 2048
710.719947 4.216462 2428.576563 2048
715.714515 4.211030 2431.709241 1792
719.471647 2.968162 3018.703023 2048
725.730379 4.226894 2422.582683 2048
730.702725 4.199240 2438.536753 1792
734.258669 2.755184 3252.051693 2048
740.635754 4.132269 2478.057692 2048
745.729857 4.226372 2422.881616 2048
750.741245 4.237760 2416.370705 1792
754.250292 2.746807 3261.969394 2048
760.705621 4.202136 2436.855694 2048
765.689206 4.185721 2446.412703 2048
770.713743 4.210258 2432.155157 2048
775.710806 4.207321 2433.852791 2048
780.734629 4.231144 2420.149506 1792
784.300528 2.797043 3203.383379 2048
790.747651 4.244167 2412.723431 2048
795.663988 4.160503 2461.240693 2048
800.752768 4.249283 2409.818553 2048
805.770220 4.266735 2399.961540 2048
810.754089 4.250604 2409.069327 2048
815.748667 4.245182 2412.146433 1792
819.272350 2.768865 3235.983071 2048
825.679861 4.176376 2451.886645 2048
830.730842 4.227357 2422.317087 2048
835.770754 4.267270 2399.660936 2048
840.741494 4.238009 2416.229019 2048
845.776782 4.273297 2396.276450 1792
849.271714 2.768229 3236.726345 2048
855.728799 4.225314 2423.488365 2048
860.622954 4.119469 2485.757228 2048
865.758170 4.254685 2406.758876 2048
870.719674 4.216189 2428.733476 2048
875.707905 4.204420 2435.531857 2048
880.756957 4.253472 2407.445091 2048
885.705503 4.202018 2436.924158 2048
890.715807 4.212322 2430.963368 1792
893.614193 2.110708 4245.021588 2048
899.220364 2.716879 3769.030660 2048
