# VLDDashClient mimuroto
1.411476 0.324391 1972.925384 1792
4.468591 3.057114 2930.868532 2816
6.878555 2.409964 5842.410603 3840
12.961396 6.082841 3156.419730 3584
21.066779 4.188225 4278.662690 3584
26.319244 4.440689 4035.409491 3584
31.452964 4.574409 3917.445739 3840
39.858594 7.980039 2406.003329 3328
48.830058 6.951504 2393.726719 3072
55.535805 6.705746 2290.572860 3072
61.435306 5.899501 2603.609876 3072
67.713619 6.278313 2446.517131 2816
73.455882 5.742263 2451.994859 2816
79.269235 5.813353 2422.010041 2816
85.118216 5.848981 2407.257018 2816
90.722797 5.604581 2512.230698 2816
96.211674 5.488877 2565.187539 2816
101.262305 5.050630 2787.770778 2816
106.302850 5.040545 2793.348494 2816
111.379604 5.076754 2773.425840 2816
116.512352 5.132748 2743.170018 2816
121.670592 5.158241 2729.612857 2816
126.790997 5.120405 2749.782750 2816
132.034389 5.243393 2685.284381 2816
137.352557 5.318168 2647.528476 2560
141.799815 4.447257 2878.178293 2560
146.622255 4.269698 2997.869789 2816
152.170298 4.817741 2922.531382 2816
157.344054 4.991497 2820.797067 2816
162.558215 5.205658 2704.749411 2816
167.715032 5.156817 2730.366212 2816
173.009438 5.294406 2659.410855 2560
177.413791 4.404353 2906.215875 2560
182.219761 4.210323 3040.146626 2816
187.975403 4.965965 2835.300154 2816
193.279237 5.269799 2671.828662 2816
198.493966 5.214729 2700.044627 2560
202.822533 4.328567 2957.098473 2816
208.343450 4.849485 2903.401140 2816
213.526520 5.032555 2797.783814 2816
218.777331 5.250811 2681.490631 2560
223.043582 4.266251 3000.292088 2816
228.791942 5.014611 2807.795288 2816
234.091838 5.299896 2656.655779 2560
238.470671 4.378833 2923.153450 2816
244.113539 5.021701 2803.830578 2816
249.407244 5.293705 2659.763108 2560
253.673247 4.266003 3000.466695 2560
258.502576 4.095332 3125.509692 2816
264.607833 5.200589 2707.385781 2816
270.074461 5.466628 2575.627913 2560
274.776531 4.702070 2722.205219 2560
279.643518 4.569057 2801.453426 2560
284.400762 4.326301 2958.647466 2560
288.872889 3.798428 3369.815016 2816
294.202246 4.127785 3411.030380 2816
299.361371 4.286910 3284.416811 2816
304.661094 4.586633 3069.790095 2816
309.972412 4.897952 2874.671075 2816
315.224491 5.150030 2733.964675 2816
320.330436 5.105945 2757.569832 2816
325.620398 5.289962 2661.644820 2816
330.716845 5.096447 2762.708813 2816
335.756149 5.039304 2794.036871 2816
340.861769 5.105621 2757.745014 2816
345.950760 5.088991 2766.756871 2816
351.078161 5.127401 2746.030678 2816
356.119993 5.041832 2792.635628 2816
361.259775 5.139782 2739.415833 2816
366.235442 4.975667 2829.771615 2816
371.334451 5.074676 2774.561441 2816
376.168708 4.834257 2912.546836 2816
381.081230 4.746779 2966.222050 2816
385.963171 4.628720 3041.877527 2816
390.790828 4.456377 3159.517068 2816
396.092787 4.758336 2959.017673 2816
401.199274 4.864823 2894.246903 2816
406.260215 4.925764 2858.439764 2816
411.367586 5.033135 2797.461391 2816
416.458870 5.091285 2765.510155 2816
421.390805 4.931935 2854.863340 2816
426.301035 4.842165 2907.790369 2816
431.343272 4.884402 2882.645896 2816
436.202112 4.743242 2968.433861 2816
441.122684 4.663814 3018.988384 2816
446.012172 4.553301 3092.261924 2816
450.957173 4.498303 3130.069206 2816
455.874895 4.416024 3188.388367 2816
460.851010 4.392139 3205.727169 2816
465.911358 4.452487 3162.277431 2816
470.987821 4.528950 3108.888229 2816
475.914182 4.455311 3160.272972 2816
480.814167 4.355296 3232.845496 2816
485.894134 4.435264 3174.557513 2816
490.936151 4.477281 3144.765778 2816
496.023769 4.564899 3084.405910 2816
501.081818 4.622947 3045.676094 2816
505.954268 4.495397 3132.092558 2816
510.902314 4.443444 3168.713440 2816
515.795269 4.336399 3246.933637 2816
520.809641 4.350770 3236.208572 2816
525.793546 4.334676 3248.224493 2816
530.749084 4.290214 3281.887828 2816
535.809549 4.350678 3236.276877 2816
540.821006 4.362136 3227.776535 2816
545.768075 4.309205 3267.424279 2816
550.793412 4.334542 3248.324835 2816
555.780644 4.321773 3257.921980 2816
560.796919 4.338049 3245.698721 2816
565.748951 4.290080 3281.989784 2816
570.840961 4.382091 3213.078252 2816
575.763648 4.304777 3270.784721 2816
580.784608 4.325738 3254.935894 2816
585.776620 4.317749 3260.958232 2816
590.838793 4.379923 3214.668701 2816
595.772189 4.313318 3264.308005 2816
600.763539 4.304668 3270.867481 2816
605.774021 4.315150 3262.922331 2816
610.806190 4.347319 3238.777414 2816
615.774703 4.315833 3262.406306 2816
620.795003 4.336132 3247.133328 2816
625.865236 4.406365 3195.377235 2816
630.789657 4.330786 3251.141688 2816
635.787128 4.328257 3253.041305 2816
640.795845 4.336974 3246.503010 2816
645.763230 4.304360 3271.101841 2816
650.773578 4.314708 3263.257087 2816
655.802619 4.343748 3241.440017 2816
660.801373 4.342503 3242.369843 2816
665.814130 4.355260 3232.872518 2816
670.768590 4.309720 3267.033940 2816
675.790580 4.331709 3250.449108 2816
680.799588 4.340717 3243.703671 2816
685.783732 4.324861 3255.595647 2816
690.806068 4.347198 3238.867827 2816
695.793539 4.334669 3248.229910 2816
700.763466 4.304596 3270.922662 2816
705.791924 4.333054 3249.440411 2816
710.749732 4.290861 3281.392504 2816
715.787233 4.328363 3252.962123 2816
720.901860 4.442989 3169.037663 2816
725.917675 4.458804 3157.797331 2816
730.979082 4.520212 3114.898168 2816
736.049222 4.590352 3067.302871 2816
741.149741 4.690871 3001.574777 2816
746.212296 4.753426 2962.074334 2816
751.325256 4.866386 2893.317560 2816
756.293376 4.834506 2912.397006 2816
761.286428 4.827557 2916.588939 2816
766.253397 4.794526 2936.682200 2816
771.283106 4.824236 2918.597109 2816
776.326824 4.867953 2892.386004 2816
781.321040 4.862169 2895.826784 2816
786.466884 5.008014 2811.493871 2816
791.403248 4.936364 2852.302014 2816
796.393038 4.926154 2858.213705 2816
801.540608 5.073724 2775.081985 2816
806.623877 5.083269 2769.871237 2816
811.754068 5.130191 2744.536964 2816
816.899152 5.145083 2736.593108 2816
822.115961 5.216809 2698.967635 2816
827.221690 5.105729 2757.686667 2816
832.392105 5.170415 2723.185691 2816
837.587661 5.195556 2710.008487 2816
842.799079 5.211418 2701.759699 2816
848.029965 5.230886 2691.704720 2816
853.281832 5.251867 2680.951434 2816
858.449441 5.167609 2724.664194 2816
863.706481 5.257040 2678.313053 2816
868.920377 5.213896 2700.475792 2816
874.153516 5.233138 2690.546193 2816
879.283413 5.129897 2744.694402 2816
884.464733 5.181320 2717.454283 2816
888.882137 4.417404 3187.392427 2816
892.919010 3.454277 4076.106216 2816
895.564940 1.100207 12797.589786 2816
900.578108 1.113375 12646.229513 2816
905.573401 1.108668 12699.920775 2816
910.579656 1.114924 12628.665365 2816
915.585984 1.121251 12557.400534 2816
