# VLDDashClient mimuroto
1.261859 0.240668 2659.264646 2560
5.273725 4.011867 3190.534851 3072
9.512644 4.238919 3623.565591 3328
13.453380 3.940736 4222.561662 3584
15.935503 1.422859 12594.359596 4352
25.141434 5.628790 3865.839837 4352
36.558922 7.046278 3088.155194 3840
43.179466 3.666822 5236.142361 4096
54.520356 10.007712 2046.421884 3584
62.372095 7.851739 2282.296933 3328
70.215882 7.843788 2121.424107 3072
76.282730 6.066848 2531.792493 3072
82.580895 6.298165 2438.805621 3072
89.433170 6.852275 2241.591390 2816
95.294532 5.861363 2402.171802 2816
100.835877 5.541345 2540.899414 2816
105.887195 5.051317 2787.391631 2816
110.952195 5.065000 2779.861806 2816
116.048676 5.096481 2762.690316 2816
121.138405 5.089729 2766.355497 2816
126.202536 5.064130 2780.339131 2816
131.293600 5.091065 2765.629855 2816
136.398145 5.104545 2758.326426 2816
141.669638 5.271493 2670.970003 2816
146.691256 5.021618 2803.877354 2816
151.522250 4.830994 2914.514027 2816
156.684215 4.992960 2819.970643 2816
161.821990 5.130734 2744.246682 2816
166.933108 5.111118 2754.778929 2816
172.236367 5.303259 2654.971114 2816
177.649885 5.413518 2600.896611 2816
182.768880 5.118995 2750.539842 2816
187.711437 4.942557 2848.727656 2816
193.021701 5.252821 2680.464469 2816
198.241707 5.220007 2697.314568 2816
203.505128 5.263421 2675.066423 2816
208.351608 4.846480 2905.201125 2816
213.543648 5.038520 2794.471557 2816
218.797256 5.253609 2680.062604 2816
223.989662 5.192405 2711.652629 2816
228.995371 5.005709 2812.788128 2816
234.295270 5.299899 2656.654543 2816
239.629444 5.334174 2639.583785 2816
244.660315 5.030871 2798.720301 2816
249.943158 5.282843 2665.231672 2816
255.145608 5.202450 2706.417246 2816
260.158415 5.012807 2808.805494 2816
265.370976 5.212561 2701.167532 2816
270.746665 5.375689 2619.198975 2560
275.508713 4.762048 2687.919153 2560
280.456541 4.709876 2717.693688 2560
285.360173 4.613508 2774.461141 2560
290.258269 4.511604 2837.128547 2560
295.264349 4.517685 2833.309764 2560
300.260130 4.513465 2835.958663 2560
305.318682 4.572018 2799.639309 2560
310.345917 4.599252 2783.061281 2560
315.365197 4.618533 2771.443049 2560
320.426784 4.680119 2734.973025 2560
325.406006 4.659341 2747.169609 2560
330.425229 4.678564 2735.882298 2560
335.408854 4.662189 2745.491457 2560
340.391011 4.644346 2756.039171 2560
345.394937 4.648272 2753.711365 2560
350.416372 4.669707 2741.071120 2560
355.335926 4.589261 2789.120072 2560
360.436034 4.689369 2729.578074 2560
365.312738 4.566073 2803.284326 2560
370.339110 4.592445 2787.186457 2560
375.298554 4.551889 2812.019211 2560
379.976359 4.229694 3026.223689 2560
384.689016 3.942351 3246.793866 2560
389.235258 3.488593 3669.101256 2816
394.541092 3.794427 3710.705233 2816
400.498419 4.751754 2963.116474 2816
405.640138 4.893474 2877.301708 2816
410.730847 4.984182 2824.936908 2816
415.825356 5.078691 2772.367979 2816
420.811801 4.986445 2823.654865 2816
425.735615 4.910259 2867.465606 2816
430.729891 4.904536 2870.812025 2816
435.674738 4.849382 2903.462867 2816
440.556777 4.731421 2975.850217 2816
445.479741 4.654385 3025.103970 2816
450.275331 4.449975 3164.062779 2816
455.111634 4.286279 3284.900821 2816
459.887784 4.062428 3465.907383 2816
464.654752 3.829396 3676.819737 2816
469.933832 4.108477 3427.061088 2816
475.185976 4.360621 3228.898094 2816
479.944377 4.119022 3418.287376 2816
484.670170 3.844815 3662.075175 2816
489.911096 4.085740 3446.132299 2816
495.069307 4.243951 3317.663366 2816
500.292756 4.467400 3151.721008 2816
505.390671 4.565315 3084.124241 2816
510.159973 4.334617 3248.268661 2816
514.957037 4.131681 3407.813728 2816
519.780557 3.955201 3559.869485 2816
524.785181 3.959825 3555.712537 2816
529.606533 3.781177 3723.707974 2816
534.721486 3.896130 3613.842296 2816
539.783792 3.958436 3556.960434 2816
544.747556 3.922201 3589.821508 2816
549.658397 3.833041 3673.323303 2816
554.669654 3.844298 3662.567058 2816
559.840285 4.014929 3506.911265 2816
564.687608 3.862252 3645.541421 2816
569.752751 3.927395 3585.073167 2816
574.719654 3.894298 3615.542497 2816
579.753335 3.927979 3584.540599 2816
584.803979 3.978624 3538.912357 2816
589.826242 4.000886 3519.220698 2816
594.763474 3.938118 3575.311786 2816
599.657064 3.831709 3674.600962 2816
604.705466 3.880110 3628.763096 2816
609.768655 3.943299 3570.614289 2816
614.636120 3.810764 3694.797242 2816
619.793168 3.967812 3548.554973 2816
624.785675 3.960320 3555.268691 2816
629.873988 4.048632 3477.717960 2816
634.741151 3.915795 3595.693479 2816
639.743439 3.918083 3593.594187 2816
644.625773 3.800417 3704.856597 2816
649.645111 3.819755 3686.099817 2816
654.753281 3.927925 3584.589391 2816
659.733258 3.907902 3602.955887 2816
664.775304 3.949948 3564.603657 2816
669.607315 3.781959 3722.937970 2816
674.729399 3.904043 3606.517576 2816
679.702485 3.877129 3631.552947 2816
684.589711 3.764355 3740.348542 2816
689.822013 3.996658 3522.943710 2816
694.740246 3.914891 3596.524384 2816
699.580200 3.754844 3749.823080 2816
704.700435 3.875079 3633.474332 2816
709.611921 3.786565 3718.409337 2816
714.683777 3.858422 3649.160448 3072
720.383436 4.558080 3369.840076 3072
725.460983 4.635628 3313.467158 3072
730.475920 4.650564 3302.824961 3072
735.568747 4.743391 3238.189741 3072
740.655161 4.829806 3180.252160 3072
745.737863 4.912507 3126.712966 3072
750.818995 4.993639 3075.913141 3072
755.919565 5.094209 3015.188457 3072
760.947787 5.028222 3054.757569 3072
765.965006 5.017219 3061.457174 3072
770.967101 5.002095 3070.713097 3072
776.033450 5.066349 3031.768808 3072
781.156545 5.123095 2998.187686 3072
786.396063 5.239518 2931.567458 3072
791.962400 5.566337 2759.445068 3072
797.886048 5.923648 2592.996758 2816
803.023960 5.137912 2740.412773 2816
808.138380 5.114421 2753.000069 2816
813.357927 5.219547 2697.552036 2816
818.568474 5.210547 2702.211709 2816
823.761072 5.192598 2711.551986 2816
828.882802 5.121730 2749.071133 2816
834.052144 5.169342 2723.751005 2816
839.261685 5.209541 2702.733133 2816
844.468513 5.206827 2704.141900 2816
849.693873 5.225360 2694.551192 2816
854.946126 5.252253 2680.754338 2816
860.122781 5.176656 2719.902695 2816
865.321590 5.198809 2708.312704 2816
870.526916 5.205325 2704.922189 2816
875.634625 5.107710 2756.617165 2816
880.672200 5.037575 2794.995732 2816
885.601334 4.929134 2856.485333 2816
890.539961 4.867761 2892.500462 2816
893.953366 3.281166 4291.157978 2816
896.788651 1.116451 12611.394681 2816
901.782075 1.109875 12686.117110 2816
906.783663 1.111463 12667.984248 3072
911.880181 1.207981 12715.435290 3072
916.877619 1.205419 12742.453662 3072
921.911730 1.239530 12391.796995 3072
926.888928 1.216728 12624.017686 3072
