# AndroidClient mimuroto
1.227072 0.128000  1.498927 0.128000 
1.498927 1.792000  4.490249 1.792000 
6.498927 2.304000  9.925326 2.304000 
11.498927 2.304000  14.296875 2.304000 
16.498927 2.560000  19.668397 2.560000 
21.498927 2.816000  25.725395 2.816000 
26.498927 2.816000  30.272451 2.816000 
31.498927 2.816000  36.187905 2.816000 
36.498927 2.560000  40.477138 2.560000 
41.498927 2.560000  46.080903 2.560000 
46.498927 2.560000  51.416699 2.560000 
51.498927 2.560000  56.432856 2.560000 
56.498927 2.304000  61.049067 2.304000 
61.498927 2.304000  66.056729 2.304000 
66.498927 2.304000  71.104049 2.304000 
71.498927 2.304000  76.122834 2.304000 
76.498927 2.304000  81.123358 2.304000 
81.498927 2.304000  86.116063 2.304000 
86.498927 2.304000  91.110606 2.304000 
91.498927 2.304000  96.174521 2.304000 
96.498927 2.048000  100.665932 2.048000 
101.498927 2.048000  105.670456 2.048000 
106.498927 2.048000  110.675681 2.048000 
111.498927 2.048000  115.704266 2.048000 
116.498927 2.048000  120.689741 2.048000 
121.498927 2.048000  125.666551 2.048000 
126.498927 2.048000  130.695044 2.048000 
131.498927 2.048000  135.695268 2.048000 
136.498927 2.048000  140.732682 2.048000 
141.498927 2.048000  145.599827 2.048000 
146.498927 2.048000  150.523905 2.048000 
151.498927 2.048000  155.581667 2.048000 
156.498927 2.048000  160.673628 2.048000 
161.498927 2.048000  165.653307 2.048000 
166.498927 2.048000  170.704974 2.048000 
171.498927 2.048000  175.728349 2.048000 
176.498927 2.048000  180.640464 2.048000 
181.498927 2.048000  185.559918 2.048000 
186.498927 2.048000  190.689116 2.048000 
191.498927 2.048000  195.679918 2.048000 
196.498927 2.048000  200.711114 2.048000 
201.498927 2.048000  205.554975 2.048000 
206.498927 2.048000  210.594609 2.048000 
211.498927 2.048000  215.689098 2.048000 
216.498927 2.048000  220.680305 2.048000 
221.498927 2.048000  225.563665 2.048000 
226.498927 2.048000  230.692491 2.048000 
231.498927 2.048000  235.712826 2.048000 
236.498927 2.048000  240.603559 2.048000 
241.498927 2.048000  245.705163 2.048000 
246.498927 2.048000  250.695005 2.048000 
251.498927 2.048000  255.597737 2.048000 
256.498927 2.048000  260.614614 2.048000 
261.498927 2.048000  265.740023 2.048000 
266.498927 2.048000  270.750786 2.048000 
271.498927 2.048000  275.751267 2.048000 
276.498927 2.048000  280.707287 2.048000 
281.498927 2.048000  285.619447 2.048000 
286.498927 2.048000  290.523775 2.048000 
291.498927 2.048000  295.549916 2.048000 
296.498927 2.048000  300.596939 2.048000 
301.498927 2.048000  305.653018 2.048000 
306.498927 2.048000  310.689084 2.048000 
311.498927 2.048000  315.675110 2.048000 
316.498927 2.048000  320.715274 2.048000 
321.498927 2.048000  325.706837 2.048000 
326.498927 2.048000  330.707795 2.048000 
331.498927 2.048000  335.696831 2.048000 
336.498927 2.048000  340.712143 2.048000 
341.498927 2.048000  345.719468 2.048000 
346.498927 2.048000  350.729481 2.048000 
351.498927 2.048000  355.685659 2.048000 
356.498927 2.048000  360.735528 2.048000 
361.498927 2.048000  365.657568 2.048000 
366.498927 2.048000  370.706381 2.048000 
371.498927 2.048000  375.578856 2.048000 
376.498927 2.048000  380.539005 2.048000 
381.498927 2.048000  385.491782 2.048000 
386.498927 2.048000  390.399849 2.048000 
391.498927 2.048000  395.557464 2.048000 
396.498927 2.048000  400.607946 2.048000 
401.498927 2.048000  405.635649 2.048000 
406.498927 2.048000  410.635583 2.048000 
411.498927 1.792000  415.086568 1.792000 
416.498927 1.792000  420.117074 1.792000 
421.498927 1.792000  425.081656 1.792000 
426.498927 1.792000  430.140458 1.792000 
431.498927 1.792000  435.069547 1.792000 
436.498927 1.792000  440.092615 1.792000 
441.498927 1.792000  445.067807 1.792000 
446.498927 1.792000  450.097454 1.792000 
451.498927 1.792000  455.090502 1.792000 
456.498927 1.792000  460.064278 1.792000 
461.498927 1.792000  465.014457 1.792000 
466.498927 1.792000  470.048073 1.792000 
471.498927 1.792000  475.109055 1.792000 
476.498927 1.792000  480.051257 1.792000 
481.498927 1.792000  485.002431 1.792000 
486.498927 1.792000  490.045198 1.792000 
491.498927 1.792000  495.068898 1.792000 
496.498927 1.792000  500.066833 1.792000 
501.498927 1.792000  505.067405 1.792000 
506.498927 1.792000  510.072180 1.792000 
511.498927 1.792000  515.047420 1.792000 
516.498927 1.792000  520.053274 1.792000 
521.498927 1.792000  525.028181 1.792000 
526.498927 1.792000  529.979114 1.792000 
531.498927 1.792000  535.045114 1.792000 
536.498927 1.792000  540.067216 1.792000 
541.498927 1.792000  545.008615 1.792000 
546.498927 1.792000  550.018166 1.792000 
551.498927 1.792000  555.016766 1.792000 
556.498927 1.792000  560.029104 1.792000 
561.498927 1.792000  564.986213 1.792000 
566.498927 1.792000  570.069615 1.792000 
571.498927 1.792000  574.999963 1.792000 
576.498927 1.792000  580.026097 1.792000 
581.498927 1.792000  585.026485 1.792000 
586.498927 1.792000  590.060422 1.792000 
591.498927 1.792000  595.019740 1.792000 
596.498927 1.792000  600.010754 1.792000 
601.498927 1.792000  605.019527 1.792000 
606.498927 1.792000  610.044251 1.792000 
611.498927 1.792000  615.012057 1.792000 
616.498927 1.792000  620.027359 1.792000 
621.498927 1.792000  625.070791 1.792000 
626.498927 1.792000  630.031038 1.792000 
631.498927 1.792000  635.004151 1.792000 
636.498927 1.792000  640.033042 1.792000 
641.498927 1.792000  644.986557 1.792000 
646.498927 1.792000  650.007369 1.792000 
651.498927 1.792000  655.048431 1.792000 
656.498927 1.792000  660.036530 1.792000 
661.498927 1.792000  665.055406 1.792000 
666.498927 1.792000  670.009651 1.792000 
671.498927 1.792000  675.034604 1.792000 
676.498927 1.792000  680.032138 1.792000 
681.498927 1.792000  685.031692 1.792000 
686.498927 1.792000  690.063531 1.792000 
691.498927 1.792000  695.018389 1.792000 
696.498927 1.792000  700.001649 1.792000 
701.498927 1.792000  705.016596 1.792000 
706.498927 1.792000  709.992024 1.792000 
711.498927 1.792000  715.018468 1.792000 
716.498927 1.792000  720.038035 1.792000 
721.498927 1.792000  725.020235 1.792000 
726.498927 1.792000  730.033064 1.792000 
731.498927 1.792000  735.019210 1.792000 
736.498927 1.792000  740.050578 1.792000 
741.498927 1.792000  745.044924 1.792000 
746.498927 1.792000  750.081879 1.792000 
751.498927 1.792000  755.039855 1.792000 
756.498927 1.792000  760.014830 1.792000 
761.498927 1.792000  764.999973 1.792000 
766.498927 1.792000  770.041803 1.792000 
771.498927 1.792000  775.038098 1.792000 
776.498927 1.792000  780.045483 1.792000 
781.498927 1.792000  785.043052 1.792000 
786.498927 1.792000  790.020135 1.792000 
791.498927 1.792000  795.023243 1.792000 
796.498927 1.792000  800.066137 1.792000 
801.498927 1.792000  805.058802 1.792000 
806.498927 1.792000  810.092968 1.792000 
811.498927 1.792000  815.099629 1.792000 
816.498927 1.792000  820.084071 1.792000 
821.498927 1.792000  825.062531 1.792000 
826.498927 1.792000  830.071017 1.792000 
831.498927 1.792000  835.106001 1.792000 
836.498927 1.792000  840.114564 1.792000 
841.498927 1.792000  845.082038 1.792000 
846.498927 1.792000  850.109424 1.792000 
851.498927 1.792000  855.075389 1.792000 
856.498927 1.792000  860.106714 1.792000 
861.498927 1.792000  865.094740 1.792000 
866.498927 1.792000  870.111145 1.792000 
871.498927 1.792000  875.065056 1.792000 
876.498927 1.792000  880.078653 1.792000 
881.498927 1.792000  885.062078 1.792000 
886.498927 1.792000  889.994048 1.792000 
891.498927 1.792000  893.694841 1.792000 
