# AndroidClient mimuroto
121.046383 0.041665 15360.614424 5120
126.794758 5.698375 4492.508502 4352
131.454526 4.609767 4442.740444 4352
136.088187 4.633662 4419.830687 4352
141.007106 4.918918 4423.736786 4352
145.663002 4.655897 4398.722890 4352
150.501160 4.838158 4497.579749 4352
156.453826 5.952666 3655.505166 4096
161.134611 4.680785 3554.959129 4096
165.813854 4.679243 3556.130958 4096
170.467323 4.653470 3575.826554 4096
175.595101 5.127778 3494.691155 3840
180.664028 5.068927 3535.265020 3840
186.575174 5.911146 3031.561081 3840
191.290742 4.715568 2985.854307 3840
196.080143 4.789400 2939.825301 3584
200.355080 4.274937 2994.195862 3584
205.952961 5.597880 2972.553636 3584
210.733695 4.780735 2945.154096 3584
215.888758 5.155063 2979.594906 3584
220.645079 4.756321 2960.271415 3584
225.816627 5.171548 2970.097377 3328
230.493670 4.677043 3010.448909 3328
236.106011 5.612341 2964.894727 3328
240.870025 4.764014 2955.490598 3328
245.705459 4.835433 2911.838331 3328
250.861682 5.156223 2978.924653 3328
255.632712 4.771030 2951.144718 3328
260.847161 5.214449 2945.661140 3328
265.559264 4.712103 2988.050012 3328
270.806714 5.247450 2927.135830 3328
276.034860 5.228146 2937.944246 3328
280.357588 4.322729 2961.092625 3328
285.858193 5.500605 3025.121867 3328
290.537462 4.679269 3009.017237 3328
295.649959 5.112497 3004.402614 3072
300.885545 5.235586 2933.769035 3072
306.015660 5.130115 2994.084831 3072
310.779499 4.763839 2955.599607 3072
315.430728 4.651229 3027.156717 3072
320.681333 5.250604 2925.377499 3072
325.457796 4.776464 2947.787555 3072
330.673442 5.215646 2944.985135 3072
335.459939 4.786497 2941.608665 3072
340.660729 5.200790 2953.397405 3072
345.800520 5.139791 2988.448222 3072
351.036211 5.235690 2933.710621 3072
355.478769 4.442558 2881.222943 3072
360.708380 5.229612 2937.120510 3072
365.526544 4.818164 2922.274960 3072
370.343853 4.817309 2922.793861 3072
375.549466 5.205613 2950.661209 3072
380.716056 5.166590 2972.947326 3072
385.780806 5.064751 3032.725838 3072
390.415090 4.634283 3038.226131 3072
395.592180 5.177090 2966.917560 3072
400.648075 5.055895 3038.037779 3072
405.804510 5.156435 2978.802287 3072
410.489062 4.684552 3005.623588 3072
415.582256 5.093195 3015.788853 3072
420.772596 5.190340 2959.343788 3072
425.415452 4.642856 3032.616272 3072
430.477512 5.062060 3034.337947 3072
435.669555 5.192044 2958.372725 3072
440.484335 4.814779 2924.329310 3072
445.146426 4.662091 3020.103847 3072
450.295986 5.149560 2982.779351 3072
455.406639 5.110654 3005.486224 3072
460.627030 5.220391 2942.308500 3072
465.319502 4.692471 3000.551094 3072
470.417526 5.098024 3012.931957 3072
475.435824 5.018298 3060.798463 3072
480.595095 5.159271 2977.164721 3072
485.703767 5.108672 3006.652170 3072
490.750908 5.047141 3043.307346 3072
495.281820 4.530912 3107.541979 3072
500.355131 5.073311 3027.608408 3072
505.390841 5.035709 3050.215833 3072
510.477155 5.086315 3019.868273 3072
515.574321 5.097165 3013.439592 3072
520.542790 4.968469 3091.495380 3072
525.698509 5.155719 2979.215782 3072
530.716490 5.017981 3060.992014 3072
535.839590 5.123100 2998.184890 3072
540.456381 4.616791 3049.737212 3072
545.531443 5.075062 3026.564034 3072
550.592454 5.061011 3034.966871 3072
555.549860 4.957406 3098.394802 3072
560.709569 5.159710 2976.911677 3072
565.810637 5.101068 3011.134422 3072
570.523727 4.713090 2987.424185 3072
575.672563 5.148836 2983.198582 3072
580.261082 4.588519 3068.528398 3072
585.293868 5.032786 3051.987422 3072
590.244836 4.950969 3102.423282 3072
595.358275 5.113439 3003.849520 3072
600.505551 5.147276 2984.102601 3072
605.190732 4.685181 3005.219940 3072
610.244645 5.053913 3039.229211 3072
615.300774 5.056128 3037.897590 3072
620.280487 4.979713 3084.514849 3072
625.383702 5.103215 3009.867172 3072
630.422962 5.039260 3048.066860 2816
635.184778 4.761816 2956.855180 2816
639.839705 4.654927 3024.752056 2816
644.436802 4.597097 3062.802393 2816
648.995513 4.558712 3088.591929 2816
653.643946 4.648432 3028.978150 2816
658.413014 4.769069 2952.358358 2816
663.124647 4.711632 2988.348596 2816
667.661855 4.537209 3103.229647 2816
672.266145 4.604289 3058.018017 2816
677.008642 4.742497 2968.900158 2816
681.661220 4.652578 3026.279309 2816
686.299956 4.638737 3035.309134 2816
690.983509 4.683553 3006.264741 2816
695.607270 4.623761 3045.140271 2816
700.231562 4.624292 3044.790380 2816
704.923830 4.692268 3000.681328 2816
709.590992 4.667162 3016.822762 2816
714.150724 4.559733 3087.900163 2816
718.751764 4.601039 3060.178121 2816
723.438576 4.686812 3004.174071 2816
728.091475 4.652899 3026.070593 2816
732.640168 4.548693 3095.394363 2816
737.270969 4.630801 3040.510637 2816
741.879775 4.608806 3055.021119 2816
746.513727 4.633951 3038.443672 2816
751.381581 4.536822 3103.493698 2816
756.324416 4.479657 3143.097528 2816
761.121174 4.276415 3292.477118 2816
766.018308 4.173549 3373.627366 2816
770.969860 4.125102 3413.249217 2816
775.974361 4.129602 3409.529205 2816
780.993216 4.148458 3394.032498 2816
785.982043 4.137284 3403.198438 2816
790.981833 4.137075 3403.370864 2816
796.003610 4.158852 3385.549501 2816
801.021399 4.176641 3371.130453 2816
805.974441 4.129683 3409.462511 2816
810.996993 4.152234 3390.945472 2816
815.986971 4.142212 3399.149675 2816
820.996614 4.151856 3391.254657 2816
826.013598 4.168840 3377.438328 2816
830.996782 4.152024 3391.117391 2816
835.959443 4.114685 3421.889970 2816
840.981412 4.136654 3403.717193 3072
846.149445 4.304686 3568.204127 3072
851.136419 4.291661 3579.034230 3072
856.201200 4.356441 3525.813541 3072
861.486027 4.641268 3309.440145 3072
866.746057 4.901299 3133.863087 3072
871.897521 5.052763 3039.920934 3072
876.955528 5.058007 3036.769239 3072
882.044486 5.088958 3018.299723 3072
887.150977 5.106491 3007.936292 3072
892.278163 5.127186 2995.795605 3072
897.416900 5.138738 2989.060978 3072
902.547402 5.130502 2993.859334 3072
907.649426 5.102025 3010.569621 3072
912.721163 5.071737 3028.548296 3072
917.888817 5.167653 2972.335538 3072
922.113094 4.224278 3636.124544 3072
926.187143 4.074049 3770.205182 3072
930.550218 3.705459 4145.234939 3072
935.498179 3.653421 4204.278889 3072
940.521082 3.676324 4178.086393 3072
945.497074 3.652315 4205.551451 3072
949.632452 2.787694 5509.931398 3072
954.711807 2.867049 5357.424936 3072
959.715302 2.870544 5350.902148 3072
964.706125 2.861367 5368.063740 3072
969.707512 2.862753 5365.464171 3072
974.712682 2.867924 5355.790302 3072
978.858679 2.013921 7626.913268 3072
983.859755 2.014997 7622.840444 3072
988.858387 2.013629 7628.019980 3072
993.860058 2.015300 7621.694776 3328
998.929697 2.084939 7981.047905 3328
1003.946353 2.101594 7917.798211 3328
