# AndroidClient mimuroto
61.044857 0.040400 15841.566602 5120
63.932990 2.838134 9020.012617 5120
65.462243 1.529252 16740.208014 5120
67.687535 2.225293 11504.105165 5120
69.842947 2.155411 11877.083332 5120
73.975357 2.880500 8887.345761 5120
78.922384 2.827527 9053.846990 5120
83.914230 2.819373 9080.032483 5120
88.957456 2.862599 8942.922473 5120
95.405665 4.310809 5938.561016 5120
100.393729 4.298872 5955.050587 5120
105.385423 4.290567 5966.578029 5120
110.465720 4.370863 5856.967126 5120
115.404937 4.310080 5939.564368 5120
120.414188 4.319331 5926.843516 5120
126.876031 5.781174 4428.166231 5120
132.670717 5.794686 4417.840685 5120
138.442746 5.772029 4435.182144 5120
144.213016 5.770270 4436.534378 5120
150.048432 5.835416 4387.005285 5120
156.973848 6.925417 3696.528525 5120
164.142271 7.168422 3571.218180 5120
170.908290 6.766020 3594.432248 5120
176.062618 5.154327 3476.690270 5120
180.724431 4.661814 3569.426245 5120
186.609915 5.885483 3044.779673 5120
191.371219 4.711304 2988.556776 5120
196.186436 4.815217 2924.063585 5120
200.945861 4.759426 2958.340104 5120
205.765333 4.819471 2921.482376 5120
210.577586 4.812253 2925.864359 4864
215.817496 5.239910 2931.348099 4864
220.656085 4.838589 2909.939091 4864
225.442639 4.786554 2941.573209 4608
230.664947 5.222308 2941.228317 4608
235.892060 5.227113 2938.524688 4608
240.715907 4.823847 2918.832020 4608
245.470075 4.754168 2961.611882 4608
250.778351 5.308275 2893.595132 4352
255.535377 4.757026 2959.832330 4352
260.713707 5.178330 2966.207402 4352
265.557586 4.843880 2906.760832 4352
270.765411 5.207825 2949.407860 4352
275.568045 4.802633 2931.724935 4352
280.350496 4.782452 2944.096629 4096
285.520217 5.169720 2971.147103 4096
290.662201 5.141984 2987.173598 4096
295.450390 4.788189 2940.569183 4096
300.527506 5.077116 3025.339506 4096
305.792774 5.265268 2917.230530 4096
310.540879 4.748105 2965.393612 4096
315.785977 5.245098 2928.448573 4096
320.545626 4.759649 2958.201502 4096
325.702090 5.156465 2978.785017 3840
330.925647 5.223557 2940.525145 3840
335.650233 4.724585 2980.155667 3840
340.471802 4.821569 2920.210990 3840
345.589091 5.117289 3001.589051 3840
350.829142 5.240050 2931.269480 3840
355.538034 4.708892 2990.087408 3840
360.768511 5.230477 2936.634861 3840
366.008107 5.239596 2931.523956 3840
370.372449 4.364343 2932.858454 3840
375.977181 5.604731 2968.920295 3840
380.780978 4.803797 2931.014774 3840
385.942051 5.161073 2976.125076 3840
390.680270 4.738219 2971.580981 3840
395.715169 5.034900 3050.706168 3840
400.823333 5.108164 3006.951351 3584
405.953020 5.129687 2994.334966 3584
410.621797 4.668778 3015.778667 3584
415.762836 5.141039 2987.722889 3584
420.534337 4.771500 2950.853939 3584
425.670519 5.136183 2990.547899 3584
430.832451 5.161932 2975.630016 3584
435.571775 4.739323 2970.888260 3584
440.808828 5.237054 2932.946748 3584
445.459555 4.650727 3027.483823 3584
450.609434 5.149879 2982.594224 3584
455.879283 5.269849 2914.694688 3584
460.605913 4.726630 2978.866288 3584
465.360951 4.755037 2961.070340 3584
470.569761 5.208810 2948.850051 3584
475.339616 4.769856 2951.871360 3584
480.490232 5.150615 2982.167936 3584
485.521669 5.031437 3052.805674 3584
490.534272 5.012603 3064.276106 3584
495.748128 5.213856 2945.996090 3584
500.455726 4.707597 2990.909915 3584
505.530650 5.074924 3026.646054 3584
510.669952 5.139302 2988.732692 3584
515.754960 5.085008 3020.644134 3584
520.728754 4.973793 3088.186144 3584
525.799926 5.071172 3028.885445 3584
530.446364 4.646437 3030.278706 3584
535.168021 4.721658 2982.003619 3584
540.558319 5.390298 3087.027870 3328
545.660245 5.101926 3010.627791 3328
550.749268 5.089023 3018.261150 3328
555.339414 4.590146 3067.440682 3328
560.480532 5.141118 2987.676789 3328
565.507345 5.026813 3055.614115 3328
570.599261 5.091916 3016.546226 3328
575.607502 5.008241 3066.944889 3328
580.643680 5.036178 3049.932024 3328
585.675358 5.031678 3052.659392 3072
590.374243 4.698885 2996.455508 3072
595.456913 5.082670 3022.033702 3072
600.639561 5.182648 2963.735821 3072
605.732704 5.093143 3015.819629 3072
610.326161 4.593456 3065.229881 3072
615.437058 5.110897 3005.343292 3072
620.459297 5.022240 3058.396506 3072
625.559667 5.100370 3011.546076 3072
630.177970 4.618303 3048.739090 3072
635.307142 5.129172 2994.635297 2816
639.971130 4.663988 3018.875613 2816
644.492525 4.521394 3114.083693 2816
649.101005 4.608480 3055.237343 2816
653.733276 4.632272 3039.545351 2816
658.341186 4.607910 3055.615499 2816
662.915933 4.574747 3077.765883 2816
667.485251 4.569318 3081.422475 2816
672.181755 4.696503 2997.974988 2816
676.831881 4.650126 3027.874791 2816
681.357182 4.525301 3111.395368 2816
686.131616 4.774434 2949.040414 2816
690.822968 4.691352 3001.267322 2816
695.464356 4.641388 3033.575081 2816
700.067402 4.603046 3058.843788 2816
704.683511 4.616108 3050.188317 2816
709.234602 4.551092 3093.763276 2816
713.869597 4.634994 3037.759878 2816
718.528191 4.658594 3022.370963 2816
723.209017 4.680826 3008.016133 2816
727.866756 4.657739 3022.926175 2816
732.509731 4.642975 3032.538288 2816
737.183456 4.673725 3012.586186 2816
741.826609 4.643153 3032.422238 2816
746.523424 4.696816 2997.775745 2816
751.202762 4.542847 3099.377983 2816
756.186171 4.526257 3110.738302 2816
761.074931 4.415016 3189.116233 2816
765.891305 4.231391 3327.511339 2816
770.849400 4.189485 3360.794901 2816
775.924034 4.264120 3301.971171 2816
780.811332 4.151417 3391.613243 2816
785.900411 4.240497 3320.365865 2816
790.903980 4.244065 3317.574293 2816
795.794240 4.134325 3405.634362 2816
800.932963 4.273049 3295.071398 2816
805.914386 4.254472 3309.459211 2816
810.884219 4.224304 3333.093272 2816
815.926366 4.266451 3300.166820 2816
820.922503 4.262588 3303.157589 2816
825.876729 4.216814 3339.013484 2816
830.909847 4.249932 3312.994320 2816
835.878434 4.218519 3337.664382 2816
840.885641 4.225726 3331.971482 2816
845.848983 4.189068 3361.129206 2816
850.886224 4.226309 3331.512312 2816
855.928434 4.268519 3298.567642 3072
861.204305 4.544390 3379.991493 3072
866.492574 4.832659 3178.374181 3072
871.657857 4.997942 3073.264866 3072
876.831224 5.171309 2970.234425 3072
881.971960 5.140736 2987.898894 3072
887.223076 5.251116 2925.092759 3072
892.348506 5.125431 2996.821206 3072
897.536558 5.188052 2960.648801 3072
902.681329 5.144770 2985.556125 3072
907.786366 5.105038 3008.792553 3072
912.908986 5.122619 2998.465925 3072
918.103861 5.194875 2956.760133 3072
922.326932 4.223071 3637.163400 3072
926.262772 3.935839 3902.598422 3072
930.475840 3.815926 4025.235755 3072
935.376002 3.716087 4133.380166 3072
940.445388 3.785474 4057.616480 3072
945.455868 3.795954 4046.414049 3072
