# AndroidClient mimuroto
31.088756 0.083493 7665.313260 5120
32.608440 1.469685 17418.704490 5120
34.070286 1.461845 17512.114541 5120
35.542681 1.472395 17386.638775 5120
37.616862 1.478106 17319.457621 5120
42.609977 1.471221 17400.516849 5120
47.620308 1.481552 17279.175567 5120
52.619474 1.480718 17288.907893 5120
57.606079 1.467323 17446.736057 5120
64.064864 2.926108 8748.821247 5120
69.045883 2.907127 8805.943931 5120
74.024031 2.885275 8872.636299 5120
78.995942 2.857186 8959.863842 5120
84.004461 2.865705 8933.229691 5120
88.990803 2.852048 8976.007104 5120
95.434396 4.295640 5959.531379 5120
100.468512 4.329756 5912.573443 5120
105.447122 4.308366 5941.927753 5120
110.474167 4.335411 5904.860948 5120
115.443647 4.304891 5946.723769 5120
120.426377 4.287621 5970.677298 5120
126.872275 5.733520 4464.971236 5120
132.545652 5.673376 4512.304370 5120
138.276395 5.730743 4467.134161 5120
144.096461 5.820065 4398.575936 5120
149.921572 5.825111 4394.765967 5120
156.799016 6.877445 3722.312704 5120
164.019036 7.220019 3545.696884 5120
170.833439 6.814403 3568.911250 5120
175.788774 4.955335 3616.304446 5120
180.786768 4.997994 3585.438470 5120
186.825156 6.038388 2967.679422 5120
191.255454 4.380298 2922.175691 5120
195.620480 4.365026 2932.399378 5120
200.842349 5.221869 2941.475762 5120
205.551018 4.708669 2990.229158 5120
210.649946 5.098928 3012.397950 5120
215.738853 5.088907 3018.329810 5120
220.888898 5.150045 2982.498198 5120
225.650715 4.761817 2956.854683 5120
230.434525 4.783811 2943.260271 5120
236.022405 5.587880 2977.873762 5120
240.714051 4.691646 3001.079029 5120
245.896805 5.182754 2963.675219 5120
250.654697 4.757892 2959.293598 5120
255.835682 5.180985 2964.686977 5120
260.558725 4.723042 2981.129271 4864
265.696488 5.137763 2989.627870 4864
270.836313 5.139825 2988.428555 4864
275.685572 4.849259 2903.536272 4864
280.924168 5.238596 2932.083458 4864
285.674220 4.750052 2964.178287 4608
290.921640 5.247420 2927.152502 4608
295.738201 4.816561 2923.247683 4608
300.487367 4.749166 2964.731207 4608
305.651828 5.164461 2974.172981 4608
310.808744 5.156917 2978.524039 4608
316.022541 5.213797 2946.029766 4608
320.892317 4.869777 2891.303075 4352
326.055155 5.162838 2975.108052 4352
330.769990 4.714835 2986.318951 4352
335.857349 5.087360 3019.247883 4352
340.581578 4.724229 2980.380754 4352
345.756994 5.175416 2967.877289 4352
350.977505 5.220511 2942.240772 4352
355.772654 4.795149 2936.300895 4352
360.464621 4.691967 3000.873736 4352
365.608391 5.143770 2986.136493 4096
370.804932 5.196541 2955.812115 4096
375.919105 5.114172 3003.418474 4096
380.657371 4.738266 2971.551250 4096
385.870685 5.213314 2946.302239 4096
390.620123 4.749438 2964.561513 4096
395.826802 5.206680 2950.056716 4096
400.856880 5.030078 3053.630623 4096
405.684096 4.827216 2916.795267 4096
410.784365 5.100269 3011.605640 4096
415.428049 4.643684 3032.075679 4096
420.908203 5.480154 3036.410766 4096
425.633180 4.724976 2979.909163 4096
430.373126 4.739946 2970.497978 4096
435.448191 5.075066 3026.561849 3840
440.555089 5.106898 3007.696918 3840
445.189966 4.634877 3037.836714 3840
450.689680 5.499714 3025.611702 3840
455.731141 5.041461 3046.735813 3840
460.488602 4.757461 2959.561913 3840
466.016349 5.527747 3010.268181 3840
470.318364 4.302015 2975.349758 3840
475.402470 5.084106 3021.180285 3840
480.570544 5.168074 2972.093429 3840
485.768996 5.198452 2954.725691 3840
490.412473 4.643477 3032.210570 3840
496.030616 5.618142 2961.833136 3840
500.716137 4.685521 3005.001719 3840
505.322082 4.605944 3056.919274 3840
510.843525 5.521444 3013.704565 3840
515.527231 4.683706 3006.166299 3840
520.630449 5.103217 3009.866026 3840
525.636707 5.006258 3068.159745 3840
530.711662 5.074955 3026.627570 3584
535.762316 5.050654 3041.190446 3584
540.821392 5.059076 3036.127468 3584
545.394744 4.573352 3078.704811 3584
550.477979 5.083235 3021.697897 3584
555.610901 5.132922 2992.447650 3328
560.769405 5.158504 2977.607281 3328
565.423954 4.654549 3024.997741 3328
570.548476 5.124522 2997.352565 3328
575.631744 5.083268 3021.678091 3328
580.829563 5.197819 2955.085682 3328
585.484519 4.654956 3024.733008 3328
590.573706 5.089186 3018.164133 3072
595.526516 4.952810 3101.269551 3072
600.552902 5.026386 3055.873738 3072
605.501396 4.948494 3103.974711 3072
610.675342 5.173946 2968.720779 3072
615.796534 5.121192 2999.301620 3072
620.399983 4.603449 3058.576343 3072
625.464601 5.064618 3032.805310 3072
630.491672 5.027072 3055.456813 3072
635.562136 5.070464 3029.308688 3072
640.657635 5.095499 3014.425242 2816
645.316968 4.659333 3021.891669 2816
650.007940 4.690972 3001.510265 2816
654.666406 4.658466 3022.453904 2816
659.308658 4.642252 3033.010518 2816
663.865609 4.556951 3089.785473 2816
668.646935 4.781326 2944.790057 2816
673.329921 4.682987 3006.628157 2816
677.947316 4.617395 3049.338702 2816
682.624445 4.677129 3010.393621 2816
687.299690 4.675245 3011.606776 2816
691.940474 4.640784 3033.970034 2816
696.702466 4.761992 2956.745896 2816
701.403551 4.701085 2995.053386 2816
706.152139 4.748588 2965.092196 2816
710.835867 4.683729 3006.151987 2816
715.471341 4.635474 3037.445611 2816
720.207915 4.736573 2972.613057 2816
724.789806 4.581892 3072.966631 2816
729.347766 4.557960 3089.101136 2816
734.043495 4.695728 2998.469794 2816
738.613494 4.569999 3080.963175 2816
743.176384 4.562890 3085.763726 2816
747.804707 4.628323 3042.138561 2816
752.186171 4.381464 3213.537864 2816
756.573250 4.387079 3209.425081 2816
761.151942 4.276786 3292.192058 2816
766.000923 4.125767 3412.698911 2816
771.000961 4.125805 3412.667082 2816
775.992765 4.117609 3419.459985 2816
781.010350 4.135194 3404.918681 2816
785.996190 4.121034 3416.618198 2816
790.982914 4.107758 3427.660850 2816
796.008542 4.133386 3406.408223 2816
800.996041 4.120885 3416.741862 2816
806.028522 4.153366 3390.021791 2816
811.002853 4.127697 3411.103227 2816
815.986666 4.111510 3424.532704 2816
820.999297 4.124141 3414.044156 2816
825.993962 4.118806 3418.466557 2816
830.987848 4.112692 3423.548154 2816
835.986582 4.111426 3424.602718 2816
841.005694 4.130538 3408.757255 3072
846.148360 4.273204 3594.492277 3072
851.155319 4.280163 3588.648661 3072
856.216775 4.341619 3537.850981 3072
861.492125 4.616969 3326.857928 3072
866.659368 4.784212 3210.559817 3072
871.972313 5.097157 3013.444544 3072
877.190039 5.217726 2943.810909 3072
882.285765 5.095726 3014.290840 3072
887.421795 5.136030 2990.637010 3072
892.619641 5.197846 2955.070412 3072
897.709949 5.090309 3017.498608 3072
902.866075 5.156126 2978.980910 3072
908.112101 5.246026 2927.930572 3072
913.261903 5.149802 2982.639145 3072
918.291382 5.029479 3053.994075 3072
