# AndroidClient mimuroto
91.043167 0.038701 16537.022727 5120
95.368899 4.275732 5987.279281 5120
98.377242 3.008343 8509.668197 5120
101.466062 3.088820 8287.953748 5120
105.555683 4.089621 6259.748929 5120
108.798616 3.242934 7894.087145 5120
111.839430 3.040813 8418.799943 5120
115.687389 3.847959 6652.877213 5120
120.378964 4.285797 5973.218321 5120
126.824290 5.731123 4466.837967 5120
132.623889 5.799599 4414.098393 5120
138.401140 5.777250 4431.173649 5120
144.171936 5.770797 4436.129335 5120
149.971276 5.799340 4414.295519 5120
156.859526 6.888250 3716.473734 5120
163.970338 7.110811 3600.151694 5120
170.444885 6.474547 3558.550040 5120
175.493029 5.048144 3549.819606 4864
180.622950 5.129921 3493.231070 4864
186.654376 6.031427 2971.104635 4864
191.158037 4.453660 2874.040488 4608
195.451759 4.293722 2981.096749 4608
200.666970 5.215211 2945.230797 4608
205.892249 5.225280 2939.555528 4352
210.604162 4.711913 2988.170574 4352
215.804189 5.200027 2953.830975 4352
220.631389 4.827200 2916.804603 4352
225.440321 4.808932 2927.885203 4096
230.660548 5.220227 2942.400775 4096
235.451791 4.791242 2938.694937 4096
240.637879 5.186088 2961.769898 4096
245.839806 5.201927 2952.751714 4096
250.598354 4.758548 2958.885919 4096
255.711246 5.112892 3004.170568 3840
260.917371 5.206125 2950.371041 3840
265.761672 4.844301 2906.508062 3840
270.485237 4.723565 2980.799614 3840
276.104988 5.619752 2960.984994 3840
280.813858 4.708870 2990.101976 3840
285.570875 4.757017 2959.837919 3840
290.708970 5.138095 2989.434755 3840
295.518428 4.809458 2927.564943 3840
300.774734 5.256306 2922.204322 3584
305.965111 5.190377 2959.322456 3584
310.769046 4.803935 2930.930328 3584
315.493576 4.724529 2980.191060 3584
320.691087 5.197511 2955.260566 3584
325.804695 5.113608 3003.749823 3584
330.551428 4.746732 2966.251189 3584
335.821272 5.269844 2914.697101 3584
341.017203 5.195931 2956.159171 3584
345.834276 4.817072 2922.937128 3584
350.562676 4.728400 2977.751196 3584
355.386653 4.823977 2918.753752 3584
360.563195 5.176542 2967.231602 3584
365.732213 5.169018 2971.550762 3584
370.457542 4.725329 2979.686579 3584
375.640516 5.182974 2963.549771 3584
380.782332 5.141816 2987.271390 3584
385.938241 5.155909 2979.106084 3328
390.732557 4.794316 2936.811011 3328
395.423276 4.690719 3001.672096 3328
400.568404 5.145128 2985.348593 3328
405.778439 5.210036 2948.156440 3328
410.589302 4.810863 2926.709977 3328
415.343681 4.754378 2961.480712 3328
420.437890 5.094210 3015.187976 3328
425.957017 5.519127 3014.969491 3328
430.758511 4.801494 2932.420710 3328
435.475710 4.717198 2984.822574 3328
440.582187 5.106477 3007.944642 3328
445.675833 5.093646 3015.521525 3328
450.857204 5.181371 2964.466459 3328
455.687721 4.830517 2914.801748 3328
460.488376 4.800655 2932.932947 3328
465.614116 5.125739 2996.640823 3328
470.734829 5.120713 2999.582263 3328
475.928745 5.193916 2957.306157 3328
480.698255 4.769510 2952.085307 3328
485.801262 5.103008 3009.989433 3328
490.453439 4.652177 3026.540056 3328
495.075124 4.621684 3046.508389 3328
500.094656 5.019532 3060.046073 3328
505.547334 5.452678 3051.711667 3328
510.603172 5.055838 3038.071967 3328
515.829035 5.225863 2939.227531 3328
520.423003 4.593969 3064.888097 3328
525.495216 5.072213 3028.264254 3328
530.564201 5.068985 3030.192460 3328
535.569653 5.005453 3068.653565 3328
540.570562 5.000908 3071.442116 3328
545.646053 5.075491 3026.308229 3328
550.314625 4.668572 3015.911319 3328
555.354725 5.040100 3047.558362 3328
560.970476 5.615751 2963.094575 3328
565.540211 4.569736 3081.141045 3328
570.641692 5.101480 3010.890687 3328
575.735553 5.093861 3015.394149 3328
580.754123 5.018570 3060.633103 3328
585.330774 4.576651 3076.485203 3328
590.484626 5.153852 2980.295075 3072
595.598677 5.114050 3003.490172 3072
600.618166 5.019490 3060.071906 3072
605.676819 5.058652 3036.382012 3072
610.311195 4.634377 3038.164782 3072
615.365488 5.054293 3039.000696 3072
620.456931 5.091443 3016.826465 3072
625.588488 5.131556 2993.243960 3072
630.653453 5.064965 3032.597475 3072
635.884191 5.230738 2936.487955 2816
640.608337 4.724146 2980.432805 2816
645.251978 4.643641 3032.103147 2816
649.847863 4.595884 3063.610538 2816
654.567876 4.720013 2983.042386 2816
659.146727 4.578851 3075.007195 2816
663.884544 4.737816 2971.833164 2816
668.488147 4.603603 3058.474059 2816
673.186524 4.698377 2996.779341 2816
677.950362 4.763838 2955.600019 2816
682.583644 4.633282 3038.882683 2816
687.277555 4.693911 2999.630631 2816
691.907181 4.629626 3041.282626 2816
696.513345 4.606164 3056.773617 2816
701.140316 4.626971 3043.027355 2816
705.844987 4.704672 2992.770012 2816
710.555904 4.710917 2988.802421 2816
715.211035 4.655131 3024.619439 2816
719.824781 4.613745 3051.750739 2816
724.491257 4.666477 3017.265567 2816
729.159093 4.667836 3016.387178 2816
733.806399 4.647306 3029.712421 2816
738.466232 4.659833 3021.567658 2816
743.021566 4.555334 3090.881910 2816
747.524042 4.502476 3127.168433 2816
751.847333 4.323291 3256.777885 2816
756.312453 4.465120 3153.330467 2816
761.054947 4.350571 3236.357072 2816
765.923128 4.218752 3337.479937 2816
770.946437 4.242060 3319.141922 2816
775.832411 4.128035 3410.823781 2816
780.917472 4.213096 3341.960751 2816
785.860445 4.156068 3387.817351 2816
790.908659 4.204282 3348.966414 2816
795.973772 4.269396 3297.890559 2816
800.903649 4.199273 3352.961670 2816
805.946478 4.242102 3319.109592 2816
810.928045 4.223669 3333.594595 2816
815.924600 4.220223 3336.316214 2816
820.918963 4.214587 3340.778394 2816
825.927953 4.223577 3333.667258 2816
830.908126 4.203749 3349.390871 2816
835.850650 4.146274 3395.820158 2816
840.935597 4.231220 3327.645428 2816
845.924613 4.220237 3336.305535 2816
850.954109 4.249732 3313.149783 2816
855.979449 4.275072 3293.511684 3072
861.364121 4.659745 3296.317953 3072
866.468764 4.764388 3223.918846 3072
871.772979 5.068602 3030.421153 3072
876.989687 5.216708 2944.385403 3072
882.163054 5.173367 2969.052736 3072
887.334485 5.171431 2970.164563 3072
892.537651 5.203166 2952.049006 3072
897.705490 5.167839 2972.228791 3072
902.860123 5.154633 2979.843526 3072
908.009338 5.149215 2982.979122 3072
913.115559 5.106221 3008.095313 3072
918.292639 5.177080 2966.923475 3072
922.501537 4.208898 3649.411432 3072
926.329029 3.827492 4013.071493 3072
930.514060 3.809684 4031.830800 3072
935.444690 3.740313 4106.607782 3072
940.506447 3.802071 4039.903625 3072
945.422982 3.718605 4130.580874 3072
949.568398 2.864021 5363.088728 3072
954.671382 2.967005 5176.937157 3072
959.666502 2.962126 5185.465633 3072
964.648570 2.944193 5217.049208 3072
969.663953 2.959577 5189.931281 3072
974.651976 2.947600 5211.019397 3072
