# VLDDashClient mimuroto
181.229840 0.219864 2910.885084 2816
186.028433 4.748593 2965.088561 2816
190.752400 4.723967 2980.546024 2816
195.457844 4.705444 2992.278992 2816
200.157734 4.699890 2995.814726 2816
204.916571 4.758837 2958.706031 2816
209.726168 4.809597 2927.480175 2816
214.558668 4.832500 2913.606007 2816
219.286445 4.727778 2978.143261 2816
224.058001 4.771556 2950.819671 2816
228.804533 4.746532 2966.376123 2816
233.619900 4.815367 2923.972399 2816
238.336103 4.716202 2985.452904 2816
243.081339 4.745236 2967.186287 2816
247.873149 4.791810 2938.346974 2816
252.659802 4.786654 2941.512087 2816
257.411348 4.751546 2963.246338 2816
262.149540 4.738192 2971.597857 2816
266.834230 4.684691 3005.534550 2816
271.637443 4.803212 2931.371511 2816
276.348974 4.711531 2988.412607 2816
281.119975 4.771000 2951.163149 2816
285.912257 4.792282 2938.057228 2816
290.706293 4.794036 2936.982456 2816
295.462657 4.756364 2960.244260 2816
300.236956 4.774299 2949.123967 2816
305.016317 4.779360 2946.000967 2816
309.776749 4.760432 2957.714663 2816
314.548665 4.771916 2950.596863 2816
319.335960 4.787296 2941.117666 2816
324.111936 4.775975 2948.089060 2816
328.898261 4.786325 2941.714053 2816
333.596857 4.698596 2996.639660 2816
338.346339 4.749482 2964.534107 2816
343.079087 4.732748 2975.015723 2816
347.820478 4.741391 2969.592518 2816
352.541990 4.721512 2982.095392 2816
357.267982 4.725992 2979.268655 2816
361.989973 4.721991 2981.793327 2816
366.668389 4.678416 3009.565327 2816
371.510283 4.841893 2907.953332 2816
376.262441 4.752158 2962.864444 2816
380.983006 4.703166 2993.728015 2816
386.087426 4.807586 2928.704462 2816
391.072651 4.792811 2937.733275 2816
395.992426 4.712586 2987.743673 2816
401.112999 4.833159 2913.208624 2816
406.032186 4.752346 2962.747463 2816
410.992251 4.712412 2987.854509 2816
415.965720 4.685880 3004.771841 2816
420.974105 4.694265 2999.404524 2816
426.084284 4.804444 2930.620216 2816
431.060351 4.780511 2945.291944 2816
436.029705 4.749865 2964.295004 2816
440.933657 4.653817 3025.473319 2816
446.087402 4.807562 2928.719097 2816
451.071688 4.791848 2938.323482 2816
456.066200 4.786360 2941.692628 2816
460.972548 4.692708 3000.399997 2816
466.032548 4.752708 2962.521664 2816
470.968622 4.688782 3002.912148 2816
476.073359 4.793519 2937.299455 2816
481.036907 4.757067 2959.807174 2816
486.038030 4.758190 2959.108101 2816
491.036667 4.756827 2959.956362 2816
496.024684 4.744844 2967.431690 2816
501.053685 4.773845 2949.404415 2816
506.107460 4.827620 2916.550832 2816
511.031567 4.751727 2963.133349 2816
515.942087 4.662247 3020.002778 2816
521.028610 4.748770 2964.978467 2816
526.001084 4.721244 2982.264563 2816
531.038465 4.758625 2958.838092 2816
535.959992 4.680152 3008.449064 2816
540.991002 4.711162 2988.647125 2816
546.062929 4.783089 2943.704632 2816
551.029145 4.749305 2964.644435 2816
556.128605 4.848765 2903.832046 2816
560.979218 4.699379 2996.140869 2816
566.032761 4.752921 2962.388887 2816
570.974487 4.694647 2999.160812 2816
575.987801 4.707961 2990.679130 2816
580.983540 4.703700 2993.388234 2816
586.130413 4.850573 2902.749793 2816
591.023118 4.743278 2968.411267 2816
596.053313 4.773473 2949.634263 2816
601.019481 4.739641 2970.689050 2816
606.016371 4.736532 2972.639358 2816
611.058199 4.778359 2946.618134 2816
616.025278 4.745438 2967.060278 2816
621.072395 4.792555 2937.889821 2816
626.040459 4.760619 2957.598837 2816
631.040700 4.760860 2957.448817 2816
635.985841 4.706001 2991.924738 2816
641.059790 4.779950 2945.637538 2816
646.079949 4.800109 2933.266980 2816
651.086423 4.806583 2929.315992 2816
656.061474 4.781634 2944.600076 2816
661.074708 4.794868 2936.472887 2816
666.007063 4.727223 2978.492858 2816
671.061187 4.781347 2944.777009 2816
676.022507 4.742667 2968.793515 2816
680.966614 4.686774 3004.198435 2816
686.049206 4.769366 2952.174105 2816
690.980385 4.700545 2995.397342 2816
696.042910 4.763070 2956.076875 2816
701.010134 4.730295 2976.558853 2816
706.094240 4.814400 2924.559721 2816
711.056113 4.776273 2947.905094 2816
716.096412 4.816572 2923.240732 2816
721.106211 4.826371 2917.305681 2816
726.017950 4.738110 2971.649079 2816
730.977986 4.698146 2996.926969 2816
736.016799 4.736959 2972.370974 2816
741.018400 4.738560 2971.366670 2816
746.035442 4.755602 2960.718948 2816
750.886432 4.606592 3056.489257 2816
755.810136 4.530296 3107.964353 2816
760.479872 4.200032 3352.355045 2816
765.148887 3.869047 3639.138807 2816
770.104189 3.824349 3681.672113 2816
775.146154 3.866314 3641.711231 2816
780.139284 3.859444 3648.193651 2816
785.136236 3.856396 3651.077232 2816
790.143239 3.863399 3644.459028 2816
795.142337 3.862497 3645.309952 2816
800.184701 3.904861 3605.762266 2816
805.084766 3.804926 3700.466317 2816
810.200102 3.920262 3591.596893 2816
815.045674 3.765834 3738.879178 2816
820.074536 3.794696 3710.442578 2816
825.167268 3.887428 3621.931890 2816
830.040188 3.760348 3744.334484 2816
835.156415 3.876575 3632.071891 2816
840.178581 3.898741 3611.422349 2816
845.171235 3.891395 3618.240158 2816
850.131654 3.851814 3655.420558 2816
855.157368 3.877528 3631.179678 2816
860.323687 4.043847 3481.833244 2816
865.366690 4.086850 3445.196536 2816
870.811530 4.531690 3107.008455 2816
876.021420 4.741580 2969.474373 2816
881.007280 4.727440 2978.356322 2816
885.992279 4.712439 2987.837199 2816
891.037036 4.757196 2959.726971 2816
896.078339 4.798499 2934.251025 2816
901.074740 4.794900 2936.453497 2816
906.027247 4.747407 2965.829669 2816
911.057289 4.777449 2947.179435 2816
916.045832 4.765993 2954.263977 2816
920.605677 4.325837 3254.861736 2816
925.252017 3.972177 3544.655904 2816
929.650029 3.370189 4177.807114 2816
934.692151 3.412311 4126.236149 2816
939.555694 3.275854 4298.115440 2816
944.571903 3.292063 4276.952984 2816
949.009376 2.729536 5158.385812 3072
954.246585 2.966745 5177.391766 3072
959.258839 2.978999 5156.094824 3072
964.211396 2.931556 5239.538617 3072
969.216385 2.936545 5230.637436 3072
974.267848 2.988008 5140.549216 3072
978.544884 2.265044 6781.324578 3072
983.558910 2.279070 6739.592539 3072
988.529762 2.249922 6826.904776 3072
993.554220 2.274380 6753.489979 3072
998.633258 2.353418 6526.676728 3072
1003.585849 2.306009 6660.858641 3072
1007.980951 1.701111 9029.392724 3072
1012.985978 1.706138 9002.787999 3072
1017.990304 1.710464 8980.019559 3072
1022.995995 1.716155 8950.241163 3072
1027.982338 1.702498 9022.037973 3072
1032.989902 1.710062 8982.131257 3072
1037.156562 0.876722 17519.800067 3072
1042.160055 0.880216 17450.272115 3072
1047.156404 0.876564 17522.971324 3072
1052.153085 0.873245 17589.568708 3328
1057.226337 0.946497 17580.618770 3328
1062.227508 0.947668 17558.898103 3328
