# AndroidClient mimuroto
31.005263 0.128000  31.088756 0.128000 
31.138756 5.120000  32.608440 5.120000 
32.608440 5.120000  34.070286 5.120000 
34.070286 5.120000  35.542681 5.120000 
36.138756 5.120000  37.616862 5.120000 
41.138756 5.120000  42.609977 5.120000 
46.138756 5.120000  47.620308 5.120000 
51.138756 5.120000  52.619474 5.120000 
56.138756 5.120000  57.606079 5.120000 
61.138756 5.120000  64.064864 5.120000 
66.138756 5.120000  69.045883 5.120000 
71.138756 5.120000  74.024031 5.120000 
76.138756 5.120000  78.995942 5.120000 
81.138756 5.120000  84.004461 5.120000 
86.138756 5.120000  88.990803 5.120000 
91.138756 5.120000  95.434396 5.120000 
96.138756 5.120000  100.468512 5.120000 
101.138756 5.120000  105.447122 5.120000 
106.138756 5.120000  110.474167 5.120000 
111.138756 5.120000  115.443647 5.120000 
116.138756 5.120000  120.426377 5.120000 
121.138756 5.120000  126.872275 5.120000 
126.872275 5.120000  132.545652 5.120000 
132.545652 5.120000  138.276395 5.120000 
138.276395 5.120000  144.096461 5.120000 
144.096461 5.120000  149.921572 5.120000 
149.921572 5.120000  156.799016 5.120000 
156.799016 5.120000  164.019036 5.120000 
164.019036 5.120000  170.833439 4.864000 
170.833439 5.120000  175.788774 3.584000 
175.788774 5.120000  180.786768 3.584000 
180.786768 5.120000  186.825156 3.584000 
186.875156 5.120000  191.255454 2.560000 
191.255454 5.120000  195.620480 2.560000 
195.620480 5.120000  200.842349 3.072000 
200.842349 5.120000  205.551018 2.816000 
205.551018 5.120000  210.649946 3.072000 
210.649946 5.120000  215.738853 3.072000 
215.738853 5.120000  220.888898 3.072000 
220.888898 5.120000  225.650715 2.816000 
225.650715 5.120000  230.434525 2.816000 
230.434525 5.120000  236.022405 3.328000 
236.022405 5.120000  240.714051 2.816000 
240.714051 5.120000  245.896805 3.072000 
245.896805 5.120000  250.654697 2.816000 
250.654697 5.120000  255.835682 3.072000 
255.835682 5.120000  260.558725 2.816000 
260.558725 4.864000  265.696488 3.072000 
265.696488 4.864000  270.836313 3.072000 
270.836313 4.864000  275.685572 2.816000 
275.685572 4.864000  280.924168 3.072000 
280.924168 4.864000  285.674220 2.816000 
285.674220 4.608000  290.921640 3.072000 
290.921640 4.608000  295.738201 2.816000 
295.738201 4.608000  300.487367 2.816000 
300.487367 4.608000  305.651828 3.072000 
305.651828 4.608000  310.808744 3.072000 
310.808744 4.608000  316.022541 3.072000 
316.022541 4.608000  320.892317 2.816000 
320.892317 4.352000  326.055155 3.072000 
326.055155 4.352000  330.769990 2.816000 
330.769990 4.352000  335.857349 3.072000 
335.857349 4.352000  340.581578 2.816000 
340.581578 4.352000  345.756994 3.072000 
345.756994 4.352000  350.977505 3.072000 
350.977505 4.352000  355.772654 2.816000 
355.772654 4.352000  360.464621 2.816000 
360.464621 4.352000  365.608391 3.072000 
365.608391 4.096000  370.804932 3.072000 
370.804932 4.096000  375.919105 3.072000 
375.919105 4.096000  380.657371 2.816000 
380.657371 4.096000  385.870685 3.072000 
385.870685 4.096000  390.620123 2.816000 
390.620123 4.096000  395.826802 3.072000 
395.826802 4.096000  400.856880 3.072000 
400.856880 4.096000  405.684096 2.816000 
405.684096 4.096000  410.784365 3.072000 
410.784365 4.096000  415.428049 2.816000 
415.428049 4.096000  420.908203 3.328000 
420.908203 4.096000  425.633180 2.816000 
425.633180 4.096000  430.373126 2.816000 
430.373126 4.096000  435.448191 3.072000 
435.448191 3.840000  440.555089 3.072000 
440.555089 3.840000  445.189966 2.816000 
445.189966 3.840000  450.689680 3.328000 
450.689680 3.840000  455.731141 3.072000 
455.731141 3.840000  460.488602 2.816000 
460.488602 3.840000  466.016349 3.328000 
466.016349 3.840000  470.318364 2.560000 
470.318364 3.840000  475.402470 3.072000 
475.402470 3.840000  480.570544 3.072000 
480.570544 3.840000  485.768996 3.072000 
485.768996 3.840000  490.412473 2.816000 
490.412473 3.840000  496.030616 3.328000 
496.030616 3.840000  500.716137 2.816000 
500.716137 3.840000  505.322082 2.816000 
505.322082 3.840000  510.843525 3.328000 
510.843525 3.840000  515.527231 2.816000 
515.527231 3.840000  520.630449 3.072000 
520.630449 3.840000  525.636707 3.072000 
525.636707 3.840000  530.711662 3.072000 
530.711662 3.584000  535.762316 3.072000 
535.762316 3.584000  540.821392 3.072000 
540.821392 3.584000  545.394744 2.816000 
545.394744 3.584000  550.477979 3.072000 
550.477979 3.584000  555.610901 3.072000 
555.610901 3.328000  560.769405 3.072000 
560.769405 3.328000  565.423954 2.816000 
565.423954 3.328000  570.548476 3.072000 
570.548476 3.328000  575.631744 3.072000 
575.631744 3.328000  580.829563 3.072000 
580.829563 3.328000  585.484519 2.816000 
585.484519 3.328000  590.573706 3.072000 
590.573706 3.072000  595.526516 3.072000 
595.526516 3.072000  600.552902 3.072000 
600.552902 3.072000  605.501396 3.072000 
605.501396 3.072000  610.675342 3.072000 
610.675342 3.072000  615.796534 3.072000 
615.796534 3.072000  620.399983 2.816000 
620.399983 3.072000  625.464601 3.072000 
625.464601 3.072000  630.491672 3.072000 
630.491672 3.072000  635.562136 3.072000 
635.562136 3.072000  640.657635 3.072000 
640.657635 2.816000  645.316968 2.816000 
645.316968 2.816000  650.007940 2.816000 
650.007940 2.816000  654.666406 2.816000 
654.666406 2.816000  659.308658 2.816000 
659.308658 2.816000  663.865609 2.816000 
663.865609 2.816000  668.646935 2.816000 
668.646935 2.816000  673.329921 2.816000 
673.329921 2.816000  677.947316 2.816000 
677.947316 2.816000  682.624445 2.816000 
682.624445 2.816000  687.299690 2.816000 
687.299690 2.816000  691.940474 2.816000 
691.940474 2.816000  696.702466 2.816000 
696.702466 2.816000  701.403551 2.816000 
701.403551 2.816000  706.152139 2.816000 
706.152139 2.816000  710.835867 2.816000 
710.835867 2.816000  715.471341 2.816000 
715.471341 2.816000  720.207915 2.816000 
720.207915 2.816000  724.789806 2.816000 
724.789806 2.816000  729.347766 2.816000 
729.347766 2.816000  734.043495 2.816000 
734.043495 2.816000  738.613494 2.816000 
738.613494 2.816000  743.176384 2.816000 
743.176384 2.816000  747.804707 2.816000 
747.804707 2.816000  752.186171 2.816000 
752.186171 2.816000  756.573250 2.816000 
756.875156 2.816000  761.151942 2.816000 
761.875156 2.816000  766.000923 2.816000 
766.875156 2.816000  771.000961 2.816000 
771.875156 2.816000  775.992765 2.816000 
776.875156 2.816000  781.010350 2.816000 
781.875156 2.816000  785.996190 2.816000 
786.875156 2.816000  790.982914 2.816000 
791.875156 2.816000  796.008542 2.816000 
796.875156 2.816000  800.996041 2.816000 
801.875156 2.816000  806.028522 2.816000 
806.875156 2.816000  811.002853 2.816000 
811.875156 2.816000  815.986666 2.816000 
816.875156 2.816000  820.999297 2.816000 
821.875156 2.816000  825.993962 2.816000 
826.875156 2.816000  830.987848 2.816000 
831.875156 2.816000  835.986582 2.816000 
836.875156 2.816000  841.005694 2.816000 
841.875156 3.072000  846.148360 3.072000 
846.875156 3.072000  851.155319 3.072000 
851.875156 3.072000  856.216775 3.072000 
856.875156 3.072000  861.492125 3.072000 
861.875156 3.072000  866.659368 3.072000 
866.875156 3.072000  871.972313 3.072000 
871.972313 3.072000  877.190039 3.072000 
877.190039 3.072000  882.285765 3.072000 
882.285765 3.072000  887.421795 3.072000 
887.421795 3.072000  892.619641 3.072000 
892.619641 3.072000  897.709949 3.072000 
897.709949 3.072000  902.866075 3.072000 
902.866075 3.072000  908.112101 3.072000 
908.112101 3.072000  913.261903 3.072000 
913.261903 3.072000  918.291382 3.072000 
