# AndroidClient mimuroto
91.004466 0.128000  91.043167 0.128000 
91.093167 5.120000  95.368899 5.120000 
95.368899 5.120000  98.377242 5.120000 
98.377242 5.120000  101.466062 5.120000 
101.466062 5.120000  105.555683 5.120000 
105.555683 5.120000  108.798616 5.120000 
108.798616 5.120000  111.839430 5.120000 
111.839430 5.120000  115.687389 5.120000 
116.093167 5.120000  120.378964 5.120000 
121.093167 5.120000  126.824290 5.120000 
126.824290 5.120000  132.623889 5.120000 
132.623889 5.120000  138.401140 5.120000 
138.401140 5.120000  144.171936 5.120000 
144.171936 5.120000  149.971276 5.120000 
149.971276 5.120000  156.859526 5.120000 
156.859526 5.120000  163.970338 5.120000 
163.970338 5.120000  170.444885 4.608000 
170.444885 5.120000  175.493029 3.584000 
175.493029 4.864000  180.622950 3.584000 
180.622950 4.864000  186.654376 3.584000 
186.704376 4.864000  191.158037 2.560000 
191.158037 4.608000  195.451759 2.560000 
195.451759 4.608000  200.666970 3.072000 
200.666970 4.608000  205.892249 3.072000 
205.892249 4.352000  210.604162 2.816000 
210.604162 4.352000  215.804189 3.072000 
215.804189 4.352000  220.631389 2.816000 
220.631389 4.352000  225.440321 2.816000 
225.440321 4.096000  230.660548 3.072000 
230.660548 4.096000  235.451791 2.816000 
235.451791 4.096000  240.637879 3.072000 
240.637879 4.096000  245.839806 3.072000 
245.839806 4.096000  250.598354 2.816000 
250.598354 4.096000  255.711246 3.072000 
255.711246 3.840000  260.917371 3.072000 
260.917371 3.840000  265.761672 2.816000 
265.761672 3.840000  270.485237 2.816000 
270.485237 3.840000  276.104988 3.328000 
276.104988 3.840000  280.813858 2.816000 
280.813858 3.840000  285.570875 2.816000 
285.570875 3.840000  290.708970 3.072000 
290.708970 3.840000  295.518428 2.816000 
295.518428 3.840000  300.774734 3.072000 
300.774734 3.584000  305.965111 3.072000 
305.965111 3.584000  310.769046 2.816000 
310.769046 3.584000  315.493576 2.816000 
315.493576 3.584000  320.691087 3.072000 
320.691087 3.584000  325.804695 3.072000 
325.804695 3.584000  330.551428 2.816000 
330.551428 3.584000  335.821272 3.072000 
335.821272 3.584000  341.017203 3.072000 
341.017203 3.584000  345.834276 2.816000 
345.834276 3.584000  350.562676 2.816000 
350.562676 3.584000  355.386653 2.816000 
355.386653 3.584000  360.563195 3.072000 
360.563195 3.584000  365.732213 3.072000 
365.732213 3.584000  370.457542 2.816000 
370.457542 3.584000  375.640516 3.072000 
375.640516 3.584000  380.782332 3.072000 
380.782332 3.584000  385.938241 3.072000 
385.938241 3.328000  390.732557 2.816000 
390.732557 3.328000  395.423276 2.816000 
395.423276 3.328000  400.568404 3.072000 
400.568404 3.328000  405.778439 3.072000 
405.778439 3.328000  410.589302 2.816000 
410.589302 3.328000  415.343681 2.816000 
415.343681 3.328000  420.437890 3.072000 
420.437890 3.328000  425.957017 3.328000 
425.957017 3.328000  430.758511 2.816000 
430.758511 3.328000  435.475710 2.816000 
435.475710 3.328000  440.582187 3.072000 
440.582187 3.328000  445.675833 3.072000 
445.675833 3.328000  450.857204 3.072000 
450.857204 3.328000  455.687721 2.816000 
455.687721 3.328000  460.488376 2.816000 
460.488376 3.328000  465.614116 3.072000 
465.614116 3.328000  470.734829 3.072000 
470.734829 3.328000  475.928745 3.072000 
475.928745 3.328000  480.698255 2.816000 
480.698255 3.328000  485.801262 3.072000 
485.801262 3.328000  490.453439 2.816000 
490.453439 3.328000  495.075124 2.816000 
495.075124 3.328000  500.094656 3.072000 
500.094656 3.328000  505.547334 3.328000 
505.547334 3.328000  510.603172 3.072000 
510.603172 3.328000  515.829035 3.072000 
515.829035 3.328000  520.423003 2.816000 
520.423003 3.328000  525.495216 3.072000 
525.495216 3.328000  530.564201 3.072000 
530.564201 3.328000  535.569653 3.072000 
535.569653 3.328000  540.570562 3.072000 
540.570562 3.328000  545.646053 3.072000 
545.646053 3.328000  550.314625 2.816000 
550.314625 3.328000  555.354725 3.072000 
555.354725 3.328000  560.970476 3.328000 
560.970476 3.328000  565.540211 2.816000 
565.540211 3.328000  570.641692 3.072000 
570.641692 3.328000  575.735553 3.072000 
575.735553 3.328000  580.754123 3.072000 
580.754123 3.328000  585.330774 2.816000 
585.330774 3.328000  590.484626 3.072000 
590.484626 3.072000  595.598677 3.072000 
595.598677 3.072000  600.618166 3.072000 
600.618166 3.072000  605.676819 3.072000 
605.676819 3.072000  610.311195 2.816000 
610.311195 3.072000  615.365488 3.072000 
615.365488 3.072000  620.456931 3.072000 
620.456931 3.072000  625.588488 3.072000 
625.588488 3.072000  630.653453 3.072000 
630.653453 3.072000  635.884191 3.072000 
635.884191 2.816000  640.608337 2.816000 
640.608337 2.816000  645.251978 2.816000 
645.251978 2.816000  649.847863 2.816000 
649.847863 2.816000  654.567876 2.816000 
654.567876 2.816000  659.146727 2.816000 
659.146727 2.816000  663.884544 2.816000 
663.884544 2.816000  668.488147 2.816000 
668.488147 2.816000  673.186524 2.816000 
673.186524 2.816000  677.950362 2.816000 
677.950362 2.816000  682.583644 2.816000 
682.583644 2.816000  687.277555 2.816000 
687.277555 2.816000  691.907181 2.816000 
691.907181 2.816000  696.513345 2.816000 
696.513345 2.816000  701.140316 2.816000 
701.140316 2.816000  705.844987 2.816000 
705.844987 2.816000  710.555904 2.816000 
710.555904 2.816000  715.211035 2.816000 
715.211035 2.816000  719.824781 2.816000 
719.824781 2.816000  724.491257 2.816000 
724.491257 2.816000  729.159093 2.816000 
729.159093 2.816000  733.806399 2.816000 
733.806399 2.816000  738.466232 2.816000 
738.466232 2.816000  743.021566 2.816000 
743.021566 2.816000  747.524042 2.816000 
747.524042 2.816000  751.847333 2.816000 
751.847333 2.816000  756.312453 2.816000 
756.704376 2.816000  761.054947 2.816000 
761.704376 2.816000  765.923128 2.816000 
766.704376 2.816000  770.946437 2.816000 
771.704376 2.816000  775.832411 2.816000 
776.704376 2.816000  780.917472 2.816000 
781.704376 2.816000  785.860445 2.816000 
786.704376 2.816000  790.908659 2.816000 
791.704376 2.816000  795.973772 2.816000 
796.704376 2.816000  800.903649 2.816000 
801.704376 2.816000  805.946478 2.816000 
806.704376 2.816000  810.928045 2.816000 
811.704376 2.816000  815.924600 2.816000 
816.704376 2.816000  820.918963 2.816000 
821.704376 2.816000  825.927953 2.816000 
826.704376 2.816000  830.908126 2.816000 
831.704376 2.816000  835.850650 2.816000 
836.704376 2.816000  840.935597 2.816000 
841.704376 2.816000  845.924613 2.816000 
846.704376 2.816000  850.954109 2.816000 
851.704376 2.816000  855.979449 2.816000 
856.704376 3.072000  861.364121 3.072000 
861.704376 3.072000  866.468764 3.072000 
866.704376 3.072000  871.772979 3.072000 
871.772979 3.072000  876.989687 3.072000 
876.989687 3.072000  882.163054 3.072000 
882.163054 3.072000  887.334485 3.072000 
887.334485 3.072000  892.537651 3.072000 
892.537651 3.072000  897.705490 3.072000 
897.705490 3.072000  902.860123 3.072000 
902.860123 3.072000  908.009338 3.072000 
908.009338 3.072000  913.115559 3.072000 
913.115559 3.072000  918.292639 3.072000 
918.292639 3.072000  922.501537 3.072000 
922.501537 3.072000  926.329029 3.072000 
926.704376 3.072000  930.514060 3.072000 
931.704376 3.072000  935.444690 3.072000 
936.704376 3.072000  940.506447 3.072000 
941.704376 3.072000  945.422982 3.072000 
946.704376 3.072000  949.568398 3.072000 
951.704376 3.072000  954.671382 3.072000 
956.704376 3.072000  959.666502 3.072000 
961.704376 3.072000  964.648570 3.072000 
966.704376 3.072000  969.663953 3.072000 
971.704376 3.072000  974.651976 3.072000 
