122.001102 18992.727868
123.003580 19591.815965
124.004674 19658.181880
125.005697 19040.129123
126.007472 18857.403796
127.008324 19008.868289
128.008837 19162.015546
129.009569 19383.761330
130.012343 19494.354166
131.014626 18958.607598
132.015684 18595.690700
133.017678 19365.963460
134.019314 19586.328495
135.019954 18861.558327
136.021072 19647.681273
137.023516 18716.302720
138.023948 18987.736898
139.024118 19624.088256
140.025477 19018.713351
141.026628 19072.809037
142.028418 19077.896610
143.028592 18711.280310
144.029793 18897.269088
145.030459 19248.915934
146.030652 19208.456084
147.031589 19615.205690
148.033813 19910.826430
149.034626 19269.599504
150.035848 18993.635798
151.037911 19271.245265
152.039776 18978.585130
153.043188 19114.213844
154.043792 19894.395222
155.043852 19515.903722
156.047299 18967.997086
157.050429 19043.952974
158.052485 18758.449048
159.054961 19492.766554
160.057491 19567.740166
161.058794 19300.383293
162.061852 19422.943383
163.064448 19395.320051
164.065120 18962.648658
165.066511 18906.149691
166.067136 19945.927682
167.069356 19254.172252
168.069946 19351.212430
169.070456 19177.022593
170.073861 19100.656674
171.076613 18830.201823
172.078178 19689.101731
173.081447 18226.813274
174.081977 18908.323542
175.084243 18781.579578
176.086296 19145.561365
177.088677 19141.783839
178.090344 19608.681472
179.093351 18727.259375
180.094087 18745.041290
181.095093 19455.344165
182.095195 20133.268572
183.096935 19383.858662
184.099428 19444.092933
185.103526 19155.644081
186.105129 19297.681203
187.106053 18975.779168
188.109516 19152.631703
189.112166 19300.088319
190.114957 19337.946465
191.118252 19779.479541
192.121095 18664.210760
193.124504 19390.502558
194.127362 19127.452230
195.130951 18518.073209
196.133339 20379.154692
197.134584 18860.861308
198.138782 19004.398005
199.140128 19501.515812
200.140885 19521.239210
201.142012 18344.123753
202.145579 18540.466908
203.146507 19427.334246
204.147028 20209.064314
205.149083 19630.424077
206.149963 18035.495973
207.152864 19944.199665
208.153292 19076.776004
209.154489 18922.889723
210.158073 19863.867939
211.159054 18887.928705
212.161032 19014.310879
213.162893 20160.148620
214.164156 19006.671250
215.166522 19112.969851
216.167473 18795.383860
217.169739 19940.041089
218.170967 19549.398135
219.173947 18677.848496
220.175965 19359.224446
221.177155 19843.705745
222.180237 18749.094076
223.183903 19489.720219
224.186655 19292.293637
225.188892 18662.218369
226.189897 19285.738035
227.193582 18716.984570
228.194004 19513.554989
229.195385 20437.426070
230.198785 20086.443989
231.200852 19330.907981
232.202621 18466.183903
233.203628 19119.537761
234.204311 19466.408864
235.204689 19289.228620
236.206978 19185.929434
237.210310 18847.272275
238.212814 19383.253695
239.212890 19169.821986
240.213329 19233.777559
241.214559 18884.243948
242.216015 18778.027256
243.218471 19025.584593
244.218995 18660.052625
245.220112 19301.205001
246.220554 18888.708736
247.222861 19474.161663
248.224862 19900.228542
249.227936 18906.105686
250.231425 19238.109830
251.233654 18743.437053
252.237749 19397.934876
253.240346 19841.978127
254.242332 18600.720031
255.244208 19076.321876
256.246532 19078.690047
257.246887 19126.819541
258.247462 18702.895569
259.250521 19313.336395
260.252933 19300.647177
261.253104 20126.176513
262.254925 19077.813179
263.258551 19161.449625
264.258624 19242.320874
265.259520 19782.202072
266.262477 18561.914605
267.262492 19670.209305
268.263797 18967.415148
269.266555 17709.358508
270.270661 19561.406745
271.271930 18349.515131
272.274190 19207.722992
273.274766 19160.187173
274.277846 19887.970111
275.278550 18516.092644
276.280919 19028.868820
277.282284 19202.637353
278.283347 18616.563803
279.283775 19907.272091
280.283948 20238.822090
281.286677 19506.273227
282.287225 20103.978271
283.289586 19235.997355
284.289801 19132.414365
285.292300 19369.292946
286.293351 19808.724549
287.294534 19464.760859
288.296319 19987.730285
289.296369 19130.446627
290.296570 19273.931721
291.297571 19377.538706
292.297980 19654.266675
293.299226 19440.501208
294.301958 19628.048747
295.303621 19380.700209
296.305268 18496.915253
297.306882 19113.960117
298.308058 18769.618687
299.310609 18713.867226
300.312584 19922.959444
301.313650 19652.686075
302.314342 19383.976655
303.316033 19793.318405
304.320311 18667.490573
305.321987 19346.649168
306.324135 19026.676384
307.325608 19668.124802
308.329013 19043.795597
309.330045 19118.773991
310.333255 18697.604430
311.334361 20261.849287
312.335756 19925.342791
313.338419 19403.134194
314.342127 19549.112318
315.345465 19066.271718
316.346803 19202.376814
317.347387 19736.572657
318.347965 18375.429203
319.352425 18586.931248
320.355311 18823.076889
321.356382 19903.986540
322.356824 18880.417643
323.357904 19255.692388
324.359901 18465.427270
325.361076 18797.740989
326.362631 18577.838729
327.364454 19347.198091
328.368378 19486.683086
329.371222 19278.319759
330.372811 19031.038418
331.374764 18824.334212
332.377469 17875.756962
333.382479 19446.263961
334.383557 20201.004292
335.383850 18673.904541
336.385213 19270.468865
337.387301 19369.213425
338.389258 19606.594171
339.389443 18802.616742
340.390774 19064.866862
341.395358 19578.647129
342.399441 19431.085849
343.403623 18616.332428
344.406878 19833.314046
345.408451 20428.228864
346.410647 18893.406542
347.412760 19052.013218
348.414279 19016.483766
349.417675 18689.352745
350.418395 18678.553052
351.421916 18217.503892
352.424312 19394.602720
353.425224 18566.884085
354.428684 18593.660902
355.429392 18988.807808
356.429855 20163.411554
357.430595 18751.282541
358.430714 18307.385765
359.433106 18916.425233
360.435425 18733.462254
361.437643 18832.457327
362.438459 18901.818187
363.441696 18918.013037
364.443041 19410.551940
365.445457 18528.812695
366.446612 18777.358681
367.447271 19307.908873
368.448257 18657.586687
369.451581 19463.917024
370.454472 19724.450240
371.456760 19108.467914
372.458224 18867.973562
373.459048 18805.936853
374.462741 18852.384218
375.464383 19706.459340
376.467014 19378.935740
377.468033 19258.033767
378.468294 19500.732709
379.470703 18704.161803
380.472091 20010.611776
381.475646 20096.369839
382.478743 19151.357967
383.482577 19279.023341
384.482926 19004.387864
385.486480 19217.702674
386.489388 19996.060267
387.491041 20072.681523
388.494773 19185.287258
389.495181 19156.007119
390.496647 19058.764479
391.497814 18971.702907
392.498557 19580.854857
393.500099 18389.962423
394.500888 19083.700833
395.501834 19180.237171
396.502837 19240.696520
397.505944 20144.826029
398.508674 20164.587416
399.511003 18911.225458
400.514240 19439.600207
401.517018 18781.500687
402.518188 19684.980931
403.522328 19111.247524
404.523588 19045.150304
405.527425 19161.346274
406.527641 19256.023120
407.531012 18861.395024
408.532917 19785.935028
409.535080 19369.840014
410.537345 19048.053198
411.539147 19543.417751
412.541349 19860.753807
413.542264 19147.092460
414.543541 19030.819484
415.546223 19015.876632
416.549525 18839.640915
417.549660 18804.393592
418.553963 18609.214211
419.557509 19525.919317
420.560290 19017.793669
421.561432 19453.934046
422.564593 19517.168134
423.567475 19157.314503
424.568885 19641.354322
425.571535 19769.257224
426.572475 19886.858805
427.573620 18938.656394
428.574424 19165.894803
429.577164 19881.662444
430.580596 19312.901680
431.583063 19344.134990
432.584637 18302.723790
433.585959 18822.460103
434.587309 19327.917845
435.587649 17548.883081
436.590529 19007.701625
437.592833 19577.240456
438.595800 19178.046059
439.599950 18418.195036
440.601387 19657.611336
441.605316 19876.561564
442.608023 19493.862023
443.610122 18927.699034
444.611037 18557.948987
445.611994 19282.099481
446.612324 19532.121825
447.612654 18901.305023
448.614393 19189.344759
449.616555 18986.568917
450.619524 19058.017279
451.620996 18792.977383
452.623226 19385.783939
453.623424 20155.689658
454.624889 19828.506842
455.625190 19388.340768
456.629012 19101.623537
457.632130 18355.934698
458.634150 19184.824754
459.635403 18369.064507
460.636574 18542.541183
461.639441 19668.958402
462.642688 19265.617895
463.645898 19040.285039
464.646971 19564.364488
465.649416 19575.124594
466.650003 19712.904512
467.651909 19082.827322
468.653660 19153.412283
469.656978 18935.340569
470.660534 19724.758318
471.661359 19368.183457
472.661466 19453.895590
473.665213 19347.176278
474.668986 20572.182795
475.671593 18586.753034
476.672274 19357.390779
477.674150 19574.322580
478.676529 18758.539484
479.677298 19122.737467
480.681190 19089.994004
481.683142 19202.312493
482.685457 18668.944616
483.686098 19698.562579
484.687007 19445.104439
485.689198 19416.177437
486.691852 19001.817404
487.695933 19236.580394
488.697193 19480.010855
489.697223 19396.284206
490.700478 19291.224694
491.704236 19859.943175
492.705911 18870.917233
493.708946 20805.241992
494.710416 19931.323387
495.712710 19307.589341
496.715649 19895.264096
497.719059 18350.010293
498.722454 19435.825175
499.726096 18231.453722
500.728913 19619.365817
501.730058 18781.184546
502.733398 20114.577626
503.735082 18931.687841
504.740093 19398.238959
505.740920 19250.435703
506.741801 20005.324364
507.744958 19609.003915
508.748119 18598.040034
509.749795 18405.963855
510.753697 19334.243647
511.753928 20074.602509
512.754277 18519.817997
513.754334 18650.213889
514.758110 19630.079117
515.761227 19273.917951
516.761659 19773.256197
517.763601 19822.677530
518.765801 19016.669577
519.767615 18944.799595
520.768722 19745.993326
521.770410 18935.707044
522.774182 17842.073604
523.776141 18827.886862
524.778540 19166.476528
525.780854 19194.378990
526.782392 18519.073921
527.782409 19111.705090
528.782736 20531.704436
529.783495 19365.975767
530.785867 19134.906667
531.789157 19228.679753
532.790544 19176.106027
533.792064 18529.452312
534.794437 18914.790043
535.795217 19186.195994
536.797568 18763.222003
537.799136 19337.078331
538.801336 19210.547918
539.802085 19122.147178
540.804805 19803.121563
541.805954 18750.055176
542.806223 19060.370235
543.806260 18973.592414
544.806550 19167.880786
545.807123 19111.971653
546.810528 19007.484048
547.810852 19830.649118
548.814598 18451.225751
549.817683 20197.259448
550.818260 20427.880426
551.821060 19156.928469
552.822306 19747.244110
553.824649 18796.450362
554.827356 19385.369383
555.828408 19557.601426
556.830872 18869.780582
557.832017 18066.864037
558.832358 19016.459507
559.833968 19764.989729
560.836906 19153.437240
561.839143 18524.166634
562.841763 18990.528836
563.842094 19318.968430
564.845195 18706.500643
565.849657 18805.699222
566.850052 18765.949260
567.850650 19398.609360
568.854017 19040.956091
569.855810 18995.236125
570.859126 18576.054867
571.859992 18697.781105
572.863476 19193.549788
573.865615 18684.311729
574.869855 18508.305113
575.872117 18504.371828
576.874723 20159.546851
577.875752 20074.078493
578.876838 18878.041129
579.880649 18990.541764
580.882991 18550.253798
581.884275 19377.345847
582.885420 19866.942706
583.888328 19181.551317
584.891113 20251.304012
585.893168 19240.308580
586.897399 19328.680826
587.901628 20277.853708
588.904618 19896.418678
589.905251 18954.805837
590.905357 19047.384602
591.907456 19173.604082
592.909338 18637.365003
593.910163 19471.510976
594.913223 18617.482610
595.916895 19342.213012
596.919565 19142.540676
597.919718 18849.685750
598.922139 18972.543953
599.922272 18334.781564
600.925742 19044.037012
601.928742 18446.842402
602.931628 19688.268833
603.932707 18986.346777
604.936429 18822.694029
605.937668 19325.209206
606.941273 19300.603630
607.943232 19116.962099
608.944646 19610.585405
609.947665 19692.310924
610.951094 18616.830259
611.951931 19415.844040
612.953965 19439.128147
613.956923 19098.117035
614.957068 20362.375007
615.957405 19397.334737
616.959419 19107.692314
617.961979 19179.774704
618.965293 19463.645805
619.968283 19352.200434
620.968421 18278.373117
621.971825 19597.805165
622.972829 18853.130414
623.974576 19643.033875
624.975271 19192.077045
625.976394 19498.580395
626.978973 19354.824778
627.979295 19029.614406
628.980572 19313.719827
629.982391 19066.387890
630.983710 18484.416671
631.985243 18706.195755
632.986264 19436.499466
633.988923 18809.381985
634.988944 19593.660241
635.991662 19144.937872
636.993743 18825.993880
637.996917 18899.524264
638.997928 19226.246113
640.001691 19202.956260
641.005635 19894.416322
642.006631 19841.282056
643.006825 18493.095271
644.008894 19633.646372
645.012033 20082.772471
646.015030 19792.677348
647.016188 18586.290448
648.020259 20033.513439
649.020542 19561.727864
650.023614 20162.765899
651.026655 18551.048270
652.026983 19334.889467
653.027021 19014.982226
654.027874 18095.167942
655.030061 19167.704627
656.033523 18260.775250
657.035745 19135.440901
658.038465 19250.068255
659.041664 18861.919322
660.043628 18823.568454
661.044423 19035.554718
662.046479 19108.190318
663.047990 19701.923484
664.048669 18483.837163
665.051038 20231.577746
666.052179 20249.022596
667.055354 19383.925742
668.055554 19483.452877
669.059376 19630.585167
670.062772 19669.419970
671.065138 19169.524662
672.066516 18981.267108
673.068530 18612.600598
674.070910 18973.537218
675.073175 17994.037185
676.075908 19138.491343
677.077334 19342.574809
678.080514 18593.060175
679.082758 19095.813538
680.086066 19870.633670
681.087878 19136.058426
682.088179 19950.044355
683.088787 18878.707775
684.090430 20058.791309
685.090481 18433.864292
686.093023 18968.299841
687.096261 19554.239170
688.096939 19333.744380
689.099005 20288.685388
690.101708 18911.854170
691.101808 18919.368568
692.105153 18911.739271
693.105851 18676.491390
694.107789 20013.895898
695.107861 19825.605391
696.108766 18998.299905
697.111170 19332.817479
698.113045 19077.502405
699.115602 19022.412914
700.117974 18237.010576
701.118481 18688.212802
702.121728 18878.049869
703.122619 19814.661850
704.123667 19403.468225
705.126750 19099.348404
706.128189 19174.095867
707.129061 18717.915555
708.131143 19219.940744
709.131936 19182.338379
710.133423 18643.290838
711.133430 20059.310264
712.133911 20313.089017
713.135211 19017.281007
714.137367 19418.440252
715.138638 18778.635600
716.140455 19913.129932
717.140515 19657.259074
718.141612 19533.356464
719.144166 19546.660432
720.147040 19120.738649
721.147114 19084.569795
722.148809 18687.984571
723.149107 18939.059589
724.151599 19940.181951
725.152854 18870.144540
726.154767 18913.068497
727.155158 18895.253039
728.158439 19509.762063
729.162016 20025.111233
730.163366 20292.957169
731.166152 18490.469413
732.169240 18908.758158
733.172204 18860.934588
734.173541 19478.201636
735.174207 19418.996439
736.175922 19369.224190
737.177672 19042.739763
738.181334 18708.850368
739.181912 19501.215770
740.185060 19139.706785
741.185948 19513.751171
742.187146 19210.682478
743.187787 18857.740299
744.189921 19691.704232
745.190157 18951.527131
746.191503 19640.369567
747.192608 19607.472646
748.194611 18688.572204
749.194756 19115.918649
750.198082 18962.665135
751.198095 19145.843556
752.199583 18499.635265
753.201207 19112.617735
754.202100 18960.999307
755.203815 20270.258864
756.204490 19411.794951
757.206723 19628.432743
758.207195 19095.105922
759.207880 19781.280975
760.211284 19654.374792
761.848089 18723.672435
762.848391 19293.276503
763.849762 18680.931547
764.850389 18564.456445
765.850790 18566.642961
766.851627 18586.106764
767.854867 20254.311676
768.855619 19928.589624
769.856065 19447.916250
770.857154 19032.895509
771.859072 19961.330103
772.863102 19195.581205
773.863208 19333.709258
774.865370 19820.464384
775.867303 19110.375470
776.870041 19537.629225
777.873659 18863.735350
778.873927 19323.651604
779.876395 19042.997194
780.877558 19102.697338
781.879455 18783.841870
782.880752 19251.290794
783.883088 19104.431269
784.884108 19167.625576
785.885102 19591.725122
786.888785 18992.210382
787.889472 19264.678380
788.890110 19281.533024
789.890878 19922.271799
790.891474 19326.772061
791.893029 18745.923183
792.896357 19383.582525
793.899524 19621.258068
794.900131 19087.765678
795.900289 19382.411005
796.904852 18931.655786
797.907322 18816.691850
798.910426 19056.471064
799.911410 18349.156890
800.913290 18973.959966
801.916797 19499.330069
802.918243 19188.039280
803.919797 19181.023639
804.920025 20394.596327
805.920723 19260.188824
806.923061 19085.507967
807.926453 19667.974809
808.926466 19326.283458
809.929734 19509.747312
810.930742 18759.050546
811.931116 18297.611326
812.931621 18616.425460
813.932379 20787.432469
814.932703 19143.851840
815.932983 18699.463616
816.933098 18715.052597
817.934517 18869.134621
818.936301 19746.469097
819.937088 19501.470329
820.937581 18656.519963
821.938424 18596.247062
822.941101 18854.504991
823.942679 18934.488422
824.943203 19370.174357
825.943871 19806.857468
826.946626 18873.824287
827.948114 19122.363714
828.951669 19473.257790
829.953463 18530.339272
830.955198 18918.428867
831.957753 20861.109183
832.959459 20306.045206
833.960325 19208.606531
834.963124 18355.961751
836.848224 19146.585794
837.848708 18775.243325
838.849869 19460.793112
839.851525 20445.107275
840.852293 19761.637308
841.852910 19093.159617
842.854242 19491.955442
843.857478 18529.386410
844.857761 19506.527349
845.857852 18906.989883
846.860093 19629.321491
847.862346 19249.842758
848.863065 20058.197641
849.864310 19187.568305
850.864853 18574.435748
851.867436 19618.895663
852.869131 18940.007960
853.871657 19029.299825
854.871662 18505.129421
855.872515 19587.591450
856.875448 19694.876279
857.877644 18907.096736
858.879582 18557.202978
859.880859 19795.969755
860.881354 18229.056236
861.881681 18716.059083
862.884698 19088.116212
863.886127 18347.339226
864.889298 18763.916373
865.891145 18381.371866
866.893588 18809.403546
867.894519 19834.005063
868.897640 19309.673727
869.900242 19382.320103
870.901048 19405.338651
871.902201 19136.985141
872.902928 18964.181686
873.905801 20023.235237
874.907108 19693.769601
875.909016 19784.593215
876.910989 18538.097781
877.913938 19471.733012
878.914677 19479.145478
879.917971 19518.918132
880.919626 19411.841021
881.919938 19949.584401
882.920316 18925.588582
883.924077 19853.366606
884.924705 18128.476696
885.924993 19936.163380
886.925407 19146.919368
887.928187 18660.804901
888.928498 19356.591570
889.931230 19303.059748
890.933331 19540.233541
891.934166 18892.661944
892.934896 18926.473770
893.938871 20280.518191
894.942396 18670.781889
895.942765 18957.045144
896.945637 19787.041175
897.947294 19312.109106
898.948419 19345.404159
899.949036 19165.145827
900.952247 19111.453003
901.952870 19179.884480
902.955369 19671.588948
903.958186 19693.817409
904.958555 18991.506411
905.960039 19214.168391
906.961561 19623.235623
907.964829 18777.830710
908.966768 19673.225514
909.968916 19822.413591
910.972193 19308.476300
911.972888 19443.201975
912.977076 19155.668238
913.978193 19073.485850
914.980600 18700.622297
915.980610 19231.625021
916.983650 19292.603270
917.983996 19397.926320
918.986218 19403.196861
919.986756 19126.220624
920.987268 18806.508003
921.989223 19118.420505
922.991058 19616.649377
923.992034 18104.029576
924.995294 18822.830508
925.996619 18945.270881
926.996817 18097.981450
927.999811 19542.832199
929.000476 19098.395974
930.002883 19142.968315
931.851969 18308.440816
932.855010 19620.942218
933.856196 18538.918333
934.856274 18686.003670
936.848459 18999.971639
937.849279 18624.717807
938.849975 19833.353768
939.850993 19204.667973
941.848633 18738.376227
942.849589 19545.752441
943.850930 18796.111820
944.851127 18803.313665
946.848039 18956.750377
947.850610 19020.599820
948.852060 19083.680589
951.850299 19065.092281
952.850379 19033.606655
953.851947 19539.279975
956.849804 19054.808832
957.851046 19276.799586
958.852702 19112.969323
961.848673 19193.699195
962.849341 19417.243464
963.850503 18340.898260
966.848408 19147.549649
967.850173 19182.680733
968.852269 19104.138621
971.848118 19506.346292
972.849097 19129.067137
973.851175 19103.353103
976.849680 18497.100148
977.849701 18504.787883
978.858489 18894.369942
981.851637 18418.557943
982.853047 18865.140578
983.853048 19103.224510
986.848953 15862.761504
987.850920 19181.155619
988.851455 19038.055088
991.847386 18736.442547
992.848798 18784.952685
993.849202 19287.649448
996.849580 22246.650364
997.850477 19404.503808
998.850586 18909.277633
1001.847303 18953.579671
1002.849142 18229.027491
1003.849455 19268.053931
