182.002408 18459.153893
183.003687 19714.715743
184.005758 19068.864524
185.009025 19180.058119
186.011596 19217.133493
187.014119 19519.330004
188.014249 18908.361160
189.017918 18944.599080
190.021505 19678.253034
191.025408 19413.242727
192.027020 20293.753825
193.030063 18748.784708
194.034446 18991.280072
195.037715 19253.048639
196.040023 18941.098669
197.040287 19466.227857
198.043154 19736.963527
199.047736 19665.842901
200.048948 18802.847243
201.049233 19454.272667
202.049526 19658.901236
203.051977 19084.114313
204.055834 19085.615269
205.055933 18597.924787
206.056912 19450.893431
207.060426 19068.889557
208.061756 18206.036187
209.063080 19572.302670
210.063642 18376.013723
211.066088 18887.304834
212.069476 18743.234288
213.070018 19099.471618
214.071906 19303.096679
215.075767 19508.299711
216.077096 19647.164447
217.077981 18848.972808
218.078873 19596.381047
219.079882 19076.660916
220.080282 18907.072063
221.083660 18978.929067
222.085557 19032.563692
223.086159 19334.594925
224.087158 19832.887016
225.088793 19562.902439
226.089591 18685.207956
227.092155 18919.667915
228.093800 19404.281026
229.095809 17860.962666
230.099032 18933.754984
231.102539 18753.314772
232.107082 19315.192015
233.107835 19884.183236
234.109697 19684.872233
235.109889 19071.379371
236.110907 19267.977303
237.113452 19335.322023
238.117265 18820.664915
239.117276 19835.319168
240.120761 18924.351872
241.123082 19719.723053
242.124754 18923.225527
243.127060 19845.826975
244.128870 18598.361960
245.131608 18806.683445
246.132449 19057.710641
247.134938 19219.433180
248.136275 18858.802583
249.137682 18706.201284
250.140894 19622.631384
251.144568 18808.634460
252.146727 18817.962181
253.149945 19105.326353
254.152426 19657.416016
255.153118 19621.249162
256.154431 18751.108714
257.156233 19281.007708
258.157316 19779.915832
259.158188 19271.930329
260.161693 19295.728117
261.162246 18875.306932
262.164691 18993.735169
263.165929 20351.866473
264.166114 19100.619954
265.168371 18889.407748
266.168918 20220.651067
267.171316 18280.264112
268.174182 18271.343368
269.175879 19175.457440
270.177882 19707.324739
271.178485 19820.395937
272.179431 18539.109787
273.180841 19756.836040
274.181712 20005.779307
275.185136 19009.837916
276.187478 19453.922304
277.189409 19116.773639
278.190032 18582.754086
279.193735 19011.699319
280.196166 19375.781981
281.199782 19381.763567
282.201235 18631.820492
283.203524 18770.413620
284.205972 19556.269747
285.207343 19065.974261
286.208551 19054.316278
287.209428 19166.600780
288.212177 18834.187640
289.215380 19439.010098
290.218174 18808.404773
291.220996 18492.395340
292.222475 20220.083622
293.223435 18930.307438
294.225745 19311.031484
295.226073 19085.728116
296.228431 19059.558241
297.230931 18951.823274
298.231677 19095.416987
299.232378 19222.649525
300.236767 18497.041479
301.239782 19196.559899
302.242547 19582.939617
303.242855 19174.804669
304.245681 19249.924061
305.248076 19410.206111
306.249874 19351.479724
307.253457 19054.705247
308.254501 19335.390146
309.256248 18623.212068
310.258111 19627.931418
311.260593 19079.389967
312.262838 19204.533938
313.265067 18535.348756
314.265154 18920.086818
315.265548 19110.292948
316.267891 19193.819997
317.268844 18824.573185
318.269089 19448.196479
319.269214 19320.193019
320.272792 19185.395490
321.275143 18733.450197
322.278345 19209.919623
323.281202 18872.511447
324.281835 18848.128762
325.282141 19621.095198
326.282590 19460.102973
327.285315 18672.345467
328.286829 18890.851743
329.289320 19452.819543
330.292090 18944.705140
331.296451 19896.817008
332.297528 19648.527445
333.299039 19222.610661
334.299630 18852.399982
335.300239 19614.795943
336.300606 19139.995914
337.301901 19431.524494
338.302120 19405.050480
339.303986 18923.592477
340.305766 19719.799696
341.309001 19202.934691
342.311921 19305.783004
343.313505 19860.237030
344.316407 18246.624609
345.317063 18560.694882
346.317872 20234.782572
347.318195 19652.794684
348.318984 19337.570240
349.320084 19388.836255
350.322976 19086.156452
351.326579 19471.589286
352.326955 19790.865647
353.328501 18759.018731
354.331593 19944.794528
355.332814 18887.449877
356.336391 19038.643725
357.339302 19965.848033
358.342663 18975.927968
359.346156 18874.701861
360.349065 19769.572357
361.352322 19189.421509
362.355011 19857.942035
363.355158 18836.049477
364.355603 19673.194663
365.355637 20013.343537
366.359030 18776.540436
367.361762 19497.153401
368.363804 18769.892018
369.365887 18887.757268
370.366538 18327.319607
371.371589 19186.362150
372.374580 18886.244772
373.375838 19317.644653
374.376930 19448.955435
375.379541 19314.697766
376.381616 19028.804833
377.383753 19049.343647
378.384243 20356.651149
379.384442 19326.444932
380.386622 18819.281828
381.387106 18374.207886
382.390549 19340.521116
383.390607 19394.209154
384.391454 18908.061545
385.393330 18966.772952
386.395735 18961.137240
387.399246 18491.202387
388.403328 19210.208743
389.404386 19710.915785
390.404863 18995.952249
391.407177 19107.933616
392.409015 19953.795793
393.410323 19512.448485
394.411973 18459.954804
395.415482 19587.240037
396.416844 18887.304320
397.417911 18911.581739
398.420726 18846.037226
399.424895 18303.371124
400.424995 19800.912226
401.426953 19418.630600
402.429260 19409.050980
403.430781 19163.390620
404.431548 18608.254006
405.431896 19439.866510
406.432383 19867.736567
407.432444 19140.279539
408.432725 18465.188541
409.435924 20315.114317
410.437540 19128.353466
411.441860 19644.723519
412.445045 19543.411693
413.446194 19803.737485
414.451220 18865.750730
415.454040 19821.280287
416.456606 18947.839976
417.459691 19829.624468
418.461944 19371.070405
419.465200 19434.947940
420.466988 19694.480942
421.469444 18636.581104
422.472508 18258.027856
423.474537 19135.952790
424.477469 19463.359134
425.478820 19711.927416
426.481295 18314.757308
427.484497 19484.836078
428.486932 18433.617590
429.491034 19777.677835
430.493643 19227.527780
431.496620 19358.495929
432.496656 19899.227583
433.498674 18893.144456
434.502086 19221.588050
435.504291 18628.256379
436.505320 19041.202817
437.509349 19862.737700
438.512085 19725.905286
439.514243 20062.455080
440.515526 19192.431732
441.517054 18680.244322
442.517240 19483.734274
443.520898 18548.364950
444.525079 19358.103245
445.525903 19076.726971
446.528603 19009.840423
447.530274 18672.503538
448.531535 19037.206112
449.531929 19138.202647
450.531969 19328.985866
451.533927 19824.147665
452.537230 18161.840400
453.539152 19261.257524
454.541301 19021.703359
455.542127 19119.220895
456.543971 18910.441097
457.546696 21180.801585
458.548288 19332.578330
459.550389 18832.041416
460.551593 18898.048853
461.553659 18901.465535
462.555452 19065.601417
463.556623 19153.133095
464.558333 19841.820275
465.561853 19072.843626
466.564477 19781.155080
467.567353 18940.936264
468.570477 19609.431797
469.572742 19367.081604
470.574127 19930.632711
471.575238 18455.656552
472.577588 19728.281397
473.578605 18947.742579
474.581950 18858.870955
475.584174 19176.393171
476.586477 18711.936662
477.587167 19479.899292
478.589866 18578.755929
479.592452 19704.342041
480.595924 19515.049787
481.598942 19106.597414
482.602373 18940.820041
483.604846 19356.809818
484.607279 18806.062631
485.608253 19867.326709
486.610195 18444.601341
487.614139 19920.950449
488.616148 18462.863679
489.619080 19074.531070
490.620892 20645.254012
491.622829 18444.430895
492.626637 18999.305296
493.628732 19841.416983
494.630222 19320.677194
495.631898 18667.564687
496.634713 18923.509265
497.636195 19119.462016
498.638305 19011.578702
499.640413 19495.845815
500.643704 17879.243930
501.644164 18921.888172
502.646321 19529.626569
503.646569 18047.366061
504.649221 19109.624081
505.652107 19278.726424
506.655932 19379.576227
507.657658 19378.379093
508.659452 18670.471561
509.661857 19549.925586
510.664935 19367.856438
511.668005 19803.523528
512.671527 19499.199282
513.672012 20064.065357
514.675481 19403.916783
515.675758 18527.140879
516.677053 18864.723083
517.677462 18631.112325
518.678940 19473.877256
519.681069 19818.008093
520.685360 18480.667502
521.687798 19463.381123
522.690747 19493.230115
523.692886 19186.280652
524.696369 19562.869583
525.699448 19426.187796
526.702625 19358.059596
527.703367 19538.441684
528.706015 19002.307837
529.707973 18684.306289
530.708763 18560.792381
531.711882 20190.222735
532.714590 20151.213383
533.718553 19249.381557
534.722076 18989.273449
535.722096 19409.295912
536.723975 19161.503546
537.726829 19959.109051
538.729041 19038.401930
539.732980 19360.288948
540.736191 19034.512420
541.738301 19082.276413
542.740735 19126.543380
543.743124 19216.031007
544.746024 18575.358640
545.749677 19225.828351
546.750081 19533.888327
547.751368 19291.070386
548.754797 19098.172451
549.758057 18909.155980
550.760408 19243.644093
551.763854 18719.317358
552.767574 18220.762826
553.771296 19482.145798
554.771481 18367.219665
555.774002 18892.345081
556.774615 20014.121307
557.776500 19348.912430
558.779696 19001.792540
559.780621 19678.794014
560.782440 19012.932471
561.782953 19705.093716
562.783904 18225.709901
563.785694 19058.208009
564.789502 19719.214820
565.792705 19348.343591
566.792860 19043.047808
567.792911 19503.371195
568.795630 19984.483149
569.798397 19016.565438
570.799635 19485.222757
571.802549 19427.568175
572.805210 19648.494897
573.805801 19054.621463
574.807802 19365.691057
575.808897 18442.201045
576.811336 19198.956707
577.813029 18568.614940
578.816481 19976.542698
579.818821 20350.997942
580.822274 19807.133021
581.822301 18911.060898
582.825876 18327.862110
583.828655 18294.701722
584.829691 18213.318125
585.833316 19478.423638
586.834283 19210.514351
587.835877 18633.127098
588.836183 19258.529004
589.838173 19368.738505
590.840893 19246.284256
591.845213 19467.020508
592.847688 18237.431006
593.851647 19025.601132
594.851989 19763.089906
595.855675 19086.945303
596.856515 19597.460791
597.856625 18889.227024
598.859467 19478.131623
599.862515 18845.175594
600.865100 19596.134987
601.865268 19740.986158
602.869195 18792.535109
603.872216 19548.201813
604.872642 18810.310990
605.873288 18848.386089
606.875701 19386.622013
607.876886 18934.378013
608.877456 19286.150542
609.880106 18760.927386
610.880836 18673.312084
611.883413 19780.786428
612.886214 19049.574857
613.888422 19119.593177
614.891172 18964.388274
615.893854 18760.859804
616.894338 18618.178085
617.896539 18510.085606
618.898523 19508.674206
619.901298 19386.601065
620.904530 19114.272787
621.906121 19501.715396
622.907874 18931.987652
623.910054 19382.389732
624.912597 18871.458863
625.915260 19077.374765
626.916526 19086.434937
627.918631 19650.842577
628.920360 19486.368172
629.920505 18603.963190
630.922893 19231.177111
631.927362 19109.610269
632.930841 18920.084309
633.931639 20270.800931
634.935198 19445.478241
635.938076 19406.427481
636.938999 18512.612253
637.940545 19345.947457
638.942570 18881.315073
639.945622 19067.573915
640.946189 19500.637841
641.949290 18529.791073
642.952698 19079.283943
643.955793 18947.799846
644.956906 18964.627872
645.958916 18869.810640
646.961012 19192.854526
647.962456 19105.896955
648.963747 19544.296291
649.967403 18535.895569
650.967487 18411.736181
651.970388 20494.577381
652.973431 18736.553682
653.973910 18801.154569
654.973951 19192.569130
655.974365 19051.152133
656.974877 19554.045301
657.976652 18679.687315
658.980046 19370.600750
659.984445 18372.831665
660.985346 18944.559034
661.986133 19316.472194
662.988853 19062.445759
663.991444 18925.335937
664.996205 20125.039436
665.997069 19722.658015
666.997512 19155.784267
668.000808 18910.321498
669.004859 19167.575355
670.005368 18948.434706
671.009526 19026.564081
672.011746 18876.450793
673.013844 19316.207757
674.016641 19380.865353
675.019301 19278.200820
676.022317 19189.612068
677.025754 19364.734099
678.029261 18874.471773
679.030345 20076.181480
680.032590 19907.759669
681.287302 18910.638982
682.290284 20101.329550
683.292343 18366.397689
684.292497 18789.735528
685.292663 19899.267946
686.295811 18907.758242
687.296213 19210.725492
688.297306 19667.906761
689.299724 19183.708053
690.302875 20206.892156
691.304531 18619.375923
692.307125 19685.531994
693.307502 19154.236697
694.308779 18990.178780
695.309215 18988.769427
696.312813 18679.925950
697.313786 19436.616543
698.314212 19207.059664
699.316393 19396.104571
700.320556 19915.197583
701.322670 19349.863895
702.324290 18618.632686
703.327346 19480.619610
704.329695 18095.546939
705.333301 18731.098651
706.334287 19369.470038
707.334905 19209.890324
708.336503 19102.896641
709.338096 18897.035877
710.338356 18825.996651
711.340495 17934.344252
712.341572 18400.183963
713.342723 19198.108087
714.342746 19290.055426
715.346275 19386.940612
716.347652 18566.998506
717.349434 18741.507083
718.354001 20247.777045
719.354603 18184.316344
720.357962 18815.000080
721.358820 19049.349924
722.360617 19347.229174
723.363406 20186.633756
724.365084 18651.165034
725.369401 19169.398736
726.370599 19640.673892
727.372956 19598.705593
728.377019 19235.834759
729.379634 19179.009620
730.380400 19802.821259
731.381229 19321.480024
732.384684 19159.086692
733.387227 18757.456681
734.389155 19795.836469
735.392527 19536.758974
736.395115 19527.721851
737.398631 18688.415939
738.401320 19572.475445
739.402314 18689.419658
740.403036 19124.468124
741.403407 18758.371971
742.404635 19116.584964
743.406399 19566.757802
744.407954 19409.299298
745.411238 19010.440094
746.412335 19796.091947
747.415542 19496.534720
748.420171 19737.103832
749.423157 18509.559318
750.426251 19559.918592
751.427461 19915.204593
752.427940 19611.691286
753.430939 18884.597811
754.433355 18891.457499
755.435998 19263.712954
756.437113 19998.076824
757.438077 18648.238795
758.438489 19196.363115
759.442772 18515.165855
760.443899 19677.367791
761.445072 19053.935342
762.448101 19196.885233
763.448136 19066.454871
764.450735 18862.846173
766.283389 19876.384196
767.283846 18928.731135
768.287748 20101.119637
769.288138 19114.340935
771.282945 19490.793536
772.284170 19335.051324
773.287220 19530.685023
774.289113 18595.275145
776.282545 18952.494147
777.283952 19875.626777
778.285877 19121.428623
779.286160 19050.941722
781.282194 17847.635778
782.285519 19478.912027
783.286658 19123.666068
784.289240 19987.858025
786.282007 19045.293587
787.283114 19203.810547
788.286296 19125.595703
789.288341 18681.910234
791.282816 18949.178265
792.282981 19090.207990
793.287266 18998.034447
794.289486 19564.605409
796.282176 19424.288257
797.286261 18658.342881
798.286873 18814.084377
799.289713 19727.946877
801.281753 19818.772500
802.282879 18868.804141
803.286004 18787.295014
804.288095 19702.975938
806.281900 18399.138115
807.285368 19205.507063
808.286583 18871.566704
809.287331 18385.962733
811.282308 18788.155830
812.282747 19662.786015
813.285514 19647.682154
814.288722 19229.649299
816.283331 19877.999328
817.287105 19114.938226
818.287876 19328.182030
819.290375 19490.222419
821.282789 18973.769648
822.285582 18798.920053
823.285746 19339.210425
824.287383 19038.814736
826.282299 20169.114367
827.285482 19567.906685
828.285870 19285.113028
829.288221 19318.098468
831.283043 18750.602550
832.284426 19035.332737
833.285479 19381.568670
834.286587 19289.718669
836.281945 18844.765420
837.284105 19349.844723
838.285718 18092.349589
839.288758 19956.182413
841.282044 18975.720982
842.283655 18710.946339
843.286815 19409.458529
844.287159 19164.524040
846.281489 18952.995670
847.282336 18672.126919
848.285921 19273.628979
849.289805 19194.510484
851.282124 19308.996504
852.284432 18993.767443
853.287022 19654.891060
854.289102 18721.534276
856.282711 19281.913456
857.284648 18747.599570
858.285505 17978.041890
859.287818 19316.689262
860.288045 19840.804804
861.288627 21397.551105
862.290599 19214.304459
863.291484 18734.492247
864.292520 19327.945711
865.292835 19429.606724
866.295500 19821.019459
867.297432 19514.748793
868.299759 19183.644928
869.303523 19131.199224
870.305372 19263.264069
871.305697 18785.849579
872.306121 19703.742465
873.307515 18936.396586
874.308884 19616.343192
875.312717 19288.871534
876.314239 18801.890776
877.314505 18274.308871
878.314818 19954.154424
879.317127 19707.669670
880.320197 19689.108235
881.322061 19197.820879
882.322869 18818.089888
883.323893 20726.289000
884.323961 19050.153606
885.326354 19516.996990
886.327993 17983.464634
887.330988 19595.007838
888.333863 19423.834955
889.336724 19011.668772
890.337431 19472.394663
891.339570 19787.809689
892.342738 19555.309461
893.345015 18181.374887
894.348065 18811.471001
895.350246 18877.772646
896.352685 18961.843079
897.354093 20022.588492
898.356955 19265.700121
899.358954 18665.712969
900.361648 18564.740982
901.361714 19394.637573
902.364619 19471.982740
903.365215 18341.086615
904.365838 19646.700483
905.366786 19186.435686
906.367320 19589.071646
907.369358 18659.710746
908.371750 18673.232036
909.375765 19384.648855
910.375880 19439.037171
911.378565 17969.142863
912.382946 19683.680493
913.387038 19258.132828
914.390879 19166.398446
915.392990 19651.647241
916.394914 18900.560650
917.396822 18605.903450
918.398652 19546.755658
919.398984 19029.233355
920.401624 19786.230121
921.403679 18569.321603
922.404618 18751.908022
923.406801 19188.768576
924.407555 20097.467474
926.283991 19359.727878
927.285786 18900.926122
928.288452 18698.456914
929.288565 19250.541837
931.283521 19442.559034
932.284968 19153.417088
933.286164 18080.493308
934.288146 19311.508061
936.281047 20954.412013
937.283073 18701.801904
938.283684 19255.136942
939.283809 19158.929743
941.283186 19752.262288
942.283775 19216.620271
943.287642 19561.193950
944.289180 19219.628677
946.282711 19110.264110
947.284299 19240.776053
948.286091 19246.036994
951.282163 18649.293473
952.282689 19468.565714
953.284057 19022.084785
956.281978 19095.249666
957.283546 19301.391597
958.285974 18570.165247
961.282351 19370.165497
962.282399 19621.953771
963.284248 19100.289729
966.281813 19688.224954
967.283245 19151.602477
968.283246 18749.974587
971.283183 18837.252435
972.283511 19117.967320
973.286556 18632.522689
976.283945 19636.064610
977.284809 19118.548233
978.285748 19083.045554
981.281651 18993.006395
982.281916 19219.458615
983.282577 18987.836094
986.281903 19394.051729
987.284080 18345.796599
988.285545 19405.889509
991.281588 19022.244774
992.284227 19107.900967
993.284776 19188.731686
996.282494 19051.958129
997.283592 18887.407482
998.284908 19224.313523
1001.283016 18874.861120
1002.283315 18810.445163
1003.284246 19528.754271
1006.282718 18987.411260
1007.284075 19208.709995
1011.282788 19264.298412
1012.282877 18997.276322
1016.282101 18901.866617
1017.282886 19189.471752
1021.281480 18968.605153
1022.281509 18660.948858
1026.282514 19011.788778
1027.283408 19237.225424
1031.282652 19237.197372
1032.283848 19043.641293
1036.281010 19613.741127
1041.281010 18989.803549
1046.281010 19142.166756
1051.281010 19187.811512
1056.281010 19234.595971
1061.281010 19061.269855
