92.000483 19464.786947
93.001933 18496.788042
94.003317 19248.935456
95.004598 19745.181850
96.004753 19293.637313
97.005697 18779.417244
98.007399 18889.115259
99.008378 18761.632563
100.009989 19040.720067
101.010325 18749.513637
102.011228 19254.487052
103.012599 19242.428315
104.013869 19225.348554
105.014756 19328.990681
106.016399 19096.630353
107.018197 18950.168131
108.018748 19389.427661
109.019252 19441.948458
110.019442 19488.098080
111.020053 19075.664091
112.020751 19397.937114
113.021538 18816.501847
114.021753 19060.772412
115.023225 19259.526276
116.094337 19326.733298
117.095664 19487.279481
118.097579 18827.671512
119.099760 18945.976670
120.101248 19181.721541
121.101936 18601.828888
122.103827 19197.122163
123.105795 19685.553267
124.107510 19047.235457
125.110343 19380.934963
126.112068 19280.878725
127.114288 18920.722676
128.115157 18519.374340
129.117692 19128.216060
130.119389 19465.570670
131.121355 18761.020180
132.121804 19628.377007
133.123632 18630.224560
134.125834 19249.030814
135.126429 18920.008505
136.127186 19401.936457
137.128206 19362.180107
138.128457 19071.597277
139.130812 19481.665208
140.130931 19716.048464
141.132359 18893.011557
142.133409 18942.367508
143.134393 19124.540409
144.135604 18699.660944
145.135758 18953.238021
146.136824 19385.211184
147.139235 19416.237478
148.140929 19339.148723
149.141701 18709.694932
150.142095 18882.249792
151.143563 19587.093109
152.145411 18848.434370
153.147935 20020.254898
154.150804 19050.869790
155.151149 19101.893640
156.152338 19504.896642
157.153896 19595.318059
158.157200 19481.335860
159.159616 19680.585676
160.161821 18967.563267
161.162094 19611.788937
162.164053 19782.331321
163.166801 19100.720176
164.167670 18648.956700
165.170779 19640.382778
166.171561 19110.271588
167.174505 19682.361402
168.175015 19266.230821
169.177813 19146.607717
170.180366 18760.894527
171.183329 19918.101836
172.184757 18823.672500
173.185856 18735.739102
174.186114 19822.026509
175.188376 18928.362928
176.191137 19187.596826
177.193091 19433.999245
178.195665 17656.785116
179.198098 18950.402626
180.198765 19203.731286
181.200416 18582.526740
182.202261 18886.913370
183.203285 19052.730403
184.206856 18657.542918
185.209778 19700.682105
186.212640 18801.317011
187.213132 18378.297363
188.215561 18526.694474
189.218676 18904.733991
190.219274 18578.553946
191.221359 19778.156890
192.221788 19066.825472
193.222045 19926.182044
194.223121 18693.874271
195.223365 19399.038577
196.227219 18912.680111
197.229461 17989.975249
198.230128 19577.588381
199.233776 19655.510465
200.235114 19127.648125
201.237819 19614.191101
202.238425 18310.079837
203.241437 19287.808484
204.244754 19389.572172
205.245099 18600.860872
206.247301 20234.833708
207.247703 19763.691852
208.250145 19059.974664
209.251362 18906.671242
210.252744 19069.180470
211.255391 19014.077863
212.258328 19841.868399
213.261238 18490.747535
214.263205 19355.358896
215.265669 19006.421478
216.266822 18676.631709
217.266947 18867.338983
218.270801 19368.731522
219.271860 19120.105623
220.273936 18465.160070
221.277568 20056.121361
222.280664 19177.598195
223.282783 18855.377798
224.285525 18417.472680
225.289984 19353.165696
226.290786 18588.755455
227.291735 19340.823327
228.292268 19050.583819
229.296555 19004.352524
230.300164 18674.215619
231.303679 19149.342840
232.306437 19777.386814
233.307508 20060.505746
234.309708 17729.757724
235.313254 18801.042366
236.314823 18782.669159
237.318019 19580.430485
238.320061 19846.849650
239.323949 18885.986272
240.326580 19434.108817
241.327011 19355.290519
242.328460 19701.739684
243.331121 18767.459532
244.333090 18682.045974
245.334202 19081.551215
246.337684 19095.747658
247.338259 18888.075165
248.339351 19656.214621
249.341228 19130.762739
250.343085 19292.374845
251.346041 19611.145003
252.347536 19594.483752
253.348399 18620.250266
254.351220 20059.114654
255.352869 19503.080115
256.354641 19137.627364
257.357349 19685.472754
258.358163 19345.877562
259.359973 18170.653597
260.362641 18884.833583
261.363055 19272.392402
262.365548 18324.124347
263.366959 18814.200586
264.367590 19385.682081
265.368682 18176.815555
266.370854 19346.536981
267.373268 19803.067673
268.373709 19792.674998
269.374127 18967.072132
270.375896 20049.662866
271.377297 19323.395015
272.378722 19031.487688
273.381693 18394.462671
274.382133 19288.059037
275.384238 19493.062156
276.388208 19266.404322
277.392198 19826.288970
278.393940 19266.758686
279.396180 19063.961723
280.397256 19133.932679
281.399804 19555.195836
282.401794 18841.925993
283.403766 19582.326035
284.407533 18893.951402
285.408102 19266.497227
286.410527 19481.960828
287.411475 18501.903782
288.413368 20514.285842
289.413487 19469.623125
290.415404 18998.262282
291.417194 19189.365441
292.420772 18736.655681
293.424418 18855.153777
294.424476 19110.340022
295.426019 18852.333546
296.428394 19400.438412
297.430675 18328.718776
298.433194 18888.987219
299.436646 18733.037933
300.439653 19797.196177
301.442440 19131.914678
302.445994 19487.182448
303.448703 19212.370036
304.449863 18576.176802
305.452763 19194.330455
306.456321 19265.502684
307.458831 19064.330573
308.460854 19112.243208
309.461516 18582.820458
310.462560 18822.678048
311.464556 19295.214232
312.465643 19275.533136
313.468486 19561.022973
314.471416 19608.773716
315.474341 18726.634053
316.475080 19669.341282
317.477824 19589.727511
318.479116 19064.828561
319.481670 18888.760690
320.486028 19285.060731
321.489518 19995.377668
322.491182 19845.069749
323.493512 18874.183053
324.494124 19385.182003
325.495611 19132.638296
326.496495 18790.572735
327.497176 19214.921374
328.500535 19621.858348
329.504669 19286.505666
330.506802 19629.460442
331.508729 18178.231649
332.508809 19275.361576
333.512079 18310.802317
334.512727 18936.450241
335.516989 19771.837976
336.518100 18840.323296
337.521151 18725.269388
338.521816 18634.797663
339.522838 19432.398267
340.524132 20102.518289
341.526268 19190.596511
342.528695 18893.726429
343.530949 18692.319080
344.532159 18663.815130
345.535503 18695.900549
346.536409 19447.173872
347.538184 19008.170877
348.541034 19240.050819
349.541293 20121.235383
350.543109 18667.044061
351.546065 19072.335654
352.546770 18852.586121
353.549024 19325.392403
354.551923 18712.810209
355.555677 19276.507016
356.556227 18824.956240
357.559022 19361.246983
358.562384 19773.948860
359.564375 18885.487033
360.568105 19346.611326
361.570146 19701.249346
362.572007 19386.769415
363.572184 19006.678371
364.572316 19099.225860
365.573939 18962.173381
366.575197 19725.376225
367.575919 19916.375514
368.578329 18870.513069
369.580136 18993.109829
370.583104 19095.186431
371.587044 19300.135642
372.588710 19917.581696
373.589837 18779.679866
374.591296 18805.178194
375.594325 20000.260938
376.595814 18360.914605
377.599222 19482.192855
378.602689 19067.431064
379.604959 19823.511256
380.607605 19739.141336
381.610335 18690.912333
382.612285 19343.185169
383.613790 18848.337571
384.615175 19009.702685
385.616928 19396.340840
386.620003 18581.130410
387.623761 19039.150951
388.624407 18878.137825
389.625808 18809.171998
390.626667 18438.082828
391.628920 19628.871107
392.632529 19390.484913
393.635952 19299.603718
394.638266 19347.664599
395.639962 19108.431433
396.640621 19165.290968
397.642703 18889.958819
398.645219 18986.543443
399.650876 19831.811097
400.651338 18586.288729
401.653131 19167.328164
402.654929 19403.018677
403.655531 18569.575188
404.657802 19300.836031
405.659324 19149.325497
406.659402 18565.520772
407.660059 18833.764557
408.661252 18661.245948
409.664256 18645.233051
410.668055 19193.658774
411.672238 18807.117910
412.672586 19245.844397
413.675400 18680.913520
414.676426 19045.873273
415.679419 19127.692472
416.681273 18498.985395
417.684603 19491.842563
418.686585 19624.615540
419.689181 20085.775757
420.691120 19433.150446
421.694056 20224.422666
422.694718 19109.964396
423.697272 18668.600731
424.701499 19025.723391
425.704577 18622.647879
426.705939 19235.405012
427.707214 18240.287687
428.707272 18647.798569
429.707920 19378.056287
430.710399 19061.438677
431.713723 19240.522071
432.715290 19533.295430
433.716372 18912.237525
434.719867 19339.764731
435.720290 19768.943586
436.721246 19694.922979
437.721383 19037.407344
438.722795 18589.898697
439.724273 19326.697038
440.727042 20098.681527
441.727629 19036.678088
442.730376 18548.609429
443.730552 19901.928466
444.733094 19103.548030
445.734692 18610.856550
446.738037 18814.055208
447.739684 19595.768715
448.741223 19078.917658
449.741418 19162.549021
450.744832 18680.479720
451.745354 18807.745728
452.747282 18702.050970
453.750249 19300.727760
454.753017 18467.935411
455.756139 18581.073308
456.756423 18409.360343
457.759445 18655.827359
458.759900 19493.123488
459.763458 19386.358449
460.765279 19065.240744
461.767264 19296.761085
462.768697 18931.699349
463.770286 19003.278730
464.772231 19586.701637
465.774912 18933.009380
466.778499 18866.771643
467.781320 19465.311940
468.784338 19183.456984
469.787340 19665.968146
470.789796 19068.687129
471.791824 18967.144348
472.794912 18728.294844
473.796682 19459.396546
474.798893 18690.577537
475.801902 19099.103791
476.804444 18136.106268
477.805190 19032.307370
478.805865 19238.831383
479.806715 19263.922232
480.810322 18844.589342
481.811692 18366.937481
482.814358 19914.290989
483.817186 19766.532527
484.820379 19446.250055
485.823328 19490.005140
486.826694 19581.695654
487.828841 19162.154889
488.831607 18989.264572
489.833775 18269.077542
490.837315 19543.708590
491.838857 20069.839708
492.841724 19158.456661
493.842865 19163.447808
494.844574 18213.400312
495.845032 19695.688068
496.845739 19197.641542
497.848149 19699.735049
498.850623 19630.660322
499.852471 20683.405333
500.855769 18614.114704
501.858687 19067.027391
502.862503 19436.287625
503.865677 19271.385603
504.868119 19455.602939
505.870462 19342.419374
506.873506 19572.431025
507.875328 19330.677572
508.875671 18770.391895
509.879224 19872.919096
510.881665 18428.915471
511.884831 17245.854074
512.886665 19277.179904
513.886832 19310.371003
514.889238 19050.762862
515.889278 19273.558119
516.892862 18690.393014
517.896066 18931.757688
518.896218 19457.950835
519.899962 19653.039242
520.900218 19888.286876
521.902082 19020.710217
522.902800 18731.445821
523.905118 19378.192749
524.906638 18717.381668
525.907174 18983.556910
526.908550 19307.283156
527.910187 18370.718118
528.912349 19437.473431
529.914114 19946.833320
530.916023 19219.836735
531.919253 18829.962544
532.921267 19887.329674
533.925020 20179.385117
534.926681 18782.628278
535.927741 19615.609622
536.928048 19179.322731
537.928375 19240.568834
538.928881 19478.490216
539.929088 18997.764440
540.930281 19098.088725
541.932210 18958.899928
542.932914 19149.008467
543.936123 19684.242600
544.938783 18690.842044
545.939641 19293.152259
546.942080 19349.844462
547.942086 19264.573075
548.943855 18641.348706
549.944623 19361.037724
550.946208 18746.526114
551.948003 20063.429591
552.949404 19725.015440
553.951941 18325.878302
554.956013 19614.249863
555.958679 19015.479824
556.959748 18829.964202
557.961756 18757.759091
558.964523 18713.301138
559.966615 19129.041386
560.970286 18871.873551
561.973138 19779.149039
562.973901 19206.159581
563.976580 19603.555944
564.978392 19545.221861
565.979316 19100.731590
566.983121 18937.219485
567.984162 18897.489628
568.987231 19598.849911
569.990948 19078.158374
570.991012 18618.425101
571.991918 18949.076076
572.992316 18445.319070
573.995754 19329.539596
574.998112 19676.105223
575.999286 19547.367168
577.000427 19415.313177
578.002190 18718.331688
579.004272 19505.096851
580.005490 19212.104081
581.006832 19474.035478
582.009727 20201.736253
583.012496 18541.468995
584.012903 19208.576749
585.015889 19152.541224
586.016844 19261.195615
587.016966 18835.842499
588.019851 18552.696350
589.022690 18673.364822
590.026357 19215.911555
591.027033 19720.132986
592.028828 18185.978349
593.032344 18327.539148
594.034746 19418.346484
595.037093 19744.346767
596.038802 19366.587105
597.041874 19538.596930
598.042218 19238.165728
599.042428 19470.518375
600.045286 19292.296176
601.046827 19409.262986
602.047369 19148.512588
603.050413 18621.033811
604.051824 19733.569018
605.055104 18855.839147
606.056539 18975.903959
607.056579 19363.018180
608.060645 20503.991935
609.061053 18608.928242
610.061699 19224.938815
611.064136 20047.487892
612.065645 18909.928550
613.066754 19586.415070
614.069434 18914.649550
615.072543 18154.451649
616.073537 19652.435308
617.077001 19468.121689
618.079615 18898.991238
619.079791 18623.139795
620.082996 19194.297447
621.083353 18665.146380
622.084280 19154.723664
623.085481 19332.081949
624.086573 18513.565479
625.088755 19749.228828
626.089121 18544.070403
627.091213 19167.244042
628.093168 18980.377848
629.094497 19238.086116
630.097011 20330.005666
631.098958 17964.986564
632.100702 19355.538327
633.102090 18280.476188
634.105689 18658.746685
635.105903 18795.030868
636.107641 18182.293581
637.109701 19137.209959
638.113225 18279.573058
639.114619 19841.322381
640.115402 18888.248703
641.115708 19778.285484
642.115969 18834.998116
643.116709 19216.558955
644.117272 19070.602858
645.119120 18551.802354
646.119195 19681.170621
647.123343 19526.923962
648.125879 20403.359588
649.129263 19094.080241
650.130572 18867.428677
651.132430 19110.728648
652.134976 18890.591271
653.138822 19052.679852
654.140832 19628.275900
655.143365 19519.179030
656.143702 19562.318187
657.144488 19486.955506
658.146657 19355.779961
659.153597 18957.519813
660.156257 18964.767118
661.157603 19031.809282
662.159356 18515.483025
663.161003 18860.124310
664.161841 19508.555899
665.162551 18449.806080
666.162774 19334.452047
667.163222 19953.009354
668.164691 19965.423122
669.166775 18843.968759
670.169399 18922.574379
671.169524 19247.965831
672.170030 18662.205101
673.173845 18637.571148
674.173931 19268.802246
675.177500 18470.646628
676.178057 18842.411005
677.180869 18176.517803
678.182024 19613.928688
679.185576 19010.879868
680.187529 19398.268945
681.189620 19338.868806
682.193709 19277.897382
683.195252 19434.488305
684.197811 18317.897038
685.198855 18789.166885
686.200605 19424.726551
687.204224 18800.024717
688.206748 18750.626496
689.209587 18687.904733
690.211071 19508.257906
691.213405 19822.723299
692.214687 19379.354031
693.217451 18968.566864
694.217835 19025.537010
695.219206 19812.139777
696.222415 18837.311630
697.225952 19500.727011
698.226799 19527.650972
699.227749 19662.786923
700.230031 19702.200295
701.230848 18853.938139
702.234614 20004.527989
703.237138 19067.909033
704.237303 19222.179565
705.239180 18434.626953
706.240304 18811.381931
707.241813 19032.603982
708.244814 18363.629320
709.247709 19786.023065
710.248782 18796.937827
711.251116 19256.737076
712.253116 19589.679345
713.254657 19131.318953
714.257572 18600.572265
715.259472 19371.409293
716.261653 20070.965909
717.262642 18920.395592
718.264234 18916.044935
719.267307 20211.674804
720.269142 19008.617035
721.271199 19280.293462
722.272411 19503.387913
723.276228 18516.718121
724.277671 19665.203313
725.279264 18912.547885
726.282912 18783.735241
727.283545 19231.173081
728.284652 19038.348767
729.285081 19266.026243
730.286880 18966.057466
731.287620 19096.928654
732.288793 19038.568370
733.289630 19145.912349
734.292350 19937.737796
735.292709 18751.118810
736.295626 18949.284352
737.296227 18670.822783
738.299902 19674.526406
739.303064 18810.164821
740.303553 19093.129844
741.303971 20073.103479
742.308089 19859.091076
743.309685 18873.039523
744.311281 19564.713371
745.311424 19879.391194
746.312722 18936.859016
747.316176 19700.916836
748.316520 19114.789797
749.317509 19622.348882
750.319129 18611.192399
751.319482 19512.628779
752.320137 18915.397454
753.321969 20214.671614
754.324348 19527.633444
755.326273 18888.423159
756.708348 19275.131670
757.710716 19833.927918
758.711223 19193.529530
759.712561 19345.144871
760.714206 18928.624940
761.716674 18745.491108
762.718895 19227.371380
763.721371 19401.842483
764.722691 19598.985369
765.722811 19921.261591
766.724973 18997.538949
767.728033 19366.371469
768.731015 18771.462527
769.732359 18669.496727
770.733527 18844.856568
771.734496 20514.555971
772.738964 19310.767163
773.740713 20321.932725
774.744469 20088.170896
775.746674 19580.182571
776.747131 20419.813311
777.748328 18633.821805
778.752390 18350.643466
779.752781 19277.535771
780.753829 19365.093639
781.755883 19686.065066
782.757644 18683.149406
783.758280 19015.647209
784.759362 20340.729966
785.759445 19024.124956
786.759937 18892.574875
787.761891 19747.830429
788.764923 20130.692793
789.766065 19084.924386
790.766593 18749.107466
791.767427 18375.130912
792.770046 18714.986664
793.773540 19093.999430
794.776661 18718.208871
795.777788 18950.241397
796.777801 19715.380000
797.781708 19129.682401
798.785676 20601.861994
799.787042 19074.677976
800.787816 18630.587071
801.789614 19616.930498
802.792207 19333.932826
803.792369 18936.080581
804.795077 18815.742275
805.796487 18795.245347
806.797755 18800.261782
807.799099 19743.401101
808.801115 19585.755685
809.803697 19207.795595
810.804612 19169.692125
811.806096 18633.210287
812.807908 19838.139763
813.810217 19575.321642
814.810727 18559.920059
815.811521 19255.123208
816.812932 19852.816708
817.815010 19093.387172
818.816248 18934.338337
819.820997 19291.057362
820.822495 19387.672069
821.823537 20549.081853
822.827154 19460.790821
823.828109 19335.882746
824.829610 18521.132498
825.832082 18786.846512
826.833105 19289.789846
827.833984 19815.753579
828.834283 19206.351319
829.838099 18984.457820
830.838925 18991.630710
831.839402 21180.483868
832.839805 19734.709018
833.842613 19840.280832
834.845205 19178.177471
835.846023 18798.094066
836.847801 19773.014694
837.849653 18154.542199
838.851589 18476.101320
839.855180 20161.546033
840.857053 18959.318583
841.860495 19426.126868
842.861021 18374.387480
843.864228 19992.166964
844.865756 19447.288436
845.866748 19704.873402
846.868502 19148.028765
847.871052 18502.689464
848.872488 18579.475072
849.873272 19313.893294
850.875131 19443.138097
851.877105 18139.633312
852.878318 19520.110487
853.880192 19386.503376
854.881996 19565.885781
855.883916 19081.676509
856.884784 18100.656221
857.888606 19100.910988
858.888751 19905.858369
859.889224 18459.054776
860.892093 19799.637742
861.894117 19155.903165
862.895982 18817.972885
863.899849 19327.716692
864.900359 20264.180182
865.901843 19169.339141
866.906592 19508.348960
867.908662 19344.286550
868.912831 18380.646281
869.914599 19116.428885
870.915593 18878.612209
871.916135 18358.548686
872.920122 18573.753077
873.922817 19336.790425
874.924031 19374.530929
875.924693 19120.081355
876.926578 19261.593817
877.927599 18725.096509
878.931317 19343.250289
879.933496 18670.964115
880.933832 18879.615425
881.934075 19237.437573
882.934617 19602.060119
883.938111 18491.203818
884.938593 19124.073245
885.942136 19298.113590
886.945696 18690.792014
887.947369 19397.713799
888.950171 18471.929182
889.952888 18203.773893
890.955274 19458.434537
891.956061 19500.964550
892.957900 19489.155671
893.957984 19229.168909
894.958121 18076.667022
895.958640 19384.291773
896.962022 19244.362054
897.964981 18919.766656
898.967068 19056.539356
899.968654 19578.072863
900.971226 19114.444135
901.971688 19226.288792
902.973030 19969.721558
903.974204 18640.985903
904.976023 18551.045233
905.979621 19803.774627
906.981110 19137.614042
907.981234 19208.775662
908.983080 19503.981441
909.985719 19267.944375
910.988785 19119.200985
911.988950 19446.842503
912.991410 19551.839154
913.993160 18181.738072
914.996239 19713.322807
915.997413 19246.457721
916.999175 18679.611715
918.001144 18835.760630
919.002781 18211.340203
920.006590 19260.673720
921.006984 19204.252907
922.009671 19502.559641
923.010888 19115.078097
924.013097 19726.189982
925.014134 19203.293805
926.014963 19052.103656
927.014982 19206.969953
928.017295 19070.212300
929.020101 18815.357677
930.021094 18862.855188
931.708018 19408.848787
932.708623 18981.789937
933.710012 19503.603826
934.711330 18940.361165
936.709929 19211.101625
937.710111 19073.821591
938.712310 18030.007919
939.712977 18800.374821
941.708348 20050.734125
942.710154 19175.401890
943.710919 19660.427923
944.711908 19231.769636
946.708221 19168.903617
947.709327 18873.252129
948.709422 20089.423743
951.708483 19352.293836
952.710588 18732.262155
953.713502 19387.628560
956.708754 19336.701780
957.710165 18720.118161
958.711139 19399.013772
961.708113 19115.826190
962.710573 19005.335087
963.711543 19170.840305
966.709246 19135.285133
967.710116 18473.646105
968.710166 19542.507691
971.706901 19105.370856
972.706949 19116.183062
973.709529 20078.673709
