32.000555 18320.570716
33.000776 18673.289321
34.000999 18980.554499
35.001935 18919.836993
36.139926 18620.516562
37.140064 18714.914154
41.139926 18811.282135
42.140595 18840.542854
46.139926 18899.888644
47.140352 18730.524660
51.139926 18984.764759
52.140017 18788.676664
56.139926 18910.609251
57.140392 18989.009579
61.141581 18778.807841
62.141782 18970.684050
63.141835 19180.390057
66.140598 18862.911901
67.140620 18976.997913
68.140990 19202.715515
71.141813 18907.854169
72.142286 18790.639821
73.142995 18727.834327
76.142862 19019.120621
77.143476 19005.830783
78.144114 18638.059935
81.142684 18708.398201
82.143123 18569.102223
83.143422 18732.779276
86.141755 19137.907344
87.142192 19328.521739
88.142288 19481.625208
91.142979 19082.455415
92.143409 19297.138776
93.144917 19655.181923
94.145079 19114.005820
95.145544 19291.376802
96.147300 18744.650265
97.147788 19129.607144
98.148477 18907.153995
99.149956 19305.846992
100.151048 19145.343421
101.151892 18992.703588
102.153207 19034.631789
103.153836 18763.145985
104.154555 19537.556789
105.155978 19625.722654
106.158235 18741.745102
107.158794 19290.769536
108.159345 19231.069961
109.160202 19033.803089
110.160450 19176.441864
111.161359 19261.361381
112.161481 19628.791235
113.162290 19275.684841
114.162648 18878.520541
115.163623 19498.075599
116.164575 18596.441981
117.164973 18814.329619
118.166534 19759.803906
119.167551 19090.796078
120.168601 19385.178703
121.168679 19413.665254
122.169813 19409.612075
123.169901 19176.365972
124.171358 18593.065856
125.173778 19404.210822
126.174990 19416.437890
127.176177 19745.498930
128.176214 19277.926154
129.176387 19137.732018
130.176534 19367.350733
131.178586 19947.784484
132.180239 19630.257424
133.181314 19592.446276
134.181619 19121.779998
135.182503 18848.070843
136.183558 19321.364302
137.184060 19458.429003
138.184640 19691.122966
139.184693 18693.388192
140.186351 18391.662370
141.188652 18854.401931
142.189956 19401.301091
143.193469 19317.909080
144.193949 18861.389198
145.196503 19289.670652
146.198702 18881.005931
147.200527 18676.596853
148.202479 19033.970176
149.204749 19292.070082
150.206719 19121.232463
151.208874 19533.346847
152.210239 18946.633967
153.210293 19330.574185
154.212628 19496.163343
155.215198 19103.914475
156.215641 19199.752400
157.218812 19564.062845
158.221079 18925.882012
159.222855 19064.059061
160.224795 19281.484785
161.225537 18976.946966
162.227455 19042.347236
163.230132 19449.477318
164.230657 19082.299526
165.234489 19702.869744
166.236005 19351.467800
167.239279 19481.938632
168.239699 19387.511433
169.241117 18787.377806
170.243032 19195.134393
171.246220 19068.376344
172.249059 19890.709472
173.249770 19958.768171
174.250458 19348.276589
175.250564 19664.119994
176.252065 19358.523402
177.252518 18957.580831
178.252897 19987.838445
179.252956 19007.973588
180.254121 19242.749207
181.256284 19755.119863
182.258914 18017.836906
183.259703 19018.395519
184.261493 19214.305192
185.263868 19356.597940
186.265951 18425.435150
187.266229 19696.374042
188.268823 18890.759207
189.271439 19214.676813
190.271870 18223.858444
191.273152 18760.106956
192.274162 19284.590677
193.277144 18767.325882
194.280947 19142.199917
195.282264 19248.333464
196.285845 19080.210483
197.286651 19158.206971
198.288424 19316.340511
199.288607 18789.530492
200.288670 18854.739674
201.290828 19951.049774
202.294796 19272.817230
203.298208 19440.140858
204.299084 19474.844112
205.301424 18852.421529
206.303491 19005.422830
207.305661 19391.866797
208.306112 19601.420097
209.308527 20363.626856
210.309570 19892.356404
211.309576 19160.646517
212.310052 19726.832678
213.313352 19531.134392
214.313896 19840.963602
215.314504 19229.378827
216.315594 19839.736362
217.317368 19336.322653
218.318579 20136.884274
219.319711 18795.381089
220.321877 18334.797082
221.325230 19348.108972
222.327589 18938.004177
223.329465 20027.122585
224.331170 19254.075085
225.334058 17893.766021
226.335089 18669.808236
227.335441 19656.982258
228.337355 18870.650450
229.340495 19596.154067
230.343927 20456.156712
231.344656 18817.752668
232.347162 18701.468238
233.349935 19242.668693
234.351662 19743.068529
235.353974 19039.152082
236.354095 20132.756501
237.355159 19949.201608
238.356644 19321.147069
239.358734 18430.241709
240.359823 20084.578312
241.362314 18958.882214
242.365042 19449.085064
243.366170 19195.151075
244.368187 19115.011359
245.370694 18623.495633
246.374151 19226.362744
247.377472 19458.130619
248.381789 19018.179855
249.382733 19275.221591
250.382806 19480.411754
251.386345 19418.131869
252.390730 20062.133726
253.394197 18872.373647
254.395428 18355.064320
255.398828 19175.541240
256.399857 18983.952490
257.403661 19240.546561
258.405696 19546.384359
259.409270 19483.369237
260.411552 19942.308734
261.414416 19768.309378
262.414783 19056.449478
263.415282 19210.793133
264.419299 19247.528448
265.422296 19013.704056
266.422306 19429.491058
267.423977 19004.571833
268.426899 18944.663579
269.430506 20442.504848
270.431717 19032.100209
271.433121 18845.559592
272.434601 18991.051058
273.435138 18962.831017
274.436988 18604.516894
275.437810 19176.086342
276.440851 18470.004267
277.444115 18383.622582
278.446075 19775.700102
279.448424 19167.297887
280.451557 18711.179694
281.455029 20147.954082
282.457520 18935.935952
283.459155 19105.810828
284.463319 19183.626153
285.466654 19046.721286
286.469012 18706.900584
287.471758 19077.658109
288.473311 18534.083420
289.474438 19587.643878
290.474809 19262.207421
291.476631 19082.241868
292.479975 19462.005939
293.482612 18343.624698
294.485974 18742.475954
295.487889 18897.349325
296.488169 18819.553662
297.491295 19362.523034
298.492781 19725.030678
299.493622 19050.877942
300.494718 18805.249100
301.494914 19330.951289
302.496076 19582.842497
303.498483 19430.802813
304.501889 19395.505353
305.503524 19567.211693
306.505340 19541.578441
307.507697 19187.490365
308.509448 19379.147773
309.509786 18799.874715
310.510902 19580.270958
311.512692 18912.279915
312.515176 18859.995268
313.516805 19188.729398
314.519793 19172.175856
315.519824 19005.184322
316.522586 18692.100868
317.526749 18689.981532
318.530220 18333.208901
319.533478 19008.601009
320.534096 19815.279436
321.536371 19081.235091
322.539259 18712.050037
323.541804 19559.659007
324.542240 19546.315567
325.543195 19304.672686
326.545242 19849.074136
327.547573 19362.605846
328.551653 19089.267906
329.554888 18942.684163
330.558235 20144.680726
331.561793 19349.382543
332.565296 19990.432847
333.568342 19356.209324
334.570023 19338.567400
335.571035 19456.776494
336.572449 19253.218314
337.575977 18983.465348
338.580024 19045.937277
339.582114 19879.132992
340.587132 18819.931065
341.588081 20302.788860
342.590854 18215.563459
343.591018 19238.907723
344.591112 19622.677976
345.591249 19510.052991
346.593718 19314.739392
347.596784 18857.250934
348.598804 18746.389299
349.601863 19225.976596
350.605434 19330.147049
351.607453 18953.641151
352.610465 18354.693583
353.611697 18498.271287
354.615409 19930.562754
355.616915 18745.787588
356.620662 19639.604651
357.622148 19447.749732
358.622392 19750.361871
359.624280 19494.606042
360.628851 19433.744783
361.632516 18856.471720
362.635099 19894.810079
363.635689 20097.501960
364.636086 18699.802421
365.637476 19409.152549
366.637486 19608.307295
367.637858 19000.543854
368.640904 19419.229380
369.644314 18360.918297
370.647110 19686.084399
371.648159 19504.265937
372.649968 19873.725118
373.652072 19243.397161
374.655355 19117.937455
375.657222 19191.442821
376.658155 19859.393400
377.659758 19046.891262
378.660826 19221.435738
379.663089 18914.444269
380.664162 17873.364813
381.667055 19643.478697
382.669037 20218.815360
383.670886 18488.089601
384.673119 18511.223998
385.673605 18918.132628
386.673773 18916.979534
387.676644 19181.783491
388.676842 19104.751063
389.678369 19263.558632
390.678764 18529.863513
391.680071 18484.745018
392.683510 19342.802200
393.686581 19390.116054
394.688708 18807.616124
395.689272 20078.495956
396.691186 19655.589498
397.691598 19690.753492
398.693105 19789.288310
399.694360 18942.606988
400.697598 18818.685962
401.699292 18548.874871
402.702306 18669.117315
403.704737 19116.419840
404.708536 19002.879591
405.708872 19044.498678
406.710513 19318.187416
407.711194 19409.413484
408.711394 19689.762897
409.713402 19110.614624
410.715425 19181.046088
411.718283 18753.210097
412.720367 20218.171275
413.722828 19307.188188
414.723204 19818.215212
415.723614 19316.371909
416.726979 18950.599570
417.730130 19735.095958
418.731393 19765.813830
419.732131 19462.375094
420.734935 18860.605011
421.736686 19226.688729
422.738510 19190.525511
423.740190 19119.721288
424.742731 18757.439974
425.746890 18642.201714
426.750412 19551.068620
427.753317 19343.221880
428.756510 18821.420596
429.758853 19268.856171
430.761517 19949.900458
431.764906 20009.489919
432.767510 19451.981640
433.768837 18863.786965
434.770699 19103.015262
435.771574 19650.325869
436.774159 19135.963001
437.777136 19767.150013
438.777236 19513.268069
439.781151 18198.610344
440.783332 19788.008222
441.784584 19326.778887
442.784782 18946.801457
443.788292 19981.683384
444.791238 19824.734330
445.792098 19859.768549
446.794186 19891.029566
447.794651 18893.044345
448.797521 19158.428253
449.797637 19058.323668
450.800123 20487.067999
451.800131 19175.101352
452.800919 19869.384066
453.803674 19747.771933
454.805879 18924.408987
455.806347 18833.216686
456.809322 19065.017098
457.810042 19030.287279
458.811895 18404.238037
459.814703 20325.447523
460.816591 19720.510712
461.817721 18779.748762
462.821016 18969.927679
463.824582 19665.792132
464.827042 18923.204999
465.830205 18493.050272
466.831550 18636.791498
467.831726 19625.553827
468.834915 19402.628336
469.837593 19044.461142
470.838377 19748.266731
471.839623 18960.147259
472.842438 19899.141104
473.845839 19037.324803
474.846138 19367.825858
475.849584 19384.659492
476.852562 18687.886545
477.855553 19136.356366
478.856300 18814.123038
479.857977 19519.288550
480.858730 18438.411089
481.859534 19709.921316
482.861859 18880.412614
483.865817 18451.255987
484.869454 18819.208896
485.870747 18601.980768
486.871978 19368.751164
487.874287 19720.633768
488.875339 19011.634841
489.875870 19661.460323
490.877475 18563.309904
491.880161 19140.208006
492.883558 19047.417418
493.884848 18252.014684
494.888067 18752.443699
495.888664 19447.344730
496.888863 18637.656283
497.889069 19631.376387
498.891352 18580.774719
499.894651 18957.260989
500.897622 19834.737430
501.899022 19766.615120
502.901261 18969.935305
503.902702 18558.242008
504.904869 19401.033904
505.906224 19427.905927
506.909766 19206.064413
507.911848 18305.833242
508.913975 19644.323094
509.916293 19396.490810
510.917815 19258.822425
511.919541 19188.074119
512.919581 18989.968742
513.921024 18877.225441
514.924679 19098.760626
515.925294 19281.732429
516.928132 18559.008815
517.931882 18690.649489
518.933623 18740.338182
519.936239 19066.393668
520.939197 19841.117119
521.941039 19561.393227
522.944212 19224.575450
523.946013 19620.066431
524.946850 19177.564885
525.950490 19603.949322
526.952003 19037.413416
527.954651 18943.008949
528.957144 18468.113477
529.959741 19556.163729
530.961463 19645.158523
531.963771 18919.745860
532.966892 19037.630063
533.970906 19265.436545
534.971147 19411.013217
535.971675 18626.836420
536.974712 19455.492437
537.975321 19538.784735
538.979142 18937.754706
539.979687 18965.513909
540.981618 18897.565534
541.982154 19813.380136
542.984633 19815.024864
543.985963 19458.034257
544.987087 19053.177994
545.987190 18333.620219
546.989900 20123.152090
547.991223 19073.445627
548.991946 19291.591971
549.996486 19191.298818
550.998434 18434.540740
552.000150 18587.642431
553.002760 19005.715476
554.004832 19216.491923
555.008388 19363.824250
556.009389 19753.398038
557.012032 18096.556907
558.012392 19200.999372
559.013511 19134.573282
560.015291 19063.440609
561.016493 19395.605042
562.019873 18891.454686
563.023207 19122.373202
564.025669 18687.427368
565.028593 18875.531467
566.030365 18777.777969
567.032036 19304.602329
568.032075 19425.322591
569.033507 19016.894754
570.036996 18787.289737
571.037090 19367.729835
572.040254 19218.490340
573.040661 18719.297303
574.042351 18596.972088
575.043378 19164.370083
576.044886 18548.087530
577.048926 18430.391817
578.050660 19153.599799
579.051725 18142.445391
580.053677 18926.153809
581.055986 18521.540756
582.059364 19267.534129
583.062563 19173.526688
584.064006 18910.670098
585.065468 19558.094156
586.066637 18718.126588
587.067691 19411.680443
588.069612 19233.210131
589.069626 19368.590680
590.072081 18599.090798
591.072598 19119.822485
592.075566 20456.293691
593.078173 20254.799671
594.079696 19429.390798
595.080736 19735.117074
596.082413 19419.065641
597.085576 19741.503387
598.089404 19338.462033
599.091078 18785.130873
600.092901 19408.786112
601.093051 19612.817596
602.095224 19553.905093
603.097192 19804.981617
604.100663 19543.457140
605.102597 19739.113617
606.104160 18711.211774
607.104325 18095.136614
608.106204 19191.636302
609.106990 18607.403050
610.106996 19526.795768
611.107189 19319.133341
612.107769 18344.922318
613.110973 19247.551152
614.113803 19065.352855
615.116781 18710.676910
616.116998 19167.562229
617.119116 19139.643031
618.121490 19681.600576
619.122756 19079.604513
620.124266 19588.183515
621.124587 19721.535592
622.125732 18582.479854
623.126419 19050.676163
624.126939 19235.284377
625.127439 19931.811481
626.128097 19562.974435
627.131215 18746.683599
628.135293 19721.834673
629.138124 18750.778948
630.138645 19545.531845
631.139691 20381.268446
632.140011 19000.256864
633.143805 19308.085955
634.145636 18383.960890
635.146760 19169.056836
636.147990 18897.928513
637.151050 19355.691298
638.152505 18906.251955
639.154534 19597.275946
640.157999 18541.335184
641.159471 19198.197814
642.162358 19596.712580
643.164934 19718.439215
644.167382 18407.006329
645.167398 18271.589004
646.168474 19556.706207
647.170417 18661.054354
648.171135 19072.515994
649.171802 20048.309518
650.175191 18516.762722
651.177616 19872.288202
652.180787 19372.946477
653.181885 19545.619940
654.185348 18842.498513
655.186749 19335.271492
656.189540 19760.508011
657.192870 19011.435477
658.194096 19118.325923
659.194760 19208.193989
660.196127 19866.915988
661.198187 20363.396856
662.199666 19660.639080
663.200654 18494.455875
664.202289 19179.513682
665.202857 17715.257203
666.205509 18183.656494
667.206768 19076.326178
668.209339 19404.641204
669.210293 19427.030353
670.212377 19345.604365
671.212888 18362.612853
672.214690 19311.711273
673.214965 20021.293998
674.215921 18818.666640
675.219231 19339.698413
676.219306 18833.098258
677.223332 19527.080347
678.223944 18364.632281
679.225046 18844.217554
680.225181 19452.253141
681.226363 19502.751293
682.229735 19406.040862
683.231531 19012.252245
684.236196 19667.867386
685.236430 19038.792963
686.239529 18424.837360
687.241381 18767.387542
688.244106 18825.700514
689.248401 19079.935364
690.249398 19529.607915
691.250389 18902.713728
692.251463 18902.773847
693.252740 18443.397122
694.254943 18027.775258
695.256581 18859.797352
696.256621 19759.961535
697.258699 18600.458300
698.262029 18828.517256
699.264414 18610.564645
700.265338 19057.506521
701.265804 18990.897406
702.269264 19156.435938
703.270105 19350.060275
704.271581 18797.528721
705.273532 18729.176423
706.274421 19453.531651
707.275020 19068.512478
708.276220 19464.543885
709.276805 19050.317493
710.280803 19726.586709
711.282561 19708.109020
712.285032 18011.677576
713.286241 18854.238435
714.287336 19762.229246
715.290844 19323.277913
716.292465 18382.910047
717.294899 19650.640060
718.298364 18474.164125
719.300192 18589.630276
720.302725 19531.147833
721.303737 20124.476992
722.304079 19278.065670
723.307005 19640.078938
724.310010 18910.843092
725.312694 19912.279477
726.316698 19404.430559
727.318976 19342.662799
728.322006 19797.595891
729.325324 18510.249745
730.327464 18263.223051
731.331697 19022.363933
732.333922 19319.237161
733.336910 19766.549635
734.337258 18990.083310
735.339481 19132.536550
736.342543 19042.020921
737.344970 20494.646753
738.348134 19412.883378
739.348961 20066.686087
740.352413 18776.591654
741.354984 19447.452452
742.355946 19582.009231
743.356241 19172.975572
744.359618 18133.078550
745.361445 19145.741180
746.364344 18669.077498
747.367399 18651.126425
748.370411 19496.706899
749.372377 18940.145474
750.373438 19111.646574
751.375769 18877.745519
752.378916 18999.411886
753.379651 18258.015839
754.381450 19092.276763
755.383434 18241.144245
756.384672 18705.295382
757.385389 18509.939114
758.389998 18138.762622
759.390732 19337.834888
760.395352 19714.195336
761.879811 20041.061933
762.883584 19275.604315
763.884746 19026.403570
764.888400 19096.135340
765.889256 19056.265810
766.889967 20281.735653
767.890002 18178.174685
768.893971 18775.225855
769.897901 18229.861546
770.899572 19751.998487
771.901290 19304.452504
772.901725 18951.863490
773.904989 19573.764132
774.907831 19121.113089
775.908893 18860.606928
776.911695 18413.699502
777.913496 19173.469240
778.916232 18898.650342
779.916949 19062.442338
780.918129 19119.443095
781.919527 18429.854479
782.922702 19205.433399
783.923428 19236.656779
784.923739 18736.163680
785.924095 19525.426637
786.926886 19064.690581
787.929163 19187.849312
788.930056 19371.907781
789.933260 20043.751456
790.933281 18800.820683
791.934787 19545.830956
792.937689 19292.291204
793.938697 19890.563841
794.941457 18485.880699
795.941658 18311.305808
796.943908 20165.014517
797.944607 19464.045368
798.948867 19181.897784
799.951015 19425.800506
800.952528 19030.622848
801.952946 17044.613133
802.953399 19724.208604
803.957741 18799.176115
804.958599 18358.852563
805.959368 19367.497012
806.961568 18574.002725
807.963680 19479.435875
808.966566 19693.810957
809.968744 19627.798319
810.971045 19726.240521
811.972942 18759.741033
812.975281 18695.510376
813.978317 19000.680394
814.978929 20353.131192
815.979191 19594.716771
816.981313 19039.855092
817.982086 19733.559737
818.984054 19199.955080
819.986477 19235.982319
820.988542 19157.947356
821.991415 21277.917525
822.991738 19403.974978
823.992436 18674.530308
824.992679 19299.694859
825.993772 18791.153098
826.996976 19008.804919
828.000488 19569.467900
829.000580 19622.157890
830.000596 19316.233471
831.878974 19323.200639
832.881031 18710.968675
833.883247 18841.565347
834.884575 18903.019377
835.884833 19481.410801
836.886241 19241.673684
837.888122 19129.688770
838.891139 19287.951891
839.893760 18700.888585
840.894728 18458.377545
841.894747 19486.446733
842.895152 19768.231749
843.895701 19177.698705
844.897038 18883.225329
845.898621 19374.779191
846.902350 18804.852178
847.905023 19256.509198
848.908798 18745.327019
849.910495 19304.774074
850.913293 18870.335226
851.913390 18541.989832
852.915212 18710.784116
853.919125 19346.949184
854.920952 18599.367385
855.922497 19216.799903
856.923756 19552.041287
857.924793 19896.827417
858.926276 18568.138228
859.927744 19437.483089
860.928849 18249.810981
861.928853 19006.740005
862.929960 19116.039101
863.930246 18981.010674
864.934742 19286.967390
865.935596 19883.838739
866.937381 19115.904433
867.938631 19660.261759
868.941440 18627.886735
869.944169 19598.752715
870.944817 18989.882497
871.945169 19549.867253
872.946133 19208.437449
873.947430 18515.813303
874.949877 19045.514644
875.953463 18490.405184
876.953795 19145.093556
877.956219 18962.795909
878.958258 19454.837359
879.958329 19380.397753
880.960003 19531.602411
881.963099 18753.338573
882.963693 19275.924710
883.965847 19758.081968
884.966631 19419.667587
885.966736 19064.879849
886.970492 18638.855287
887.972688 19307.932158
888.975435 18731.261743
889.975957 19393.771657
890.977223 18404.251220
891.978745 19304.997557
892.978762 18685.129191
893.979569 19326.324089
894.981191 20137.511367
895.984869 19427.588343
896.987400 19422.218546
897.987770 19467.218247
898.990439 18787.828516
899.992940 19664.487068
900.994377 18956.423085
901.996988 18872.078798
902.997152 19329.883722
903.997212 19067.514724
904.999930 18391.126431
906.002322 18801.671971
907.003305 18742.316031
908.005324 18759.130081
909.005707 19249.373738
910.008371 19193.321519
911.009937 19220.764405
912.010809 18922.200132
913.012017 20569.390638
914.013433 18867.381466
915.013866 19935.902478
916.014266 19550.584573
917.014319 19405.709644
918.018889 19304.277590
