31.000354 0.016000
41.139926 10980.053382
51.139926 5531.129600
61.140329 5682.990026
71.140747 16597.604847
81.141424 11060.283267
91.142979 11136.530003
101.144381 19108.925525
111.144730 19121.435900
121.144977 17155.622308
131.145125 19173.768010
141.145222 19176.693343
151.145821 19128.751072
161.146337 19271.813971
171.146356 19247.163239
181.146525 19129.870894
191.147115 19144.382279
201.147564 19198.996299
211.147604 19141.994395
221.147901 19172.764950
231.147999 19141.117967
241.148267 19199.634791
251.148764 19095.807594
261.149339 19237.637865
271.149355 19175.266491
281.149642 19196.106107
291.150205 19173.758727
301.150331 19124.373485
311.150465 19183.630158
321.151001 19142.732819
331.151047 19185.028176
341.151555 19209.050611
351.152532 19155.877942
361.153217 19095.324143
371.153512 19184.058546
381.153527 19231.479104
391.153679 19105.425642
401.153937 19255.646859
411.154016 19181.650805
421.154053 19196.857371
431.154487 19180.509354
441.154641 19162.729510
451.154673 19187.049765
461.154934 19143.259599
471.155407 19150.983746
481.155712 19147.346349
491.155896 19175.163537
501.155972 19197.151291
511.156476 19113.773786
521.156984 19218.132897
531.157529 19172.289291
541.157791 19236.553419
551.158374 19172.584075
561.159346 19113.339325
571.159711 19158.645291
581.159868 19137.444372
591.160164 19213.998662
601.160519 19147.742727
611.160829 19179.611860
621.161006 19198.766320
631.161199 19125.105199
641.161506 19078.130617
651.162058 19185.896810
661.162463 19181.268255
671.163043 19161.299617
681.163327 19109.100210
691.163807 19170.027681
701.164035 19144.155101
711.164455 19157.284403
721.165578 19166.394975
731.166152 19199.351985
741.166899 19207.610996
751.167171 19192.568840
761.241091 18943.733048
771.241091 18253.056000
781.241091 18253.056000
791.241091 18253.056000
801.241091 18253.056000
811.241091 18253.056000
821.241091 18253.056000
831.241091 18253.056000
841.241091 18253.056000
851.241091 18806.278400
861.241818 19094.833498
871.242105 19117.246815
881.242953 19184.101649
891.243850 19157.013144
901.244180 19185.097754
911.244656 19155.363839
921.244720 19159.835426
931.245393 17779.827916
941.245474 16319.647283
951.245626 14656.481221
961.245683 13275.073575
971.246017 13274.705204
981.246166 11616.809116
991.246167 9956.360438
1001.246440 10093.073259
1011.246717 8437.403506
1021.246949 6637.419859
1031.247273 6638.586510
1041.281010 4949.211731
1051.281010 3318.787200
1061.281010 3457.001600
