# VLDDashClient mimuroto
0.305286 2096.392898 2048
4.700616 2178.438111 2048
4.729023 2165.352138 2048
4.753202 2154.337009 2048
4.570975 2240.222415 2048
4.081841 2508.672151 2048
3.653837 2802.533270 2304
4.378295 2631.161321 2304
4.740745 2429.997593 2304
4.290561 2684.963549 2304
4.980574 2312.986378 2304
3.620261 3182.091151 2304
3.676903 3133.071188 2304
4.644435 2480.387950 2304
4.436239 2596.794233 2304
3.590354 3208.597022 2304
4.445355 2591.469344 2304
4.506267 2556.439585 2304
4.573623 2518.791144 2304
5.205839 2212.899858 2304
4.370324 2635.960323 2304
5.075546 2269.706522 2304
3.938810 2924.741212 2304
5.029134 2290.652752 2304
5.256128 2191.727276 2304
5.301346 2173.033231 2304
5.234776 2200.667333 2304
5.247139 2195.482082 2304
5.248204 2195.036600 2304
5.244186 2196.718301 2304
5.280598 2181.571302 2304
5.227771 2203.615905 2304
5.237132 2199.677359 2304
5.272596 2184.882036 2304
5.284161 2180.099988 2304
5.263017 2188.858548 2304
5.244532 2196.573643 2304
5.241836 2197.703042 2304
5.252587 2193.204841 2304
5.223950 2205.227819 2304
5.256517 2191.565141 2304
5.259603 2190.279538 2304
5.284181 2180.092048 2304
5.254853 2192.259239 2304
5.233077 2201.381885 2304
5.279910 2181.855184 2304
5.254547 2192.387040 2304
5.281029 2181.393032 2304
5.285687 2179.470685 2304
5.319593 2165.579368 2304
5.338615 2157.863200 2304
5.331535 2160.728628 2304
5.344714 2155.400641 2304
5.364155 2147.588924 2304
5.310574 2169.257036 2304
5.322231 2164.505798 2304
5.373278 2143.942693 2304
5.256005 2191.778624 2304
5.246809 2195.620395 2048
4.690361 2183.200726 2048
4.704842 2176.481098 2048
4.656268 2199.186280 2048
4.688771 2183.941302 2048
4.623127 2214.951285 2048
4.629225 2212.033534 2048
4.585731 2233.013831 2048
4.597738 2227.181912 2048
4.620090 2216.406865 2048
4.581781 2234.938660 2048
4.591460 2230.227643 2048
4.577271 2237.140955 2048
4.588750 2231.544360 2048
4.618902 2216.977228 2048
4.598638 2226.746163 2048
4.598266 2226.926328 2048
4.605774 2223.296464 2048
4.567683 2241.836933 2048
4.612167 2220.214469 2048
4.565074 2243.118281 2048
4.578158 2236.707666 2048
4.656317 2199.162823 2048
4.634836 2209.355219 2048
4.611008 2220.772439 2048
4.588919 2231.462403 2048
4.587266 2232.266285 2048
4.637399 2208.134304 2048
4.552015 2249.553060 2048
4.482458 2284.460983 2048
4.359598 2348.840250 2048
4.235185 2417.839798 2048
4.232381 2419.441788 2048
4.314634 2373.318265 2048
4.428630 2312.227681 2048
4.488869 2281.198380 2048
4.591520 2230.198177 2048
4.630805 2211.278634 2048
4.594272 2228.862568 2048
4.558216 2246.493069 2048
4.589030 2231.408299 2048
4.626154 2213.501933 2048
4.619368 2216.753521 2048
4.598122 2226.996128 2048
4.612891 2219.865936 2048
4.582162 2234.752743 2048
4.595153 2228.434922 2048
4.627098 2213.050237 2048
4.598270 2226.924459 2048
4.585449 2233.150964 2048
4.594547 2228.729045 2048
4.611573 2220.500621 2048
4.604647 2223.840563 2048
4.595245 2228.390464 2048
4.645695 2204.191413 2048
4.608636 2221.915390 2048
4.621744 2215.613629 2048
4.518244 2266.367309 2048
4.396248 2329.258807 2048
4.297445 2382.811170 2048
4.288306 2387.889020 2048
4.356852 2350.320942 2048
4.470883 2290.375207 2048
4.548910 2251.088564 2048
4.551428 2249.843150 2048
4.628868 2212.203720 2048
4.597287 2227.400554 2048
4.579417 2236.092441 2048
4.596900 2227.588030 2048
4.615980 2218.380546 2048
4.594284 2228.856699 2048
4.562050 2244.604818 2048
4.611538 2220.517106 2048
4.617407 2217.694940 2048
4.583079 2234.306040 2048
4.586593 2232.593993 2048
4.591216 2230.345887 2048
4.633750 2209.873001 2048
4.642077 2205.909007 2048
4.618316 2217.258625 2048
4.551094 2250.008527 2048
4.507586 2271.725770 2048
4.405872 2324.171230 2048
4.325775 2367.206033 2048
4.215011 2429.412624 2048
4.225367 2423.458276 2048
4.195060 2440.966285 2048
4.177722 2451.096671 2048
4.221869 2425.465958 2048
4.262588 2402.296583 2048
4.318037 2371.447706 2048
4.493030 2279.085486 2048
4.657716 2198.502301 2048
4.686919 2184.804281 2048
4.707167 2175.406204 2048
4.694894 2181.092723 2048
4.598386 2226.868172 2048
4.596809 2227.632405 2048
4.630689 2211.334146 2048
4.608073 2222.187026 2048
4.592905 2229.525546 2048
4.576415 2237.559101 2048
4.579133 2236.231191 2048
4.605720 2223.322509 2048
4.578592 2236.495416 2048
4.612249 2220.175039 2048
4.618264 2217.283558 2048
4.620269 2216.321036 2048
4.629615 2211.847064 2048
4.635630 2208.977029 2048
4.580141 2235.739203 2048
4.613892 2219.384372 2048
4.614381 2219.149289 2048
4.606678 2222.859921 2048
4.605440 2223.457461 2048
4.602842 2224.712628 2048
4.626763 2213.210321 2048
4.630233 2211.551565 2048
4.615568 2218.578555 2048
4.623026 2214.999243 2048
4.601770 2225.230736 2048
4.608334 2222.061383 2048
