# VLDDashClient mimuroto
0.211449 3026.733965 2816
6.465084 2177.852756 2048
4.763462 2149.697054 2048
4.631107 2211.134423 2048
4.061338 2521.336830 2048
3.479518 2942.936671 2304
3.496347 3294.867012 2304
4.364804 2639.293476 2304
4.409607 2612.477531 2304
4.122290 2794.563164 2304
4.931073 2336.205336 2304
2.846151 4047.571764 2560
3.914557 3269.846575 2560
5.316193 2407.738113 2560
3.689623 3469.188833 2560
5.171601 2475.055797 2560
5.562639 2301.066109 2560
4.344782 2946.062461 2560
1.008661 12690.086927 2560
5.126108 2497.021035 2560
4.973554 2573.612416 2560
2.626891 4872.681088 2816
5.443835 2586.412050 2560
5.861090 2183.894122 2560
5.870144 2180.525861 2560
5.832553 2194.579182 2560
5.822064 2198.533070 2560
5.833641 2194.170165 2560
5.821965 2198.570461 2560
5.856615 2185.562652 2560
5.808204 2203.779310 2560
5.826560 2196.836741 2560
5.870502 2180.392585 2560
5.855788 2185.871499 2560
5.833896 2194.073898 2304
5.253480 2192.832064 2304
5.262633 2189.018263 2304
5.216294 2208.464538 2304
5.265112 2187.987509 2304
5.265547 2187.807036 2304
5.270309 2185.830258 2304
5.266581 2187.377392 2304
5.230354 2202.527595 2304
5.292489 2176.669586 2304
5.246860 2195.598799 2304
5.285792 2179.427438 2304
5.272424 2184.953331 2304
5.330532 2161.135064 2304
5.346953 2154.498099 2304
5.309231 2169.805599 2304
5.333366 2159.986677 2304
5.380372 2141.115997 2304
5.321104 2164.964064 2304
5.322189 2164.522875 2304
5.371141 2144.795594 2304
5.301965 2172.779203 2304
5.254861 2192.256101 2304
5.246142 2195.899292 2304
5.160247 2232.451417 2304
5.110307 2254.267518 2304
5.161430 2231.939724 2304
5.102754 2257.604601 2304
5.102169 2257.863119 2304
5.044598 2283.630998 2304
5.073493 2270.625207 2304
5.092323 2262.228892 2304
5.029310 2290.572550 2304
5.028022 2291.159529 2304
5.024212 2292.896932 2304
5.034937 2288.012656 2304
5.081232 2267.166722 2304
5.058610 2277.305648 2304
5.076041 2269.485011 2304
5.060712 2276.359588 2304
5.022793 2293.544591 2304
5.070753 2271.851938 2304
5.019089 2295.237276 2304
5.038889 2286.218304 2304
5.157831 2233.496845 2304
5.057517 2277.797654 2304
5.077971 2268.622723 2304
5.052511 2280.054539 2304
5.023503 2293.220290 2304
5.112180 2253.441807 2304
4.985852 2310.537995 2304
4.893953 2353.925217 2304
4.750435 2425.040919 2304
4.656933 2473.731015 2304
4.694334 2454.022175 2304
4.798106 2400.947215 2304
4.879905 2360.701593 2304
4.975756 2315.226139 2304
5.054475 2279.168590 2304
5.102787 2257.589903 2304
5.047202 2282.452704 2304
4.992006 2307.689636 2304
5.096943 2260.178302 2304
5.107014 2255.721368 2304
5.081190 2267.185378 2304
5.072897 2270.891578 2304
5.075287 2269.822354 2304
5.023052 2293.426333 2304
5.072795 2270.937424 2304
5.081541 2267.028652 2304
5.036976 2287.086762 2304
5.067859 2273.149153 2304
5.040781 2285.360293 2304
5.096593 2260.333547 2304
5.045832 2283.072243 2304
5.097619 2259.878413 2304
5.103843 2257.122728 2304
5.090634 2262.979629 2304
5.110566 2254.153346 2304
4.880679 2360.327423 2304
4.686354 2458.200835 2304
4.498358 2560.934661 2304
4.602844 2502.800224 2304
4.776744 2411.684448 2304
4.922520 2340.264899 2304
4.953892 2325.444398 2304
5.040614 2285.436055 2304
5.075245 2269.841353 2304
5.034131 2288.379252 2304
5.060908 2276.271413 2304
5.053797 2279.474394 2304
5.084862 2265.548099 2304
5.027545 2291.376902 2304
5.028546 2290.920661 2304
5.076450 2269.302530 2304
5.048377 2281.921445 2304
5.037127 2287.018008 2304
5.046691 2282.683641 2304
5.086817 2264.677532 2304
5.126529 2247.134667 2304
5.116689 2251.456076 2304
4.976493 2314.882995 2304
4.865398 2367.740449 2304
4.697904 2452.157284 2304
4.474294 2574.707637 2304
4.219584 2730.126677 2304
4.320830 2666.154371 2304
4.319039 2667.259708 2304
4.265014 2701.046471 2304
4.250997 2709.952798 2304
4.386231 2626.400603 2304
4.487622 2567.061347 2304
4.718544 2441.430955 2304
5.002169 2303.000981 2304
5.192139 2218.738883 2304
5.208332 2211.840619 2304
5.187726 2220.626198 2304
5.075820 2269.583808 2304
5.042719 2284.481801 2304
5.088009 2264.147023 2304
5.049406 2281.456427 2304
5.048477 2281.876251 2304
5.020038 2294.803531 2304
5.040669 2285.411117 2304
5.060658 2276.383880 2304
5.031136 2289.741316 2304
5.072471 2271.082467 2304
5.095984 2260.603841 2304
5.092024 2262.361871 2304
5.084987 2265.492585 2304
5.117656 2251.030464 2304
5.040080 2285.678195 2304
5.064467 2274.671812 2304
5.062396 2275.602191 2304
5.080852 2267.336210 2304
5.059505 2276.902415 2304
5.085422 2265.298634 2304
5.111780 2253.618011 2304
5.088415 2263.966142 2304
5.101239 2258.274803 2304
5.097465 2259.946928 2304
5.055028 2278.919130 2304
4.834442 2382.901765 2304
3.480060 3310.287337 2304
0.915911 12577.635644 2304
0.901049 12785.098257 2304
