# WEMAClient mimuroto
156.246681 0.226431 2826.468000 2816
161.054450 4.757769 2959.370000 2816
165.830441 4.725991 2979.269000 2816
170.651846 4.771405 2950.912000 2816
175.640640 4.760199 2957.859000 2816
180.630859 4.750418 2963.949000 2816
185.629049 4.748608 2965.079000 2816
190.543333 4.662892 3019.585000 2816
195.577434 4.696993 2997.662000 2816
200.580470 4.700029 2995.726000 2816
205.545617 4.665177 3018.106000 2816
210.556713 4.676272 3010.945000 2816
215.555343 4.674902 3011.828000 2816
220.550502 4.670061 3014.949000 2816
225.589968 4.709527 2989.684000 2816
230.542241 4.661800 3020.292000 2816
235.554418 4.673977 3012.423000 2816
240.536489 4.656048 3024.023000 2816
245.578213 4.697773 2997.165000 2816
250.555233 4.674792 3011.898000 2816
255.553036 4.672595 3013.315000 2816
260.569577 4.689137 3002.685000 2816
265.558805 4.678365 3009.598000 2816
270.577350 4.696909 2997.715000 2816
275.532439 4.651998 3026.656000 2816
280.567628 4.687187 3003.934000 2816
285.590913 4.710472 2989.084000 2816
290.565180 4.684739 3005.503000 2816
295.506001 4.625560 3043.955000 2816
300.451406 4.570965 3080.312000 3072
305.972924 5.092484 3016.210000 2816
310.618664 4.645740 3030.733000 2816
315.473388 4.592947 3065.569000 2816
320.474822 4.594381 3064.613000 2816
325.480718 4.600277 3060.685000 2816
330.436591 4.556150 3090.328000 3072
335.874990 4.994549 3075.352000 3072
341.060503 5.180062 2965.215000 2816
345.721732 4.661229 3020.662000 2816
350.459002 4.578561 3075.201000 3072
355.866281 4.985841 3080.724000 3072
361.054436 5.173995 2968.692000 2816
365.788493 4.734057 2974.193000 2816
370.497440 4.616999 3049.599000 2816
375.468278 4.587837 3068.984000 2816
380.523008 4.642567 3032.804000 2816
385.534427 4.653986 3025.363000 2816
390.494558 4.614117 3051.504000 2816
395.469099 4.588658 3068.435000 2816
400.453950 4.573509 3078.599000 3072
406.057223 5.176782 2967.094000 2816
410.693255 4.636033 3037.079000 2816
415.480027 4.599586 3061.144000 2816
420.446466 4.566025 3083.644000 3072
426.021258 5.140818 2987.851000 2816
430.720811 4.699552 2996.029000 2816
435.538667 4.658226 3022.610000 2816
440.480477 4.600036 3060.845000 2816
445.484683 4.604242 3058.049000 2816
450.526191 4.645750 3030.727000 2816
455.568334 4.687893 3003.481000 2816
460.510540 4.630099 3040.971000 2816
465.479543 4.599102 3061.466000 2816
470.451937 4.571496 3079.954000 3072
475.963578 5.083137 3021.756000 2816
480.712904 4.749327 2964.630000 2816
485.578033 4.697592 2997.280000 2816
490.461743 4.581303 3073.361000 3072
495.875899 4.995458 3074.792000 3072
501.052965 5.172524 2969.536000 2816
505.746538 4.693573 2999.846000 2816
510.499090 4.618649 3048.510000 2816
515.440707 4.560267 3087.538000 3072
520.937260 5.056819 3037.482000 2816
525.718096 4.780836 2945.091000 2816
530.559389 4.678949 3009.222000 2816
535.443198 4.562758 3085.853000 3072
540.911250 5.030809 3053.186000 2816
545.687032 4.775782 2948.208000 2816
550.549819 4.669378 3015.390000 2816
555.463821 4.583380 3071.968000 2816
560.434637 4.554196 3091.654000 3072
566.059478 5.179038 2965.801000 2816
570.781670 4.722192 2981.666000 2816
575.528421 4.647981 3029.272000 2816
580.461093 4.580652 3073.798000 3072
585.993938 5.113498 3003.814000 2816
590.714155 4.720216 2982.914000 2816
595.524292 4.643851 3031.966000 2816
600.475718 4.595277 3064.015000 2816
605.476555 4.596115 3063.457000 2816
610.529961 4.649521 3028.269000 2816
615.595728 4.715287 2986.032000 2816
620.515246 4.634805 3037.883000 2816
625.475090 4.594649 3064.434000 2816
630.474160 4.593719 3065.054000 2816
635.570370 4.689929 3002.177000 2816
640.519538 4.639097 3035.073000 2816
645.456316 4.575875 3077.007000 3072
650.853231 4.972790 3088.809000 3072
655.972448 5.092007 3016.492000 2816
660.613544 4.641096 3033.766000 2816
665.444296 4.563855 3085.111000 3072
670.904910 5.024470 3057.039000 2816
675.674959 4.770049 2951.751000 2816
680.553883 4.673442 3012.768000 2816
685.475921 4.595480 3063.879000 2816
690.437026 4.556585 3090.033000 3072
695.764052 4.883611 3145.213000 3072
700.987516 5.107075 3007.592000 2816
705.660894 4.673378 3012.810000 2816
710.387612 4.507172 3123.910000 3072
715.720846 4.840406 3173.287000 3072
720.999452 5.119011 3000.579000 2816
725.648080 4.648628 3028.850000 2816
730.409651 4.529210 3108.709000 3072
735.710864 4.830424 3179.845000 3072
740.977246 5.096805 3013.652000 2816
745.618784 4.641538 3033.477000 2816
750.403767 4.523326 3112.753000 3072
755.741968 4.861527 3159.500000 3072
761.008495 5.128055 2995.287000 2816
765.676294 4.667799 3016.411000 2816
770.408040 4.527599 3109.816000 3072
775.764214 4.883773 3145.109000 3072
781.017573 5.137132 2989.995000 2816
785.657940 4.640368 3034.242000 2816
790.426691 4.546250 3097.057000 3072
795.795482 4.915041 3125.100000 3072
801.034271 5.153830 2980.307000 2816
805.703685 4.669415 3015.367000 2816
810.414530 4.534089 3105.364000 3072
815.755512 4.875071 3150.723000 3072
821.000545 5.120104 2999.939000 2816
825.689139 4.688595 3003.031000 2816
830.428933 4.548492 3095.531000 3072
835.615991 4.735550 3243.551000 3072
840.796939 4.916499 3124.174000 3072
845.922627 5.042186 3046.297000 2816
850.462273 4.539646 3101.563000 3072
855.611456 4.731016 3246.660000 3072
860.772054 4.891613 3140.068000 3072
865.874882 4.994441 3075.419000 3072
870.937780 5.057339 3037.170000 2816
875.407344 4.469564 3150.195000 3072
880.567462 4.687021 3277.134000 3072
885.748983 4.868542 3154.948000 3072
890.873760 4.993319 3076.110000 3072
895.936109 5.055669 3038.173000 2816
900.355613 4.419504 3185.877000 3072
905.627182 4.746741 3235.904000 3072
910.966257 5.085817 3020.164000 2816
915.607982 4.641725 3033.355000 2816
919.306938 3.426497 4109.152000 4096
924.185675 3.305234 6196.232000 5120
930.035196 4.154755 6161.614000 5120
936.252284 5.371844 4765.589000 4608
941.545838 5.293554 4352.463000 4352
946.634000 5.088162 4276.593000 4096
951.459085 4.825085 4244.484000 4096
956.305123 4.846038 4226.133000 4096
961.146481 4.841358 4230.217000 4096
965.906069 4.759587 4302.894000 4096
970.580751 4.674682 4381.046000 4352
975.681042 4.800601 4532.765000 4352
980.385214 4.504773 4830.432000 4608
983.504664 2.624224 8779.739000 5120
987.859803 1.979362 12933.460000 5120
992.872094 1.991653 12853.642000 5120
997.838952 1.958512 13071.150000 5120
1002.859920 1.979480 12932.691000 5120
1007.883587 2.003146 12779.895000 5120
1012.878247 1.997806 12814.054000 5120
1017.863395 1.982955 12910.027000 5120
1022.881661 2.001220 12792.198000 5120
1027.836308 1.955868 13088.821000 5120
1032.858991 1.978551 12938.763000 5120
1037.845446 1.965006 13027.953000 5120
1042.846121 1.965680 13023.480000 5120
1047.343683 1.463243 17495.391000 5120
