64.003239 18650.551905 0.000000
65.003379 19237.972314 18650.551905
66.003555 19055.541656 19825.392724
67.004290 19400.452440 19835.424832
68.005688 18778.870978 19904.153180
69.006607 19337.610578 19346.406073
70.006898 19187.918591 19344.703446
71.007162 19304.381577 19229.809924
72.008094 19009.013275 19249.237570
73.010120 19822.592888 19051.211168
74.010322 18691.770952 19551.833204
75.010693 19124.487326 19021.717690
76.010893 18876.615842 18998.710530
77.011373 18694.959328 18832.747535
78.013328 19858.289545 18624.490729
79.014011 19192.329353 19410.477139
80.014773 18811.144853 19415.953301
81.014934 18982.803502 19076.897020
83.165056 18509.310592 18969.674825
84.166130 19345.242756 18564.226214
85.167389 19129.721735 18974.722126
88.164383 18844.148793 19110.959474
89.164509 19171.337786 18969.589007
90.165365 18642.787141 19112.935464
93.164153 18775.097282 18802.796290
94.165102 19326.171639 18706.957021
95.166411 19379.743436 19089.378220
96.168290 18818.178526 19379.966021
98.166704 19071.094090 19104.030594
99.169907 19192.767876 19084.286536
100.170479 20040.339789 19162.371735
101.170939 19359.964388 19844.692304
102.172694 19647.851580 19724.482909
103.173897 19058.967895 19789.163976
104.175043 19255.252091 19344.513646
105.176149 19511.111907 19198.015190
106.178492 18986.450058 19330.970049
107.179574 19900.223198 19048.986557
108.179864 19289.695721 19577.690541
109.182585 19335.059176 19464.780090
110.184293 19838.565211 19398.576363
111.184614 19117.324760 19727.224729
112.187137 18875.183063 19378.453694
113.187413 18999.850368 18957.179671
114.189493 18951.102840 18819.543986
115.190152 19642.878219 18759.242093
116.191056 19399.570447 19295.887867
117.193235 19233.349895 19468.477513
118.194301 18830.081559 19412.880156
119.197487 19304.171760 19037.747660
120.197831 19062.773009 19153.832537
121.198599 19494.477129 19068.410718
122.200734 19584.193520 19348.068471
123.201336 19554.471135 19591.786806
124.203332 19106.305219 19689.455863
125.204877 19597.682619 19368.419772
126.206826 18369.297829 19510.906139
127.207910 18916.718832 18682.554850
128.210293 19200.167186 18600.630702
129.212005 18796.039503 18851.276927
130.213047 19360.518327 18760.726841
131.215326 18820.560566 19147.639082
132.216459 19291.280085 18989.346693
133.216589 19430.092750 19221.043606
134.218326 18462.186960 19458.560681
135.221214 18812.954627 18844.272893
136.221641 19187.332050 18704.683266
137.221700 19184.746390 18942.739360
138.222166 18927.135064 19120.976334
139.223246 18896.034854 19032.828841
140.225297 18749.229451 18939.006493
141.226264 18679.344900 18771.248357
142.226986 19043.933297 18629.451149
143.230674 19054.297483 18844.467280
144.233517 19113.724449 19009.614990
145.236354 19673.798349 19147.929693
146.236443 19830.431319 19628.591158
147.239234 19234.459841 19997.698416
148.241283 19126.427292 19693.456662
149.242416 18911.643370 19345.562168
150.246035 19070.391031 18955.743261
151.246892 19402.233180 18868.869580
152.249963 18645.616652 19124.694714
153.250815 18268.239521 18754.529501
154.251564 19413.157379 18259.185835
155.252365 18955.719587 18872.465816
156.254694 19492.737006 18971.200354
157.256368 19136.145730 19419.460495
158.259439 18603.457375 19394.466237
159.259750 19611.975030 18917.872714
160.260632 18918.250437 19357.360360
161.261644 18652.943469 19120.464406
162.263381 20235.970206 18752.482710
163.264612 19548.583436 19730.877105
164.267606 19144.126378 19830.807500
165.270487 19338.638966 19506.873888
166.270931 19187.422902 19400.104646
167.273620 18407.271325 19217.941557
168.274459 17966.296099 18534.116665
169.276353 18623.888821 17829.761465
170.277387 19116.536411 18004.912065
171.280669 19789.574828 18616.717247
172.282191 19919.543295 19552.353442
173.317306 18841.676802 20176.953235
174.321479 19669.100228 19616.500777
175.322130 20023.173338 19763.136124
176.325237 18981.266687 20078.499656
177.326147 18814.604578 19440.919855
178.326600 19044.881723 18882.220080
179.328475 19698.343943 18758.674176
180.331007 18687.794491 19258.549775
181.334071 19182.949916 18860.524028
182.337617 19223.989316 18989.695339
183.340393 19566.790403 19133.374188
184.344474 18890.247115 19484.968210
185.346026 18549.501066 19173.813304
186.346534 20409.471145 18691.784767
187.348752 18460.217700 19810.177132
188.351056 19254.597975 19057.256735
189.354050 19235.943705 19127.321983
190.355027 19076.320035 19180.182903
191.357701 18835.688631 19100.835811
192.359875 19017.278750 18874.559768
193.363200 18585.169841 18887.896552
194.364698 19373.481012 18602.828811
195.367909 19147.881525 19047.113577
196.370577 19125.326864 19181.648203
197.373020 18996.625243 19223.557850
198.375866 18950.391930 19123.428712
199.378642 19936.681817 19006.988290
200.381465 20049.262725 19674.336405
201.383748 19736.116316 20158.032496
202.384196 18658.719043 20137.828292
203.387715 19402.078741 19219.250241
204.389209 19109.638136 19177.348190
205.390672 18885.111811 18993.249348
206.393976 18671.870884 18761.902381
207.394529 19207.744832 18517.100559
208.396340 20057.727899 18835.297691
209.396892 20481.226128 19724.995342
210.398297 19509.514634 20570.650979
211.398877 19519.846888 20242.338964
212.402202 19687.670010 19902.726065
213.405285 19045.169811 19763.067163
214.408410 18734.922955 19192.513274
215.410673 19213.407396 18637.715322
216.411885 19431.426840 18743.481585
217.412751 19527.807466 19077.360752
218.416305 19736.081005 19405.102327
219.417505 19634.636401 19755.854553
220.420523 19871.349787 19850.203827
221.422614 19422.117293 20021.021647
222.422665 18998.396909 19732.088221
223.426342 18857.719078 19192.338488
224.430267 18959.029304 18768.469854
225.432254 19231.232790 18654.830512
226.432900 19991.129392 18878.213154
227.434325 18873.539450 19648.081836
228.435121 19495.936831 19280.585609
229.435437 20065.822760 19461.873991
230.437347 19062.588914 19988.448339
231.440321 18398.008473 19518.653734
232.442105 19397.619115 18671.304895
233.445336 18280.340990 18929.014352
234.446139 19490.499616 18337.061677
235.447680 19433.708817 18934.524137
236.450590 19312.235753 19329.656138
237.452517 19101.747144 19462.130510
238.454300 18965.593071 19333.027550
239.457082 18430.718814 19108.540414
240.457838 18656.984221 18559.404317
241.461003 18790.917417 18422.363948
242.462638 19750.397398 18512.948729
243.466962 18795.567654 19347.343277
244.467643 18874.672141 19149.181774
245.467859 19789.275765 19021.025857
246.469101 20172.457542 19606.312188
247.470861 19460.876399 20232.082580
248.472101 19133.520228 19996.375659
249.472361 19175.579920 19499.130255
250.472711 19311.915316 19190.649816
251.476027 19324.679792 19134.893669
252.478846 18672.897356 19160.844364
253.482843 19215.938014 18725.941742
254.484719 19070.097868 18902.509828
255.488524 18682.803737 18959.770808
256.489634 18462.073628 18725.512464
257.491611 18011.101628 18432.158529
258.494661 19466.153552 17954.731336
259.498935 19067.690218 18821.399255
260.499155 18434.958174 19117.074289
261.500646 19087.935192 18778.016755
262.501341 19007.491564 19012.456106
263.501423 19323.744371 19088.212832
264.501463 19280.029495 19343.100484
265.501947 19453.989330 19432.919124
266.502909 18819.039811 19570.075913
267.504342 20195.748129 19133.420523
268.506444 19066.737826 19869.028888
269.506972 18891.592721 19471.755154
270.510362 19418.320388 19040.505126
271.512796 18822.800587 19182.697761
272.513364 18897.790427 18866.059885
273.513729 19332.276001 18753.168502
274.516765 18617.181166 19058.742472
275.520339 19549.798141 18743.591714
276.523903 18733.290434 19253.876429
277.526698 19150.252859 18970.618434
278.527547 19264.105186 19082.379256
279.528036 19176.908224 19240.617312
280.529269 19628.151558 19260.210587
281.529688 19136.514871 19587.614134
282.532974 18540.337089 19392.722749
283.535050 19204.462203 18784.091750
284.535695 19032.016084 18916.931421
285.538406 19123.418771 18925.899362
286.540958 18582.579734 19025.464529
287.541942 18701.630041 18694.106395
288.545493 18633.047933 18589.833393
289.545960 19209.944298 18514.209473
290.549283 19169.871293 18938.779401
291.550233 19458.581543 19188.800836
292.552356 19627.959656 19525.611855
293.553945 18573.540558 19804.293372
294.557511 19615.537433 19108.736377
295.559547 18879.823988 19408.656581
296.561542 19147.939174 19058.551813
297.564782 20476.865495 19039.903861
298.566844 19492.828225 20054.283455
299.568350 20080.951307 19929.090809
300.571859 19553.247408 20198.521151
301.572154 19122.993043 19908.065938
302.573353 19234.546483 19351.442925
303.574055 18908.729855 19099.684028
304.576892 19325.484005 18763.157722
305.580205 18486.118722 18943.853215
306.583302 19406.504181 18500.084697
307.586471 19525.187832 18964.998038
308.587110 18547.103083 19396.843982
309.589096 19165.701455 18911.289355
310.592580 18812.213120 19041.414252
311.633135 18745.567386 18872.432251
312.633396 19363.781627 18722.902166
313.633734 19235.307757 19117.464110
314.635040 19857.371367 19279.969059
315.636467 19746.398140 19816.603915
316.636911 18976.993600 20011.883286
317.638903 20154.617040 19466.098280
318.640287 19350.931353 19954.147187
319.642123 18314.961639 19645.524838
320.645286 19750.409400 18640.588007
321.646235 19056.218383 19133.298820
322.647518 19410.225649 19013.288609
323.648053 19854.003852 19229.521397
324.649457 19350.251871 19715.647506
325.651790 19101.381439 19615.485661
326.654604 18389.226143 19312.443467
327.657577 19376.216825 18574.040391
328.660462 19429.385636 18898.878303
329.660956 19014.055000 19220.508497
330.661031 19901.323617 19122.044902
331.662389 18694.880846 19711.267092
332.666323 18845.997266 19148.560240
333.668494 18600.773053 18867.124280
334.668955 18878.637780 18537.206387
335.670180 19504.809461 18596.537652
336.671165 17959.104318 19166.357078
337.672387 19360.272182 18376.601029
338.673243 18701.836907 18928.224725
339.676258 19522.516587 18818.221980
340.677933 19095.433370 19349.634100
341.677970 19389.948994 19338.248369
342.679091 19391.928127 19492.738471
343.681331 19138.483375 19545.770503
344.684090 18872.706303 19343.742361
345.685972 18850.283218 18992.080739
346.688652 19163.039329 18769.589006
347.689191 19389.875150 18913.083775
348.691011 18832.729709 19217.446914
349.693904 18759.759832 18994.876462
350.696747 18826.118924 18788.327140
351.698534 18758.046423 18727.679971
352.698647 19422.669348 18670.911749
353.701192 18310.014109 19162.778500
354.704469 18805.242095 18639.193159
355.705736 19190.775689 18666.526715
356.706824 19496.684622 19004.022533
357.709114 18698.795689 19448.890431
358.709612 19372.226115 19084.856228
359.710670 19635.138929 19311.396812
360.712605 19636.923492 19637.059040
361.714174 18694.830141 19800.748548
362.717319 19039.453008 19135.067025
363.717617 18966.020939 18950.634193
364.718940 18554.395217 18825.548429
365.720401 19850.715262 18489.404383
366.725141 18935.089651 19309.820102
367.725220 19109.010684 19168.532543
368.727673 18421.771158 19169.968816
369.730103 18943.309253 18640.017775
370.732390 18527.963386 18711.634171
371.733298 18589.738277 18493.851739
372.737560 18666.773060 18439.819604
373.739648 19292.023371 18508.059291
374.742331 19438.142647 19050.795311
375.743531 19245.118472 19492.059793
376.744180 19846.678629 19554.444616
377.774356 18259.098807 19959.475609
378.776907 18903.298675 18943.106995
379.780640 19681.377581 18747.070541
380.783156 18812.768948 19271.668527
381.783591 19150.145939 18984.938309
382.787508 18934.614682 19051.563603
383.790734 19662.464209 18947.873391
384.792596 19533.928452 19438.600753
385.794218 19350.265634 19643.528480
386.795631 19307.643693 19580.845223
387.797448 18373.712333 19459.892242
388.797762 19448.591132 18660.905094
389.800779 18911.376805 18995.772429
390.801660 19282.699555 18873.500027
391.803455 19301.267214 19100.325083
392.805403 18906.951798 19273.256973
393.807496 18556.071572 19070.988917
394.809040 18796.300192 18665.685439
395.809236 19777.283905 18615.801699
396.810617 18765.620839 19371.722236
397.813653 19087.110715 19092.325623
398.816599 19385.381642 19112.068527
399.817060 19990.976121 19339.403722
400.818590 19670.200329 19918.761658
401.819975 18680.629157 19985.912398
402.824246 18915.115236 19198.381372
403.824724 19161.999940 18851.042364
404.828050 18866.928216 18878.554606
405.828176 19378.551624 18741.868268
406.831730 18871.419927 19088.507642
407.835709 18392.843448 18953.989552
408.837057 19717.065860 18507.155741
409.837078 18980.496473 19248.327572
410.839377 19248.154616 19183.671019
411.843069 19381.103559 19301.292713
412.846754 19410.653576 19446.530744
413.846770 19091.581531 19524.955475
414.848786 18748.357482 19296.288333
415.850456 18610.624001 18873.360024
416.852000 19378.288244 18527.345123
417.853412 18797.521869 18950.905575
418.856816 17825.429252 18833.956687
419.857337 19380.949827 18037.304075
420.859305 20086.734418 18752.649495
421.861622 18993.334777 19796.735731
422.864293 19896.882328 19571.228790
423.868227 18456.630501 19991.662480
424.869756 18838.353566 19097.995416
425.870709 19193.620985 18777.112954
426.874105 19709.409542 18898.432441
427.877390 19227.642590 19419.730738
428.880537 18349.167456 19391.474373
429.882154 19223.940132 18677.531895
430.882657 20366.416293 18894.549053
431.883352 19150.989570 19942.262522
432.884313 19070.593353 19660.587658
433.887025 18935.900442 19332.053540
434.889490 18970.203812 19001.401752
435.889843 19266.172605 18845.428057
436.897978 19768.657314 19020.611744
437.899848 18920.975932 19546.457334
438.901149 19830.219990 19229.169088
439.904292 18456.795983 19675.409719
440.907025 19190.030638 18907.164597
441.907506 19299.554610 18960.375874
442.908917 18949.821706 19126.538182
443.910497 19134.559744 18990.573765
444.912979 19328.607752 19050.957071
445.913226 18398.088614 19247.585398
446.914348 18391.833006 18668.265796
447.918092 18695.438875 18306.369994
448.921286 18196.306290 18374.492248
449.921894 18696.961281 18114.440592
450.925160 18525.827714 18380.372432
451.926341 19142.673950 18464.135389
452.929818 19341.397016 18984.074626
453.931371 18125.134318 19432.736375
454.934596 19655.544750 18722.035386
455.935034 19154.863389 19365.267449
456.935585 18984.897866 19383.941785
457.937868 18648.007601 19208.535212
458.938855 19351.408578 18812.254890
459.940615 19439.578567 19100.603639
460.941497 18951.945157 19373.606741
461.944124 19118.754805 19160.876190
462.947865 17765.440892 19127.385393
463.948597 19051.417028 18093.496912
464.952428 19153.056228 18459.020769
465.955295 18921.376005 18866.111162
466.956782 19278.326198 18967.632458
467.957537 19434.899569 19274.541637
468.958398 18742.350442 19546.372396
469.961672 19482.173225 19135.007723
470.962053 19090.736351 19386.028154
471.965340 19005.920487 19241.996981
472.967462 19363.110198 19068.554340
473.967926 18497.610110 19234.066839
474.968598 18959.851707 18699.958862
475.970681 20207.817090 18728.998883
476.974019 19603.860233 19737.206137
477.976527 18676.298130 19905.994859
478.980684 19065.614225 19219.183987
479.982952 18779.209211 19032.044157
480.983467 18439.363908 18732.062999
481.986802 19335.762527 18338.974996
482.986840 19487.106520 18839.827186
483.988116 18995.440953 19327.745112
484.988538 18585.980740 19242.795251
485.992938 19393.116754 18831.386586
486.996618 19574.987228 19169.682803
487.998757 18774.577477 19531.092255
489.001010 19357.226931 19122.463410
490.004678 18440.529457 19268.164596
491.005238 18910.417926 18675.757666
492.006169 19337.231593 18673.163501
493.007015 19237.909096 19051.290275
494.007641 19626.648387 19237.347118
495.011064 18943.805059 19622.070503
496.011555 18385.392803 19303.444170
497.014611 19013.345757 18635.412034
498.016995 18723.469778 18709.855874
499.020227 19004.880702 18605.543280
500.022239 18182.408970 18793.926801
501.023625 18485.431761 18324.003238
502.027401 19517.962896 18280.909983
503.029151 19243.646491 19084.892150
504.041499 19343.258940 19389.413617
505.044081 19268.862480 19579.941906
506.044551 18955.624059 19560.237964
507.046288 18180.640718 19242.613306
508.048671 18776.030137 18430.816159
509.049197 19541.861165 18408.915790
510.053379 19420.145936 19064.117463
511.056135 18565.945737 19419.867804
512.059448 19364.264959 18957.162357
513.059457 19470.063518 19226.744896
514.062445 19581.975814 19475.265100
515.063516 20003.778596 19682.159029
516.063597 19580.419432 20076.912276
517.064330 19769.414650 19938.486106
518.067134 19874.638763 19921.502766
519.069907 19684.409232 19953.907152
520.072935 18023.921161 19807.620100
521.075940 19102.910823 18458.307804
522.079659 17886.088791 18484.297241
523.082179 18069.111990 17739.328831
524.082588 18969.929302 17540.802015
525.085144 19197.657899 18249.229085
526.088005 18838.904471 18954.414122
527.091330 19326.661731 19098.752514
528.095104 19409.832694 19471.777644
529.095168 19872.861103 19684.389454
530.096098 19861.836411 20069.327475
531.096578 19360.754329 20204.411374
532.098197 19004.802382 19810.498021
533.100749 18672.225608 19234.141461
534.101933 19485.230031 18639.195831
535.104728 19483.265747 18959.733778
536.106992 19922.335408 19249.903601
537.107254 19647.721966 19782.631295
538.109073 18947.660963 19877.961089
539.109763 19156.899859 19343.020452
540.110453 19431.961375 19133.639434
541.113854 19410.759951 19241.060168
542.115174 19507.044781 19326.594769
543.115308 18607.531247 19462.616987
544.118185 19201.632927 18867.099895
545.119609 19723.495812 18950.025446
546.122055 19089.053775 19445.787256
547.123684 19812.075676 19287.263772
548.159604 18633.761647 19700.715957
549.162469 19544.239441 19051.546457
550.165099 19331.028211 19305.373851
551.169218 19370.261071 19332.095522
552.169757 20057.048718 19374.614175
553.170711 19481.676118 19909.875961
554.173722 19702.959172 19782.770593
555.176861 20429.538315 19809.906581
556.178587 20325.536706 20341.672080
557.182850 19214.332756 20551.520182
558.185312 19567.635351 19766.545401
559.187051 18751.437862 19500.981796
560.190715 19563.027972 18772.715265
561.192037 19436.303450 19011.955231
562.193830 19376.379228 19174.300008
563.195939 19576.950940 19276.030090
564.197520 18958.143804 19502.411200
565.201480 18681.358756 19170.131338
566.204399 18698.322427 18743.405737
567.205291 20142.945244 18527.253945
568.206326 19881.833538 19545.412282
569.207618 19789.476099 20008.040912
570.209653 19938.046191 20138.535304
571.211833 19384.644319 20227.945267
572.214877 19017.399387 19785.124076
573.218466 18903.214439 19188.159842
574.221495 19236.510285 18761.348900
575.221886 19395.848371 18833.381699
576.222434 18193.958057 19089.683809
577.224159 18977.011536 18392.958269
578.224528 19395.232760 18582.135556
579.225416 19212.735303 19089.109112
580.228215 19218.567960 19282.253710
581.230031 18853.058896 19365.820899
582.230533 19352.350397 19096.659462
583.231527 19732.018513 19275.647227
584.231839 19170.486931 19669.067989
585.234744 19438.447833 19460.367315
586.237435 18977.438590 19484.517558
587.240790 19424.559032 19139.318317
588.241143 19332.665151 19261.589096
589.243167 19685.233674 19294.546558
590.243463 20095.008909 19584.981330
591.246646 20112.488935 20062.593228
592.290649 18741.252111 20322.613117
593.293769 18477.029507 19371.664398
594.294484 19011.265132 18540.420014
595.295086 18990.855990 18509.626914
596.297142 20219.023259 18604.333062
597.297752 18879.597276 19669.442320
598.301181 18610.499446 19334.822696
599.301640 19535.746949 18851.883157
600.305138 19267.381297 19244.003087
601.307140 19235.087638 19311.724778
602.307243 19318.931972 19310.279510
603.309146 19095.768312 19353.642158
604.312333 18923.358361 19199.273190
605.312642 19365.181010 18966.905024
606.313028 18540.188391 19171.201261
607.313224 19202.873972 18703.099853
608.316002 19928.139043 18925.335470
609.318877 19523.430759 19649.786706
610.322063 19749.644419 19778.069196
611.323743 18939.787064 19948.211076
612.327482 18633.097006 19376.247336
613.327850 19193.345438 18751.132855
614.327864 18842.197924 18829.252976
615.328016 19763.098526 18695.975516
616.331310 19633.760429 19356.567840
617.332725 19413.795347 19691.493100
618.336077 19370.150724 19679.548751
619.336526 19266.722732 19574.404758
620.339510 18280.129303 19393.198259
621.342614 18967.417878 18531.031056
622.345664 18808.402276 18552.688448
623.346253 19645.767464 18547.937799
624.348972 19063.635665 19238.702485
625.351364 19667.165174 19249.252224
626.354680 19460.617625 19660.770085
627.355126 19205.117389 19713.217126
628.355826 19766.875896 19484.665594
629.358848 19293.589992 19721.821657
630.362768 18323.896401 19496.698820
631.363553 18669.832330 18606.090002
632.364285 18627.632266 18349.689138
633.364780 17743.846847 18269.874457
634.366399 19218.271395 17656.567504
635.366874 19335.307990 18477.552274
636.369640 18613.193461 19161.001886
637.372086 19840.815922 19004.717321
638.373062 19418.237012 19749.410919
639.375941 18928.538572 19827.674786
640.377975 18547.934962 19397.173447
641.378232 18741.405862 18779.311350
642.378963 18811.172585 18557.639380
643.382233 19765.628818 18545.070058
644.384225 20241.748581 19321.153203
645.387894 18723.731846 20177.403502
646.388061 19555.348045 19483.102370
647.389243 19532.258210 19569.821322
648.391260 19671.858072 19592.245103
649.393137 19038.146674 19693.160166
650.394214 18529.584919 19263.008626
651.395625 18999.512431 18610.296052
652.396836 18997.288388 18616.207615
653.397777 19351.249403 18713.321569
654.400617 18806.618002 19098.341012
655.404765 19166.119891 18945.604280
656.409105 19196.952591 19104.115762
657.412168 19807.936534 19221.997060
658.415289 19216.068768 19732.914549
659.415831 18948.870981 19563.227965
660.419237 19810.366508 19191.196534
661.421050 19312.655432 19590.721075
662.424262 19161.041930 19472.111397
663.424614 19165.805483 19259.232440
664.428347 18941.179389 19131.817999
665.431304 19684.967152 18908.138078
666.433718 18637.167529 19362.399269
667.436788 19399.294822 18884.322118
668.437302 18950.925038 19155.090364
669.440383 19381.004671 19015.248264
670.441231 19092.872541 19251.806132
671.441258 19142.165305 19186.285603
672.442165 18168.670474 19167.141646
673.482348 18727.304953 18421.204460
674.485033 19012.114721 18404.078229
675.487550 19258.118062 18689.929121
676.490532 19360.110862 19097.903472
677.494069 19490.731694 19418.438895
678.497091 19446.063445 19662.090223
679.500761 19147.591616 19707.575067
680.504032 19638.424483 19441.085712
681.508170 19486.895379 19602.592161
682.510305 18644.199005 19578.656638
683.510823 19915.461917 18911.726281
684.513418 19205.057252 19464.826467
685.513913 19644.200354 19321.231925
686.516414 18726.677624 19549.748311
687.516581 18999.482716 18999.477468
688.518040 18923.599559 18860.745904
689.519654 19756.592969 18769.151957
690.521725 19568.009440 19386.711942
691.525609 19069.356114 19646.524544
692.525825 19604.956239 19382.812075
693.527266 19324.071302 19574.291943
694.529260 19494.830352 19467.034249
695.530274 19198.939103 19505.733953
696.532871 18893.337715 19300.439468
697.535372 18867.223686 18943.216093
698.538824 20319.834124 18732.549289
699.543121 18971.961759 19750.342315
700.543933 18287.274144 19390.707507
701.547532 20591.937358 18592.687954
702.547858 19109.074635 19845.822136
703.548117 18552.877710 19546.770990
704.551390 18884.361873 18870.673634
705.553033 20384.979808 18701.789098
706.554351 18100.370352 19788.453475
707.555442 18614.752059 18767.460155
708.557803 19469.070553 18475.977324
709.559208 19251.860888 19005.668463
710.560662 19089.348302 19223.457306
711.561257 20343.202986 19217.568184
712.563989 19447.199210 20122.959665
713.564488 19210.976548 19958.713404
714.565093 19423.705778 19571.544728
715.566022 19238.659579 19447.365268
716.567480 19340.636968 19240.576016
717.569022 18951.155103 19213.185323
718.573038 19412.330297 18939.241489
719.574059 19282.822285 19151.129371
720.575355 18961.079695 19225.242534
721.577842 19254.839445 19035.387111
722.579606 19730.010081 19142.202358
723.581893 19035.232663 19580.147230
724.584946 19741.481765 19315.502315
725.586539 19850.881445 19642.799272
726.586893 19183.404096 19913.168133
727.590987 19793.132636 19532.172880
728.593289 19567.648894 19711.779462
729.595908 18963.342990 19652.808241
730.596416 19486.237827 19148.803365
731.596752 18985.974621 19242.606961
732.598615 19278.859623 18975.219071
733.601667 18493.132374 19063.877765
734.602814 19120.946036 18572.657140
735.604831 19328.268939 18778.025883
736.607025 18934.046593 19121.932469
737.609956 18885.897838 19049.803121
738.610100 19639.419923 18948.687748
739.612429 18499.318113 19447.574148
740.614266 19397.193130 18889.902435
741.617276 19840.263522 19186.826760
742.620887 18811.001972 19720.183309
743.623949 19655.276459 19244.935474
744.624980 19085.382713 19532.034047
745.627626 19674.522717 19278.973626
746.627716 19334.211117 19545.900691
747.628694 19447.553925 19456.286029
748.628746 19648.392460 19465.967077
749.631389 18981.809768 19616.833214
750.633616 19150.416325 19200.219075
751.636645 19158.639634 19063.764596
752.638187 18719.712597 19023.367771
753.641394 19717.714472 18707.792047
754.641425 18791.892209 19301.485728
755.642423 18937.311383 19008.023058
756.646115 19670.736826 18916.323391
757.647270 19564.468674 19425.789637
758.647476 18919.949926 19662.058444
759.649004 19186.753893 19272.406344
760.651416 18848.912678 19189.569165
761.652752 19216.319788 18894.065846
762.654384 19377.928490 19010.581227
763.657582 19376.929989 19241.480084
764.658010 19640.579877 19390.292739
765.661383 18636.794711 19659.095795
766.665730 18501.853251 19036.029468
767.668417 19268.341201 18523.481521
768.672258 19570.597041 18836.666442
769.672909 18581.012940 19327.869473
770.674552 18808.946262 18891.964804
771.677417 18667.994928 18767.224495
772.680732 19261.124326 18609.571282
773.682569 19382.883700 18990.197636
774.685848 19697.050649 19339.562016
775.689436 18886.579172 19760.699838
776.691526 19165.145674 19347.502845
777.693158 19247.303939 19234.598306
778.695167 19215.053778 19222.401578
779.698270 19168.462899 19198.341183
780.699921 19259.878763 19155.545975
781.699995 19800.940834 19205.939500
782.702136 18887.483081 19650.417632
783.702305 19502.662819 19225.194183
784.702456 19522.088304 19389.539487
785.704174 19662.706479 19514.562086
786.706540 19108.230428 19684.418571
787.708265 19498.408663 19348.061753
788.709372 19321.772536 19412.559188
789.712014 19083.960259 19333.793179
790.712653 18513.241192 19113.045806
791.713079 18673.058197 18567.361433
792.714617 19766.455537 18400.851940
793.715823 19733.908745 19205.696762
794.716669 19228.319178 19723.898773
795.720701 18566.858237 19606.310096
796.722856 18519.351918 18956.922323
797.725021 19428.827241 18499.082676
798.727960 18766.803100 18957.336655
799.731121 18464.991050 18807.818185
800.733759 18307.384364 18496.446141
801.735599 19300.664501 18214.691332
802.738114 19553.915501 18841.947288
803.738745 18862.566169 19460.192819
804.741973 19188.048684 19274.234256
805.743386 19231.789033 19322.449839
806.745599 19333.896209 19345.762603
807.746468 19052.782058 19405.505975
808.748291 19457.290762 19206.639606
809.749782 19038.999542 19372.123563
810.750215 19775.242252 19162.438926
811.753377 19620.190195 19578.918793
812.755422 18963.378821 19719.950549
813.756224 19665.076611 19272.917808
814.759311 18887.587831 19498.290033
815.760956 18441.937715 19069.556206
816.763999 19894.656093 18475.459611
817.766336 19414.187366 19259.569623
818.767418 18844.760489 19450.044701
819.769825 18860.183245 19109.247748
820.771379 18526.606424 18884.294524
821.772949 18843.765741 18515.607477
822.775044 20154.304834 18571.883178
823.777977 18545.447661 19650.895988
824.780368 19058.165023 19109.611726
825.781533 19780.264423 19082.466600
826.785205 18779.792903 19604.393193
827.788394 18554.420097 19158.970657
828.790920 18487.691206 18672.435346
829.791646 18857.750167 18349.617209
830.794661 19294.018314 18500.270862
831.796371 19301.361032 18992.168624
832.799507 18952.498561 19319.086966
833.802676 19263.710397 19216.467801
834.806062 19694.671216 19332.574785
835.806862 19696.912728 19696.632794
836.807133 19231.933178 19879.852538
837.810351 19395.736741 19576.992796
838.811095 17381.775385 19462.150692
839.813916 19563.381113 17877.655135
840.814701 18696.235220 18597.641715
841.818632 18893.754207 18548.710435
842.819801 19092.947483 18709.265232
843.820641 17622.705615 18985.059831
844.822757 18904.127830 18047.247642
845.824534 19291.938694 18433.272703
846.826410 19598.588840 19034.857162
847.826562 19795.783047 19629.907384
848.827146 19418.635384 20067.498515
849.827352 18153.504831 19935.504466
850.828518 19483.230161 18791.442256
851.830465 18680.878039 19057.220793
852.830835 18259.451440 18694.848312
853.832248 20286.656470 18194.099553
854.833466 19173.099794 19480.466919
855.834040 18800.920287 19490.030482
856.836306 19046.346954 19136.444962
857.836872 19652.166922 19059.841033
858.838215 18312.998960 19472.530525
859.842145 18959.910369 18719.408398
860.845395 19194.579882 18726.428533
861.847708 19523.229235 18964.311193
862.848850 18825.636968 19387.306710
863.850598 18752.459585 19109.590900
864.850992 19118.255389 18844.861475
865.854924 18615.790933 18963.743142
866.856055 18676.533007 18684.963696
867.857636 19580.242682 18573.837337
868.859828 18542.675849 19221.730332
869.861192 19309.238470 18857.129792
870.862829 18838.034433 19171.138002
871.864641 19142.834765 19009.264196
872.865647 19168.911819 19114.120101
873.867238 19300.075182 19193.284511
874.868443 19167.612178 19325.146064
875.871529 19776.984665 19285.461867
876.873467 18597.550322 19693.186712
877.873627 18908.845294 19033.422865
878.876869 19215.763716 18828.044035
879.878134 18760.374523 18975.743751
880.878334 19311.382956 18768.056706
881.879139 18880.712040 19075.548962
882.880269 19748.411541 18965.250402
883.882583 18402.001240 19539.741157
884.883851 18924.759445 18869.346405
885.884546 19447.041271 18809.381391
886.885902 19307.160260 19199.954767
887.888731 19094.669119 19352.102323
888.891123 18208.468232 19257.572230
889.895179 18301.416830 18504.930740
890.895220 18264.784733 18124.205816
891.896043 19347.810789 17950.672035
892.899401 19411.367629 18754.702861
893.902382 19639.100543 19352.662886
894.906328 19572.895316 19837.118770
895.909571 19625.144403 19980.188235
896.910955 19585.532637 19989.086553
897.912889 18156.717221 19872.841350
898.915471 19146.635529 18671.280008
899.915491 19910.343025 18684.297371
900.919006 18795.557727 19379.171214
901.920775 19664.911292 19023.312115
902.923222 19182.566684 19440.459142
903.924850 20734.988163 19343.387237
904.928987 19394.044433 20418.962256
905.930006 19244.065477 20030.048444
906.930150 18762.238903 19564.106319
907.931167 18552.743880 18889.755115
908.932783 19380.412779 18363.579193
909.934275 20018.840601 18768.534078
910.935227 19357.989223 19602.802062
911.935601 19063.859050 19628.307155
912.935828 19281.793051 19352.882589
913.939338 19119.837089 19306.364922
914.940194 18828.866833 19155.496149
915.943171 19612.544311 18852.919306
916.943742 19210.447627 19283.375874
917.944545 19342.699885 19279.323754
918.945364 19664.259643 19359.267856
919.946812 18728.289376 19636.267733
920.947857 19594.833666 19079.787948
921.949114 18933.557359 19363.581631
923.703109 15501.490040 19067.334250
924.703862 19120.081733 16311.715848
925.705767 19297.929617 17445.293965
928.702823 19045.986003 18564.165878
929.704907 19023.742436 19118.085059
930.707201 18759.167380 19360.337210
933.703194 19389.428397 19198.883300
934.705863 19340.430959 19480.923128
935.707633 19088.499726 19562.321281
936.708959 19293.732217 19358.599351
938.703407 18342.230058 19343.137849
939.704632 18564.279849 18609.429071
940.705564 19181.422448 18342.312271
941.705802 18557.255325 18727.102715
943.703874 19573.896450 18564.952528
944.703994 19297.195592 19244.433978
945.704723 18877.687229 19459.014677
946.706851 19792.303470 19211.218983
948.703582 19153.139795 19689.900378
949.704308 19454.492286 19475.469092
950.704347 18750.247838 19513.685493
951.704824 18599.820610 18989.812056
953.705207 18695.638436 18555.163862
954.708026 18779.186349 18420.867322
955.709431 19028.194846 18485.072765
956.710043 18401.260797 18777.460255
958.703479 19409.292099 18516.137111
959.703834 19248.831322 19112.779937
960.704675 19152.455968 19364.883808
961.705680 19201.368427 19389.641106
963.704049 19283.782793 19379.407815
964.705655 18956.853561 19391.592097
965.707458 19146.521504 19125.534988
966.709373 19059.374792 19092.587034
968.703596 20076.769099 19024.236641
969.705788 19497.003474 19761.891712
970.706657 18976.389073 19774.614376
971.708514 19598.838803 19321.112181
973.704210 18864.389816 19475.017605
974.704427 19231.691041 19032.088876
975.704653 19249.314550 19044.175665
976.706380 19118.745977 19110.315536
978.704496 20932.686577 19080.208795
979.704860 19567.158682 20435.245170
980.705072 19205.952253 20212.977788
983.700832 19885.350727 19669.484499
984.700911 18676.987753 19791.403648
988.700832 18936.834856 18969.577762
989.701230 18681.409479 18680.402644
993.700832 21817.966318 18408.354105
994.700979 18764.480473 20693.011309
998.700832 18657.253237 19826.464279
999.701007 18817.423388 19047.274386
1003.700832 19257.938931 18680.301765
1004.701722 18823.745527 18861.482518
1008.700832 20465.643237 18725.541945
1009.701781 18768.871525 19913.545836
1013.700832 18301.049045 19372.993348
1014.702153 18567.862316 18600.819788
1018.700832 18729.868162 18339.900276
1023.700832 19066.900707 18387.935414
1028.700832 19182.523431 18750.210579
1033.700832 18984.044513 19097.237736
