33.002800 18695.992983 0.000000
34.003196 19421.349329 18695.992983
35.003245 18961.721757 20146.705675
36.003654 18878.226681 19983.324083
37.005924 18803.171909 19583.611398
38.006290 19416.046220 19151.117797
39.007174 19286.715512 19307.540258
42.149854 18857.925746 19315.879948
43.150002 19216.504025 18991.166360
47.149420 18916.198992 19064.433122
48.149898 19134.211731 18913.855454
52.150345 18971.478541 19002.662058
53.150653 19040.854642 18957.902886
57.149997 18830.336911 18990.949289
58.150083 19096.895141 18862.060531
62.149709 18738.352387 18989.603920
63.150265 18817.287697 18811.291354
64.151410 18816.351068 18763.101812
67.151777 18822.320486 18751.851040
68.152922 19121.385538 18766.827724
69.153097 18969.981758 19012.488047
70.154290 18963.844510 19048.989746
72.150510 19506.881161 19042.885662
73.151018 18787.247523 19427.350820
74.152432 19046.905245 19099.740756
75.152750 18676.670417 19052.555707
77.151482 19438.443695 18749.874446
78.152140 19187.890101 19151.562767
79.153072 19080.973041 19236.211964
80.153416 19654.660300 19186.268302
82.150821 19292.159109 19565.238100
83.151816 19011.238230 19505.202656
84.151838 18677.932000 19211.233388
85.154176 18801.731201 18764.270292
87.149395 18508.582773 18612.053572
88.149415 19035.612651 18363.503298
89.149791 19030.421078 18670.770438
92.150388 19346.229024 18911.720881
93.150432 18933.284861 19298.727112
94.150432 18638.739397 19194.397583
95.150549 19116.342116 18856.045540
97.150495 20508.918257 18990.745022
98.151148 18869.505561 20133.926142
99.153512 19215.828361 19569.705209
100.155561 19283.635654 19372.286930
101.157629 18856.990339 19285.318618
102.158220 18924.541460 18921.429735
103.159919 19952.581246 18774.038785
104.160523 18809.040626 19508.998818
105.160928 19193.074968 19129.718977
106.161291 18461.080494 19147.935225
107.162994 19042.104516 18619.332429
108.163439 19174.672878 18751.236064
109.164735 19418.018091 18989.331266
110.165630 18786.825694 19337.223179
111.166153 19671.717888 19057.973567
112.168034 18306.534707 19514.230938
113.168266 19414.784334 18757.843975
114.169722 18919.359900 19098.010397
115.170131 18852.414345 18975.718767
116.172386 19533.540733 18850.274068
117.173031 19412.555433 19298.931580
118.174550 19286.086820 19491.173648
119.176663 19439.808303 19472.788669
120.177525 18407.985169 19532.211830
121.179509 18916.347901 18764.955178
122.180104 19129.353333 18673.356399
123.180699 19526.791985 18848.058959
124.183819 18561.771119 19303.812821
125.185463 18870.526528 18863.668894
126.186341 19277.716574 18799.689043
127.188688 18725.667111 19090.801024
128.189829 18391.839647 18869.048804
129.192790 18779.412134 18471.956673
130.195919 18903.645065 18544.060716
131.198037 19269.111222 18732.125291
132.198704 19849.408270 19143.137140
133.199230 19880.503017 19815.359370
134.201396 19395.769294 20183.303771
135.202413 19481.341266 19928.025491
136.202896 19737.970249 19731.501280
137.203808 20143.705924 19763.170908
138.205691 19609.582629 20077.007314
139.205984 19208.571018 19850.007698
140.206236 18466.240161 19375.642914
141.209345 19505.739034 18539.944406
142.211651 18776.357772 18883.293245
143.214328 18555.504317 18663.543165
144.214783 19314.416239 18416.231686
145.215093 19085.258245 18896.578045
146.217731 19232.333836 19069.342278
147.217865 18693.463494 19270.010079
148.219462 19033.368985 18956.772163
149.221705 19451.800260 18989.255156
150.223546 19038.485418 19330.348565
151.226020 19082.505933 19221.272063
152.226873 19054.229461 19154.052536
153.227307 19184.434336 19081.348768
154.229019 19166.929761 19135.870714
155.231257 19523.659215 19162.144161
156.231656 19022.350453 19444.024375
157.234925 19540.909110 19228.891620
158.235203 18873.449487 19458.608944
159.238461 19817.744111 19093.447930
160.238696 19300.360918 19564.088780
161.241365 19321.511838 19474.785643
162.245147 18479.211170 19402.391083
163.247867 18807.535419 18714.248491
164.249628 18827.987949 18557.661051
165.253287 19475.865162 18557.175321
166.254584 18575.519118 19110.543523
167.257625 19181.804907 18803.298501
168.259910 20618.134806 19047.445485
169.262372 19421.284137 20280.356258
170.262527 18425.294981 20083.618279
171.264952 18711.654662 19072.673887
172.266775 18877.103029 18620.126725
173.267789 18517.963753 18540.821404
174.268942 19335.115069 18315.884693
175.269667 18881.409304 18866.799589
176.270228 19262.262347 18919.056584
177.274555 19358.621594 19221.413043
178.276050 19366.834528 19455.073034
179.279413 19273.577070 19553.949870
180.280932 19523.436866 19486.666359
181.284636 19389.527164 19587.147128
182.288364 19852.796238 19521.027671
183.290121 19009.172627 19802.544621
184.291483 19147.199059 19323.148292
185.292374 19574.251246 19108.476035
186.293048 18849.677920 19331.109803
187.295093 18715.829073 18959.782054
188.297740 19588.598098 18646.205510
189.299466 20192.256162 19161.399898
190.301748 19626.119283 19978.540189
191.303138 19028.647609 20015.936669
192.304960 18815.434192 19489.076807
193.306531 19025.810621 18950.629514
194.309040 18684.740216 18805.389358
195.311170 19170.886744 18532.071792
196.314962 19171.233964 18798.190011
197.315220 18458.160624 19024.683719
198.316957 19544.021652 18639.763129
199.318617 18993.530654 19216.297979
200.320571 19219.822500 19173.628074
201.323383 19288.697762 19276.987650
202.324170 19333.869874 19366.032597
203.325642 19635.252033 19425.100446
204.327161 18514.625624 19657.863347
205.330090 19182.024422 18928.122162
206.332681 18973.603942 18960.426534
207.333716 19154.389456 18875.662832
208.334541 20330.868901 18993.355393
209.335593 19130.770493 19974.819773
210.337175 18659.923514 19654.490440
211.339175 19610.553877 19010.260551
212.343442 19179.589265 19313.534120
213.345424 19093.568449 19216.202385
214.349110 18259.786598 19093.867625
215.352334 18620.681645 18407.289063
216.353060 19111.108929 18297.795451
217.354714 19308.877935 18691.590656
218.355993 19627.015984 19141.694581
219.356368 19243.427383 19647.145920
220.358709 19687.678661 19607.147654
221.362058 18868.625098 19829.406912
222.362378 18847.711466 19290.814306
223.363533 18650.702958 18900.285477
224.364447 19867.926454 18544.121179
225.365506 19925.562843 19305.602096
226.368558 18660.678400 19870.150936
227.368761 19702.545217 19217.615001
228.369732 19074.714874 19533.512996
229.371868 19111.561400 19262.847291
230.374036 18254.164287 19108.116229
231.377535 19210.371517 18388.564156
232.378553 19302.912651 18712.343575
233.381670 19157.913744 19068.146120
234.384552 20119.792240 19195.989845
235.386284 19156.034049 19971.801554
236.386923 19561.698464 19673.886437
237.387457 19240.689962 19699.714093
238.388471 19288.967706 19437.367637
239.388982 19399.729078 19293.233299
240.389869 18220.029477 19303.170760
241.393054 19372.781713 18447.504370
242.395708 18531.857950 18827.366628
243.396467 19142.686869 18522.958706
244.400279 18720.614537 18831.101246
245.403448 18972.651419 18746.514673
246.403913 19619.255958 18886.774013
247.404093 18697.316739 19463.326440
248.405674 18910.812903 19099.130618
249.408619 18803.006523 18976.701360
250.409215 19949.656622 18818.159832
251.411333 19284.511496 19595.088315
252.413057 18960.819525 19573.335789
253.415586 19001.241007 19247.484474
254.419385 19020.940490 19043.208691
255.420021 19328.470784 18945.353491
256.423833 19045.315146 19145.970361
257.427656 18840.696999 19079.537173
258.430541 18225.410651 18884.301462
259.432679 18643.176188 18314.317730
260.434162 18586.441061 18320.423247
261.435447 19445.248514 18361.612895
262.438432 19186.788853 19082.520351
263.441603 19147.621557 19339.811373
264.442501 19194.480268 19400.825782
265.444037 19729.674267 19403.175964
266.447268 18829.744721 19753.572630
267.450327 18139.801236 19247.849213
268.452980 19107.667246 18373.003767
269.454178 19253.639191 18603.179920
270.457146 19717.156355 18953.868786
271.460560 18885.911000 19551.793693
272.463648 18672.857783 19268.662796
273.467566 19206.101696 18871.619485
274.468938 19466.107878 19023.340340
275.470193 19688.275190 19339.895742
276.472469 19051.883014 19696.351962
277.472493 19990.473766 19395.266747
278.474742 19204.907278 19862.821269
279.476494 18656.968840 19539.336789
280.477956 19093.612794 18883.033343
281.478893 18635.756303 18825.848459
282.479652 18905.349164 18520.804733
283.479659 19122.172084 18599.215408
284.482376 18234.916186 18877.571375
285.484987 19554.837818 18412.457612
286.485309 18794.029635 19125.456598
287.486928 20049.294879 19018.695259
288.490374 18767.502352 19850.597116
289.490808 18944.672818 19354.878091
290.493761 19405.374840 19093.052492
291.495292 19420.475426 19270.571291
292.496979 19028.822850 19404.357017
293.499400 19593.889368 19181.540050
294.502446 19474.741740 19455.752155
295.502530 18884.007097 19538.031790
296.504444 18969.443848 19120.298112
297.507028 18059.564619 18916.436083
298.511668 18524.942065 18145.347588
299.512868 18776.191743 18087.390683
300.513358 18479.817494 18356.237334
301.514548 18503.992090 18373.368575
302.517959 17986.091326 18426.677372
303.519839 19723.785140 18084.234877
304.521270 18770.173705 19191.748103
305.523041 18180.172262 19163.305399
306.526716 19609.891067 18608.300041
307.529799 18097.229455 19296.054521
308.532124 20184.140300 18583.894689
309.534432 19807.772428 19671.331597
310.535788 19895.545930 20060.976324
311.535975 19299.884396 20258.327840
312.539583 19580.226442 19819.561970
313.542856 18632.342551 19680.516176
314.544735 19168.325247 18875.007927
315.547765 19291.419114 18813.574480
316.550652 18923.908609 18963.865849
317.553138 19044.437554 18845.266971
318.554126 18200.377301 18896.024650
319.555144 19432.390128 18325.461526
320.557330 18464.491435 18932.918528
321.558055 18691.097457 18635.590910
322.560528 18278.901350 18614.106748
323.560600 19510.739373 18313.465264
324.562525 18851.761298 19078.382060
325.564184 18063.064961 19074.696231
326.566092 18705.663294 18425.597330
327.567255 19217.315277 18492.363537
328.567711 18958.622231 18962.810567
329.568495 19139.369127 19067.640475
330.569733 19487.622108 19228.361040
331.569768 18367.114489 19547.663080
332.573566 18921.167430 18851.923143
333.574948 19311.828574 18798.390716
334.577258 19660.776832 19095.314540
335.578912 18376.061230 19559.616154
336.581359 19336.311900 18853.520428
337.584359 19685.965880 19101.295769
338.585882 18957.888154 19546.177957
339.589442 19225.360847 19257.507737
340.590178 19139.749405 19238.872251
341.591605 19893.374672 19161.968076
342.591810 19789.560094 19683.180271
343.595346 19246.285889 19918.474035
344.598201 19285.293856 19596.436778
345.601090 19494.708182 19377.136403
346.601550 19363.941428 19401.586323
347.603784 18197.197723 19339.016682
348.605203 18863.612232 18438.905270
349.607714 19057.611035 18428.233558
350.608878 19325.927199 18677.241473
351.611207 18766.123766 19098.074945
352.613419 18568.929163 18945.602169
353.615432 18983.558406 18676.600228
354.616571 19835.263211 18826.153424
355.618464 19309.217201 19579.059871
356.621418 18055.687873 19625.029422
357.623766 20270.393242 18628.914146
358.624817 19122.470744 19648.578967
359.626117 18886.690735 19452.923072
360.627563 19300.986853 19095.647036
361.628682 19095.643787 19175.492031
362.631541 19929.730316 19092.780935
363.631713 19943.479174 19677.705997
364.633347 18457.990116 20043.486251
365.634858 18390.521116 19087.257815
366.637007 19835.152243 18401.224922
367.640292 19424.649591 19139.005870
368.642527 19383.812273 19374.055948
369.645858 19199.799909 19473.601409
370.647214 20555.144804 19362.917582
371.648509 19209.819682 20283.304922
372.650167 19185.535627 19802.464721
373.654131 19051.734911 19395.670319
374.656820 18901.850817 19039.388909
375.658156 19550.077453 18751.921633
376.661360 19478.909227 19131.840268
377.663883 19348.309928 19372.982713
378.664679 18987.725512 19422.086089
379.668342 19009.843067 19157.755426
380.670724 18674.239033 18999.670781
381.674691 20094.360159 18671.468505
382.677266 19252.580261 19573.150843
383.678786 18972.043331 19522.959418
384.681325 17932.749172 19219.866219
385.683795 19162.551052 18226.893278
386.685932 18626.630756 18579.222190
387.687593 18973.138663 18499.278641
388.689537 19337.877141 18751.025825
389.691616 18778.467564 19205.981485
390.693313 19007.260759 19046.876046
391.695869 18643.398773 19071.816103
392.698187 19725.545950 18795.250805
393.699260 19285.691602 19430.615531
394.702514 18775.098944 19492.139738
395.704881 19353.580104 19088.345313
396.709969 19238.774147 19241.997379
397.713278 19623.601496 19260.614625
398.716072 19609.456844 19553.083641
399.718506 18938.865918 19706.339123
400.720578 19035.948871 19255.803100
401.723900 18937.182429 19024.113008
402.724818 19370.686884 18837.152096
403.726722 19425.688219 19093.807565
404.729433 18837.016605 19332.606130
405.732381 19392.569658 19033.772224
406.735885 19089.635541 19251.831156
407.736215 19785.656813 19168.844660
408.736928 19203.690487 19629.565086
409.736986 20373.785933 19462.473487
410.738647 19599.576835 20191.803521
411.740891 18274.843022 20021.307318
412.741005 19163.356931 18837.076236
413.744045 19124.293261 18770.787823
414.746887 19113.761384 18806.488141
415.748369 18824.099662 18895.890673
417.155955 18674.134958 18777.813324
418.157579 19659.323132 18617.872707
419.158584 18373.060274 19290.859091
420.160724 19045.526100 18754.771150
421.163145 19793.753619 18895.648830
422.165026 19080.112409 19564.727626
423.166448 18104.270915 19421.292615
424.167014 19658.098189 18532.398938
425.170495 18683.265383 19146.290549
426.173809 19464.963829 18850.063660
427.174460 18602.534216 19246.524481
428.177875 19444.011265 18852.542518
429.179828 18343.926649 19224.157248
430.181820 19244.586828 18639.864656
431.183211 19291.967685 18949.228992
432.185745 18760.639654 19213.286262
433.189264 19084.482953 18966.489229
434.191431 18931.849323 19034.510793
435.192431 20240.382978 18966.539393
436.195152 20101.845254 19905.281416
437.195818 19343.964418 20354.524525
438.197252 18991.096581 19947.565636
439.199039 19338.619833 19328.535008
440.200790 18618.190509 19195.302527
441.203860 19613.410857 18624.193620
442.205616 18612.570878 19083.553649
443.206343 18809.476681 18695.067982
444.207849 18669.917901 18627.880225
445.208102 19307.836983 18535.016375
446.211769 18198.943602 19000.749143
447.212752 19587.350264 18478.717451
448.214432 19684.042531 19189.063139
449.218109 18558.199414 19716.326965
450.219533 18592.375250 19127.505432
451.222688 19306.088867 18716.400038
452.225495 18988.966509 19015.126357
453.226732 18443.503157 18999.388375
454.233953 18472.882913 18579.816404
455.237470 19251.716663 18357.986924
456.240116 19603.472915 18859.921494
457.241571 19614.870559 19472.654760
458.244794 18837.392345 19820.274164
459.248786 19144.304906 19359.624305
460.249231 18740.701206 19228.925806
461.249937 18802.690894 18839.718557
462.253169 18868.987386 18666.852860
463.254616 18317.443097 18664.101890
464.256776 20118.256106 18300.289561
465.260500 18355.215954 19473.281538
466.264267 19632.030011 18898.741054
467.266588 18694.631732 19433.200080
468.267207 19740.197429 19047.088367
469.269630 18187.625698 19550.092624
470.270092 19094.959509 18684.692155
471.271630 19594.168432 18808.225665
472.272286 19239.012491 19316.082573
473.272791 19058.995168 19373.165536
474.274953 18782.317150 19233.155764
475.278155 19094.129825 18912.102216
476.281922 19845.623069 18952.988681
477.285017 18446.822132 19572.337133
478.287081 18644.930962 18901.232140
479.290596 19661.318463 18600.658764
480.291926 19311.649504 19223.730752
481.295006 18823.762343 19382.411954
482.297388 19839.908636 19078.146572
483.299624 19584.004072 19624.527543
484.301857 20196.726751 19759.634879
485.303482 19527.306438 20242.822855
486.306805 19339.478528 19970.827582
487.308554 19791.019566 19583.078727
488.309073 19142.510877 19666.960028
489.312343 19672.119273 19253.534046
490.312987 19694.246137 19416.271560
491.314941 18865.108918 19578.197394
492.316465 18982.345510 19066.319582
493.317455 19361.090100 18848.005453
494.318113 18998.443288 19056.491846
495.319427 19062.471956 18964.899497
496.322161 19952.741331 18975.510772
497.323382 19326.780325 19670.258736
498.327196 19796.446556 19618.782613
499.331849 20151.638438 19872.293652
500.332063 20086.535504 20246.481309
501.334137 18747.073406 20361.037220
502.334764 16893.041742 19345.093172
503.334881 19626.394937 17297.092459
504.337374 19121.097504 18222.094320
505.339650 20354.431180 18656.697329
506.340916 18495.668335 19915.099135
507.344356 18891.605224 19260.060915
508.344881 19111.293798 19038.396327
509.347426 19215.975239 19055.632688
510.348601 19472.090732 19156.677227
511.351479 19861.516991 19414.110619
512.354425 20244.298330 19849.392037
513.357382 19928.144325 20357.149989
514.360356 18754.929207 20345.700547
515.361709 17899.466558 19355.675432
516.364507 19433.800258 18068.879331
517.369118 20527.030721 18533.878363
518.371410 19039.085780 19811.281199
519.371666 18591.854564 19512.961293
520.371841 18860.424466 18909.909049
521.376469 19964.155769 18730.296732
522.378273 19048.078514 19500.820984
523.378400 19423.931915 19314.858865
524.382618 18831.194897 19437.072768
525.383244 19170.640164 19050.341743
526.386968 19888.857091 19056.773470
527.389118 19876.656878 19627.118701
528.392741 19422.086105 19968.575755
529.393663 19317.084692 19775.396483
530.393768 19177.096663 19511.728193
531.394960 18907.668083 19226.242151
532.396377 19212.979528 18869.141323
533.397853 18955.257276 18929.206183
534.397972 18677.681047 18836.890260
535.400312 19319.022664 18612.141881
536.401773 19017.607955 18997.158695
537.403065 18732.336931 19044.072063
538.405993 18592.061399 18846.959452
539.407376 18757.047508 18614.540867
540.407782 18692.392087 18616.451289
541.410763 18984.739565 18604.063990
542.413768 18687.132206 18839.212973
543.416560 18896.781757 18769.963593
544.416842 18916.164151 18871.868219
545.418071 17997.013179 18943.585712
546.418933 19501.494517 18283.225840
547.419894 19299.236596 19009.853742
548.422442 18733.557170 19344.384446
549.423630 19286.177812 19076.103266
550.427202 19070.997529 19270.791633
551.429960 18598.125183 19210.597150
552.433425 19060.449412 18790.945743
553.435864 19192.069446 18879.658071
554.438352 19101.947102 19067.927096
555.439385 18860.021948 19125.505438
556.440341 18792.176101 18966.961159
557.441497 19395.548849 18810.069832
558.442468 18003.161793 19179.680296
559.444048 19642.985724 18374.162375
560.446484 18577.924456 19108.521217
561.446885 19291.422233 18810.520814
562.448018 19591.640157 19138.494855
563.451276 19257.059269 19565.877164
564.452872 19881.295605 19535.073400
565.453518 18934.339227 19918.345238
566.455355 19801.027718 19390.501465
567.458466 19113.723004 19662.555387
568.459121 18257.559175 19317.721895
569.459781 18838.730783 18452.182555
570.462360 18581.565942 18406.635746
571.462513 19155.144885 18299.012470
572.465680 19187.445963 18746.023407
573.469193 19403.530089 19096.035054
574.471728 19132.583156 19455.956699
575.472611 18803.609867 19419.600669
576.475863 19269.107151 19082.938310
577.475961 19602.309426 19193.897982
578.478085 19574.253256 19518.081816
579.481280 19612.996739 19680.188509
580.483469 19461.214341 19763.815654
581.483794 19270.820805 19654.087699
582.485451 19019.634916 19408.210230
583.486515 18955.208513 19062.534723
584.489751 19679.142154 18830.652215
585.491685 19734.167109 19288.800266
586.492731 19251.187955 19656.728480
587.493922 18600.703872 19497.817878
588.496951 18949.688216 18868.842035
589.500050 18763.130027 18749.057830
590.502778 18287.576068 18599.404683
591.504697 19482.636260 18208.843976
592.505123 18787.233690 18929.541789
593.508879 19225.565786 18906.612386
594.509719 19214.810107 19194.052083
595.510474 19946.145341 19337.583597
596.513126 18862.677275 19927.157408
597.515462 18415.579038 19414.090246
598.516775 19843.580022 18684.379746
599.517760 19050.058118 19323.325056
600.518112 19189.191112 19177.720025
601.521728 18895.834025 19177.351778
602.523529 18216.862458 18960.109673
603.526924 18785.309909 18326.191033
604.530332 19465.974230 18408.235158
605.530846 19060.109771 19054.024148
606.532217 19505.989497 19175.507820
607.533874 17675.259225 19541.809938
608.535958 19063.755068 18342.958183
609.536931 19749.756857 18617.979448
610.537510 18833.366266 19381.435327
611.538805 18817.706623 19167.950706
612.541334 18768.921081 18965.817554
613.542432 18942.260969 18791.134088
614.543461 19436.332387 18828.244019
615.543790 19415.176029 19245.856786
616.547101 19412.628642 19486.414801
617.548603 18758.988101 19586.973575
618.553045 19547.675043 19103.436323
619.553232 18995.825981 19367.070848
620.554494 19081.724295 19130.152362
621.557373 18734.415865 19042.535260
622.560412 17829.809653 18748.042645
623.561466 19535.020244 17918.934983
624.563656 18773.856106 18761.007763
625.564786 19693.000608 18804.674170
626.565243 20029.568429 19508.161234
627.565534 18761.324090 20158.540475
628.568331 18925.218185 19500.303830
629.571008 18937.923517 19109.361143
630.573883 19130.096596 18877.383060
631.576603 19446.773985 18920.658942
632.580926 19029.909059 19232.164338
633.582343 19530.214110 19128.920753
634.586619 19283.045248 19427.774826
635.588392 18629.015391 19417.435037
636.591523 19399.857943 18888.145302
637.594114 19088.685493 19136.849871
638.596112 19226.253678 19093.574836
639.598773 19870.545836 19173.891122
640.601159 19051.675757 19710.359022
641.604406 19901.728272 19404.487116
642.607803 20891.952094 19800.887710
643.609691 19232.941507 20766.966014
644.611063 19201.564297 20036.993745
645.612898 19271.825252 19447.461645
646.612912 18985.754684 19143.916974
647.614462 18833.267415 18809.568782
648.617618 18701.495315 18572.075710
649.619590 18608.313143 18419.798025
650.621485 19108.121259 18344.196876
651.623171 18625.741099 18747.281456
652.624542 19188.695159 18677.248576
653.625049 18909.296731 19051.570812
654.626660 19673.376606 19063.464196
655.629266 19583.164887 19603.928927
656.631286 19504.680496 19823.864423
657.633615 18977.519875 19814.793994
658.634064 18791.731546 19337.359939
659.637259 18899.529033 18869.341649
660.637397 19232.278943 18696.778094
661.640566 19104.577252 18910.746483
662.643234 19568.895439 19002.337525
663.643840 19425.614966 19421.931617
664.644881 19581.904257 19561.009264
665.647421 19435.512334 19713.916481
666.648387 19605.767264 19647.573091
667.648744 19574.047006 19689.077405
668.651701 19432.493993 19665.211833
669.653552 18322.367821 19524.323081
670.653603 19884.080420 18598.326804
671.654586 19389.177278 19237.623369
672.657182 18542.969533 19347.708557
673.658179 18967.981539 18778.462523
674.660591 19107.554467 18753.725263
675.660763 19062.569358 18899.600398
676.661926 19883.591355 18990.787651
677.665958 18346.100073 19670.093202
678.668566 18517.892727 18910.002055
679.669111 19835.842076 18517.825476
680.670083 19104.748469 19310.216011
681.670353 19178.629440 19289.497590
682.672836 19123.652703 19288.361827
683.674301 18956.758125 19219.128296
684.676477 18941.212933 19035.471699
685.678898 18558.428148 18912.306112
686.682172 18956.376662 18570.861436
687.684027 18788.481528 18695.492161
688.686958 18656.225169 18697.107299
689.691006 18985.140547 18621.566156
690.693740 19111.004897 18839.146871
691.696372 19700.294067 19078.833910
692.697725 19167.385726 19648.687054
693.700048 19488.930678 19546.834124
694.702626 18846.815750 19642.204273
695.705124 19240.685341 19169.984752
696.709309 19447.026679 19148.484935
697.713090 19619.940059 19315.541132
698.715325 18654.303094 19561.625652
699.715951 19681.298478 18975.018790
700.717837 19899.676159 19371.782972
701.720587 17953.445265 19811.327201
702.722909 19408.526798 18593.513384
703.726241 19510.134795 18915.900596
704.729150 19167.779279 19276.456750
705.731770 19261.916120 19258.387701
706.735771 19689.157570 19297.303702
707.738912 19710.382609 19628.345895
708.739261 19480.646019 19824.988689
709.740022 18877.263068 19722.356124
710.740414 19123.033145 19158.075101
712.153073 19080.350365 18990.059140
713.154478 19068.035341 18907.282576
714.157818 18985.672864 18899.924972
715.160709 19142.634358 18876.501905
716.161535 19907.038926 19009.804232
717.164152 19526.816141 19682.966353
718.165453 18480.537316 19790.398468
719.165666 18541.340360 18993.509825
720.166720 20291.017476 18512.424659
721.168353 18930.123758 19591.368839
722.170384 19168.070843 19285.082799
723.174130 18754.077631 19221.660333
724.177302 19514.991720 18866.056819
725.179581 19120.688201 19230.945831
726.181580 18775.272020 19188.674170
727.184483 19690.104927 18891.479712
728.186362 19529.995465 19399.955240
729.188657 18711.476575 19606.648329
730.190335 19018.067957 19076.942490
731.194125 19244.149047 18950.666629
732.198052 19535.480991 19073.939848
733.198572 19025.502574 19396.627715
734.198609 19612.024858 19210.201155
735.201154 19707.768321 19510.704943
736.202256 19536.115785 19758.094413
737.203272 18534.244190 19740.468222
738.206498 20391.978992 18929.163322
739.208847 19325.724892 19818.082190
740.210553 19377.106048 19606.325250
741.211671 19593.909040 19468.832557
742.212597 18674.002228 19539.756827
743.214038 19402.227953 18898.826907
744.214498 18462.867701 19068.325071
745.217435 19564.346439 18532.029685
746.220695 19744.595705 19072.700549
747.222906 18740.131507 19601.134403
748.224662 18437.842710 19147.868507
749.226126 18926.871790 18592.584711
750.227289 18985.796513 18643.029123
751.227853 18563.960388 18783.405538
752.229007 18515.405889 18587.814396
753.231607 18954.894075 18447.639448
754.231706 18780.647235 18724.109724
755.235035 19847.474915 18789.355819
756.237656 18515.882251 19619.922481
757.240381 18798.619750 19093.399422
758.240635 20154.442738 18897.811724
759.242086 20023.416185 19792.087123
760.243144 19561.190492 20231.543811
761.246944 19607.172059 20052.570979
762.248348 19055.670571 19874.725616
763.251459 19454.261827 19305.288430
764.253632 19686.957256 19257.108814
765.257226 19732.912612 19456.828831
766.259218 19464.781379 19648.687463
767.262530 18696.607533 19564.574641
768.263307 19425.443697 18921.439530
769.264731 19041.549305 19090.291098
770.266891 19107.330644 18970.584238
771.267549 18981.786000 18977.808079
772.269368 20197.176305 18919.642158
773.270911 19226.025139 19817.637887
774.272111 19096.321714 19633.156981
775.273829 18548.235440 19341.855998
776.276913 19278.888708 18723.757231
777.279204 19492.107106 18918.817351
778.280512 18636.938490 19266.279048
779.280628 19064.269336 18855.090449
780.282307 19327.526746 18915.456295
781.285259 19027.709444 19180.285535
782.286825 19536.260718 19124.647481
783.290382 20340.834851 19454.007401
784.290443 19119.071641 20242.681289
785.293394 19867.094136 19745.234217
786.296887 19639.958476 19900.986908
787.299652 19345.104916 19800.038315
788.299793 18794.001308 19488.403889
789.301487 19414.945938 18883.434227
790.303183 19254.830273 19024.299638
791.305962 19699.809585 19072.307170
792.308146 18423.157192 19475.676196
793.310343 18695.151427 18775.904761
794.310496 19346.281206 18541.827828
795.313760 19461.469869 18951.467595
796.316529 19046.110315 19341.382379
797.317131 19781.075562 19254.841978
798.318758 19274.148215 19710.612797
799.321476 18799.669652 19575.918387
800.322059 18384.382838 19077.269717
801.323052 19437.834735 18447.080256
802.323709 19424.295201 18906.400093
803.326704 18376.897823 19258.764022
804.328725 19642.607615 18690.780748
805.331473 19325.256187 19277.600723
806.334094 19218.510787 19424.248863
807.335135 18669.388481 19392.765714
808.336481 19004.160951 18921.618678
809.336492 18761.034652 18874.066963
810.338567 19377.849579 18700.469879
811.341461 19013.735485 19091.423725
812.344720 18288.212000 19085.421541
813.345021 19250.120035 18520.356321
814.347823 19869.955867 18901.218657
815.350086 17744.365254 19643.752043
816.353576 18928.253104 18477.376733
817.355804 18975.319024 18598.852096
818.356696 18994.735438 18777.239469
819.359212 19130.678870 18930.515355
820.360742 18749.812717 19125.165893
821.364391 19459.100642 18938.219791
822.367451 19096.370501 19329.610915
823.369402 19526.745107 19285.631303
824.369943 18957.528596 19539.107251
825.373257 18822.867727 19235.842306
826.374414 19860.236317 18913.635754
827.375473 19607.934522 19507.866914
828.378786 20062.848522 19703.848498
829.379249 19871.888119 20119.046296
830.382765 19531.483398 20169.375450
831.384960 18552.713254 19864.864653
832.388152 20007.177910 18895.186332
833.390957 18938.693691 19415.577395
834.393454 18943.292497 19022.309891
835.395771 19781.711405 18808.221193
836.399023 18931.721533 19363.758851
837.399298 19340.171842 19108.523415
838.399787 18990.531380 19243.042958
839.400576 19147.657605 19072.354604
840.403874 19535.655356 19084.399290
841.405829 19192.377633 19397.234525
842.406569 18874.875668 19330.799058
843.407964 19162.121589 19024.849495
844.408414 19953.258720 19049.815697
845.410160 19899.074222 19683.728120
846.411381 19001.935981 20027.428607
847.411814 18974.348483 19494.336574
848.414174 19627.198896 19083.999786
849.415249 18944.574516 19341.056375
850.417044 18859.254147 19029.152016
851.418099 18385.161030 18788.065184
852.418346 19183.957868 18329.749171
853.421075 18478.339664 18713.541758
854.422581 18803.466829 18493.828426
855.423786 19243.235598 18623.944943
856.424845 19470.690191 19063.710249
857.424946 18816.041720 19499.065185
858.425200 19004.924297 19218.662551
859.428862 18649.478269 19119.467959
860.429123 18614.997632 18774.650226
861.430320 19620.806945 18545.087893
862.432441 18812.477548 19202.141146
863.435109 19271.575029 19029.087175
864.435695 19673.277757 19232.730893
865.437754 19641.433175 19645.540832
866.441747 19449.406733 19834.996596
867.442993 19670.020219 19737.313792
868.444220 18722.350353 19781.955739
869.444797 19544.846017 19065.540433
870.445449 19293.400249 19238.407008
871.446737 18875.468040 19212.865721
872.449604 19476.249792 18906.779553
873.451460 19483.703785 19196.494905
874.453818 19013.214181 19416.881797
875.454573 19158.364972 19190.913537
876.457215 19318.951691 19142.367662
877.459700 19372.190360 19242.534090
878.460026 18298.149410 19351.650707
879.463264 19597.700815 18605.813215
880.464213 19407.455529 19130.642073
881.465661 18833.579441 19367.137222
882.469746 19193.298697 19065.057307
883.472329 19127.110892 19125.937326
884.475444 18899.526336 19123.576824
885.476881 19255.820263 18952.591673
886.479442 19394.590702 19121.053208
887.481789 19163.634000 19343.053569
888.483641 19933.061070 19293.720506
889.486659 19241.943652 19813.602651
890.486935 18963.861871 19585.070264
891.488775 19163.004891 19176.461082
892.492220 18507.968641 19068.363954
893.492225 19941.799248 18546.698436
894.493074 19096.147617 19351.556184
895.496660 18584.834992 19267.307101
896.498395 19497.037628 18798.908219
897.500148 20161.978362 19195.342449
898.500941 18851.117204 19967.688909
899.502698 18599.468131 19419.288633
900.504152 19981.249514 18814.308834
901.506841 18721.529035 19494.444795
902.509628 18685.609590 19011.423596
903.511569 18843.351015 18670.499773
904.512133 19108.903572 18622.121384
905.515416 19223.696288 18852.404015
906.515644 18864.746226 19117.764757
907.517922 19599.471930 19007.715465
908.517962 18854.912416 19467.992787
909.520898 19466.179812 19172.581598
910.522719 19387.626150 19403.909255
911.524638 18863.101227 19476.225477
912.526208 19683.406393 19096.840064
913.527275 18887.212558 19463.941522
914.529306 18647.261108 19105.213093
915.530868 20004.626309 18691.385157
916.531306 19417.552891 19491.464078
