157.004234 19361.730237 0.000000
158.004906 19304.284553 19361.730237
159.008980 18658.993817 19246.838868
160.009973 19109.120856 18748.509395
161.012375 19194.215266 18814.561043
162.012529 18744.187801 18985.047628
163.014245 19413.018587 18785.062232
164.017726 19605.185901 19176.474015
165.021142 19264.652757 19575.441535
166.022782 19563.651293 19526.961528
167.023589 18504.392111 19661.393234
168.026561 18617.515242 18909.729216
169.028465 19310.560865 18517.405279
170.031338 18931.435970 18866.055018
171.032526 18797.654296 18867.162678
172.035576 19350.426636 18783.448576
173.037324 19934.774949 19159.722209
174.040007 18771.427909 19833.796368
175.043053 19057.689447 19323.567812
176.043212 19060.387137 19145.114712
177.045491 17942.739002 19036.055114
178.047596 19322.533815 18149.372219
179.050199 19102.624889 18689.218577
180.052195 18334.898678 18952.538871
181.053983 19129.212666 18545.925864
182.055642 18968.340515 18885.598055
183.056880 19243.504046 18995.683691
184.059518 18776.515584 19250.263363
185.062222 19088.363474 19025.622023
186.063216 18961.047274 19084.910661
187.063236 19627.383155 19019.931033
188.064907 19476.419222 19472.472190
189.066318 18230.624269 19624.247560
190.067849 18830.030286 18728.831946
191.070388 19108.579149 18606.126732
192.073895 19523.880293 18809.661662
193.074701 20040.101753 19297.634356
194.076353 19827.225643 19985.348282
195.076603 19014.684861 20183.236531
196.079579 19763.025213 19583.772347
197.081035 19268.512363 19703.023647
198.081137 18995.394037 19406.765052
199.081425 18699.511424 19019.233837
200.085755 19563.425207 18597.596320
201.086730 19458.896024 19060.191675
202.087544 18464.575100 19338.900848
203.089080 19451.568865 18762.513536
204.090771 19056.282503 19140.080594
205.091987 19099.003475 19110.271420
206.095460 19666.900212 19113.910332
207.097830 19055.051570 19537.925627
208.099297 19842.677089 19323.290439
209.102999 18319.306597 19739.632267
210.105230 19089.263981 18831.036518
211.106590 18693.879808 18826.274201
212.108221 18435.718983 18593.102357
213.109757 18433.986888 18308.090179
214.110918 19065.590694 18196.192220
215.112251 19252.660017 18673.394762
216.113719 18672.672726 19150.347009
217.114570 19635.467773 18979.410915
218.116560 19773.318936 19539.354607
219.116629 19096.942285 19946.743117
220.119020 18556.666133 19599.798838
221.120016 19015.614649 18895.405446
222.122925 19007.442929 18802.735309
223.125856 18715.600405 18803.491286
224.126502 19377.802502 18635.975292
225.128764 19125.144334 19068.775146
226.129794 19537.659441 19172.938286
227.130504 19344.256210 19522.457698
228.130979 19632.434100 19555.965417
229.133090 19502.518766 19735.925392
230.134817 20169.640035 19702.596056
231.137598 19617.660997 20136.253017
232.139890 19502.129614 19947.443974
233.141480 19452.337466 19683.945171
234.143881 18704.787902 19469.397769
235.145763 19582.485838 18797.196819
236.149333 19688.141001 19096.267567
237.149843 19648.249904 19446.598881
238.150096 18721.193509 19652.231745
239.150133 19686.102801 19058.760421
240.151457 19611.011012 19401.314999
241.152690 19321.433071 19587.470398
242.155841 19159.320426 19469.249795
243.159676 19572.017771 19251.600828
244.161723 19143.027391 19429.229254
245.161766 19236.353046 19231.997810
246.164871 18712.957021 19181.133725
247.166450 19436.739160 18776.959494
248.169065 18872.821310 19101.708364
249.171418 20227.249550 18924.902111
250.174926 18536.971083 19839.299964
251.178297 20030.709271 19125.777437
252.179923 19468.844786 19742.118226
253.180265 19854.353568 19701.038018
254.183052 17679.588281 19911.581192
255.184695 18725.896704 18371.471908
256.185738 19781.059224 18213.177677
257.186931 19949.195717 19053.582207
258.187301 19489.313991 19781.756097
259.189183 19300.071767 19842.791652
260.191895 18866.383644 19643.008346
261.194122 18744.752982 19132.116456
262.196295 18888.531679 18719.014312
263.197063 18660.783683 18626.731930
264.197642 18762.317343 18475.229680
265.199833 18301.515872 18522.017300
266.201018 20108.567880 18259.885018
267.202374 18973.546975 19494.515596
268.205957 19441.134281 19414.078278
269.206330 19310.992168 19614.417272
270.206635 18767.651798 19573.659437
271.207638 19206.849581 19080.108424
272.208111 19060.798430 19084.617099
273.209102 19700.268756 19007.891194
274.210816 19711.263573 19462.357794
275.211054 19127.433047 19757.314948
276.214422 19668.307065 19455.407787
277.216003 18834.391736 19628.116035
278.219103 19313.647467 19099.081420
279.220907 20004.151307 19127.833490
280.222330 18938.175079 19706.540899
281.225506 18514.247444 19270.815034
282.228309 19484.536647 18651.846387
283.228338 19592.320948 19035.679230
284.231492 19229.940262 19420.648231
285.232133 19129.923487 19384.265397
286.235839 19846.415262 19252.480115
287.238335 18375.387872 19693.317148
288.240695 19904.573411 18848.739650
289.243859 19033.317133 19455.002112
290.245661 19076.384704 19217.083959
291.245870 18763.576455 19084.483854
292.246701 19160.879669 18781.552827
293.246724 19747.625461 18923.570631
294.248985 20121.071751 19493.966137
295.249303 18970.100114 20122.663438
296.252472 18961.216280 19573.385439
297.253478 17994.922334 19141.262233
298.253608 19344.871903 18155.468682
299.256593 18383.393063 18634.897496
300.259601 19347.795531 18330.996375
301.263084 19371.034362 18915.446838
302.265838 19133.273039 19333.188365
303.268396 18825.004965 19373.199636
304.270235 19166.973542 19102.022567
305.272722 19196.647369 19153.656065
306.273900 18866.154862 19205.057553
307.277755 18449.865821 18980.786371
308.278616 18795.768577 18527.776122
309.281104 18449.997790 18541.220489
310.282547 19776.121018 18352.251604
311.283153 19703.472827 19276.796129
312.286124 19410.381292 19809.413470
313.287492 19150.929430 19829.418329
314.290474 19600.737398 19540.072603
315.290803 18174.038931 19635.469922
316.293840 19083.677799 18604.461601
317.293876 19127.364304 18663.580924
318.296357 19482.696065 18830.929683
319.297290 18643.700384 19255.211538
320.300053 19094.437606 18894.976837
321.300712 19707.146378 18990.093289
322.303528 18904.659458 19523.269174
323.307038 20099.961658 19233.961227
324.307766 18984.773516 19903.458461
325.308803 18660.868673 19450.941771
326.311481 19639.951546 18865.212730
327.312491 20507.170838 19255.574350
328.315607 19993.671223 20197.263928
329.317730 19784.441126 20360.460733
330.319483 19204.835268 20193.439186
331.319894 19116.803812 19572.974504
332.321886 19751.145270 19104.683762
333.324890 19875.152692 19349.324497
334.325244 18465.819041 19665.105624
335.328237 19299.472464 18818.507716
336.331628 18903.130337 18932.276661
337.333096 19374.897752 18783.703488
338.335891 19423.464461 19093.099176
339.337747 18554.909636 19354.671695
340.340204 19538.317681 18851.240028
341.343780 18293.766640 19262.997630
342.347710 18725.388513 18604.293163
343.348677 19083.019633 18521.025703
344.351455 18669.257067 18798.706016
345.353877 19700.852288 18698.302652
346.356331 18673.231953 19414.535990
347.358242 19552.361882 19073.516482
348.360881 19537.564629 19462.283043
349.361350 19807.938531 19668.088093
350.362318 19093.561366 19941.140178
351.365220 19542.272340 19508.582935
352.368863 18734.724933 19525.082152
353.368958 19276.929459 18931.968752
354.371705 19982.021309 18992.754492
355.372075 18988.099678 19623.009991
356.372810 19745.773939 19282.449347
357.373077 19195.394482 19606.837303
358.376358 19488.220041 19390.980847
359.376838 19211.879852 19453.775197
360.379910 18790.193408 19286.528442
361.380279 19470.935836 18867.978083
362.383270 18593.893902 19149.813556
363.383677 19439.610670 18713.230412
364.387090 19848.524184 19099.392289
365.387739 19700.911881 19684.212958
366.388993 19440.022637 19906.991872
367.389819 20404.805377 19771.194398
368.393462 19923.669139 20344.089776
369.397072 19255.427078 20284.864186
370.400454 18570.590040 19663.771084
371.402006 19352.413196 18737.510753
372.403195 19768.335873 18819.017777
373.406077 19524.602415 19305.062151
374.407193 19270.789115 19481.102675
375.407211 19269.452047 19389.637897
376.410100 18267.850781 19313.190511
377.410563 19823.390969 18512.831253
378.414434 19361.656299 19218.061647
379.416941 19307.833135 19375.708172
380.418963 18984.558968 19410.651093
381.422013 18579.907224 19159.962439
382.422394 19409.318446 18687.278436
383.422504 18877.349955 19046.152048
384.426066 19567.349865 18917.404085
385.426653 19716.285937 19360.516504
386.427687 17769.232545 19745.483107
387.428149 19248.055469 18470.377072
388.428714 19268.760924 18766.655116
389.429278 19392.789005 19050.673318
390.429379 19464.908145 19340.225381
391.432650 18408.598738 19552.231673
392.434079 19242.849406 18844.171882
393.437224 20231.784750 19006.936701
394.438266 19941.665691 19888.998795
395.438895 19962.721536 20198.137037
396.440279 19198.733065 20304.380205
397.441341 18661.121393 19699.095768
398.444505 18770.626685 18868.154120
399.447517 18581.703222 18483.054083
400.448909 19446.958354 18220.704618
401.450269 18917.137022 18828.720885
402.450539 19939.532964 18889.922388
403.452770 19003.731729 19694.123754
404.455445 19351.658688 19455.725813
405.457292 19072.000901 19484.473541
406.461112 19631.893047 19255.900351
407.462149 19339.961460 19515.558003
408.463047 20556.886271 19455.521900
409.464208 18775.193323 20309.307347
410.467235 19395.965631 19461.825090
411.467945 19004.531848 19332.005251
412.471522 19272.448989 18989.510089
413.474124 19027.890056 19022.955804
414.475070 18986.101667 18918.632758
415.479837 19129.895820 18862.444267
416.481148 18836.145905 18973.109987
417.482202 19810.494422 18847.326869
418.483937 19827.347068 19512.401456
419.485740 18997.829916 19932.101476
420.885116 19007.553675 19493.625020
421.887226 20010.999268 19157.730835
422.890698 17942.923712 19704.823647
423.892117 19468.464083 18503.857292
424.894108 18587.649478 18907.295998
425.894398 19042.533519 18588.696418
426.895529 19350.055258 18770.297924
427.897184 19458.228387 19159.798879
428.899692 19559.675580 19483.243299
429.900385 18668.599952 19714.797176
430.903830 19052.682506 19123.486994
431.906083 19031.783184 19002.172058
432.906378 19006.623743 18938.467711
433.907624 18801.344369 18911.074824
434.907882 18386.701874 18767.306080
435.908884 19241.821656 18392.949409
436.910599 19271.690855 18845.549027
437.912946 18957.904991 19193.318892
438.914324 19209.960478 19151.457417
439.916880 19138.328254 19271.180188
440.919182 20037.255359 19262.012478
441.921055 18737.768610 19900.702896
442.921106 19532.324564 19279.571159
443.922045 19038.944349 19429.471619
444.923594 18898.983364 19160.099924
445.923722 19545.821857 18890.154444
446.923796 19112.440084 19242.517803
447.925224 19015.042005 19169.489167
448.926461 19562.994668 19045.664018
449.926772 19889.864434 19387.060438
450.928830 18118.270628 19846.894530
451.929112 19065.570018 18758.858698
452.929215 18579.435889 18765.168306
453.930966 18313.192027 18478.822941
454.934209 19251.688899 18161.120600
455.938337 19367.169873 18744.159940
456.941067 19486.125046 19249.172580
457.941167 19036.960566 19620.394603
458.941429 19098.670707 19435.564865
459.943566 18875.691468 19289.781527
460.943604 18300.834720 19001.877724
461.946943 19915.331495 18395.236698
462.951217 19270.551627 19279.188271
463.951270 19840.879107 19396.614963
464.955497 18653.415303 19851.558085
465.955888 19528.344124 19185.762049
466.957151 20659.627714 19375.973960
467.957879 19410.750673 20357.635149
468.958839 18952.161162 19987.306104
469.959233 19680.555227 19314.060590
470.962832 19186.699068 19433.258525
471.965853 18972.675605 19184.289549
472.968300 19465.016637 18899.889843
473.968673 19152.581383 19145.142205
474.969328 19230.792150 19113.410554
475.969492 19564.741951 19165.995510
476.969771 18966.635832 19458.949500
477.971755 19549.745763 19183.295018
478.972004 19009.166671 19428.635429
479.973528 19176.817126 19176.148899
480.975808 19724.158618 19133.897918
481.975950 19877.053167 19534.008348
482.977440 18764.092580 19896.272043
483.980895 18421.964126 19237.878731
484.982328 18835.567359 18533.639197
485.982727 18528.073001 18463.803087
486.985104 19149.781470 18291.205331
487.985555 19184.950434 18730.404723
488.986187 18911.008430 19081.225328
489.986367 19264.687428 19077.110405
490.986678 19655.772880 19298.786697
491.987457 19440.627232 19694.414116
492.989663 18760.326587 19721.208279
493.989764 19788.472465 19154.234616
494.993552 18458.663871 19543.380185
495.997834 19449.408845 18801.869595
497.001317 19602.143843 19088.371599
498.005786 19157.565143 19436.433161
499.007202 20132.033750 19318.457587
500.009531 18722.786432 19950.098145
501.013164 18883.577991 19254.466836
502.013182 18900.292990 18894.324750
503.015751 18859.034529 18724.103267
504.018980 19385.597087 18652.096110
505.018996 18281.617797 19062.749055
506.019745 18897.053738 18520.803068
507.020959 18420.530206 18651.610712
508.022341 19186.588757 18420.982642
509.024667 19901.417463 18880.099412
510.025612 19793.780442 19722.401662
511.027461 19231.538096 20107.578971
512.028223 19726.413579 19800.036235
513.032284 19560.276648 19875.296944
514.033027 19743.696411 19751.103759
515.036072 19248.327423 19778.865211
516.036166 19618.898748 19412.426996
517.039601 19468.057298 19466.111489
518.040051 18650.598506 19418.019463
519.042996 19799.860141 18793.388815
520.044074 20435.149888 19307.322139
521.045617 18921.676630 20163.890612
522.046057 19546.292328 19524.884724
523.046672 18999.804837 19523.041530
524.050159 19296.515600 19118.067014
525.050565 19970.863932 19108.547285
526.052369 20041.595864 19656.540747
527.055218 19092.929558 20062.167224
528.056798 18766.802821 19548.337893
529.060551 20074.306872 18932.976091
530.061026 18205.340579 19564.379911
531.062475 18751.636026 18605.838841
532.065905 18736.819721 18436.165326
533.068278 18711.618546 18419.084015
534.070801 19527.958675 18471.076404
535.071383 19294.160144 19169.463232
536.073483 19699.321994 19432.931608
537.076398 19436.976001 19833.844317
538.077289 19226.330058 19803.910596
539.078093 19719.897153 19539.225630
540.079578 19057.660801 19698.834575
541.080149 18868.380253 19287.227428
542.083459 19307.453414 18882.071786
543.084980 19844.137274 19005.375953
544.088431 19410.274919 19545.060297
545.090189 18682.535488 19564.274947
546.092016 19223.852884 18989.577691
547.092682 19360.847153 19031.456560
548.093949 20043.340905 19203.240777
549.095725 18643.054340 19840.404793
550.096941 19295.170949 19159.505905
551.100671 19129.948622 19179.031027
552.102030 18827.840944 19093.911824
553.103693 18826.819922 18833.780663
554.106507 18934.053929 18701.464386
555.107879 19539.939113 18747.070637
556.109826 20604.698955 19271.033474
557.110764 18814.198980 20398.811183
558.113542 19372.322309 19671.297000
559.113964 18763.494268 19511.857899
560.115373 19427.431160 18940.633421
561.116687 18949.254972 19108.689062
562.119365 18201.719525 18913.770267
563.121803 18813.144010 18264.530460
564.125202 19493.021328 18382.776187
565.128074 19714.126162 19059.398994
566.128392 19345.191467 19671.944607
567.131084 18489.276342 19712.061781
568.132025 18920.347160 18998.466446
569.135008 19387.264800 18837.674365
570.136071 18844.419536 19128.134754
571.136193 19194.583007 18931.013512
572.136216 18601.568694 19073.427000
573.137646 19430.661072 18730.162011
574.138355 19172.965170 19148.200471
575.141294 19169.384482 19234.562925
576.142308 19904.619022 19259.659197
577.142551 19916.278122 19801.064560
578.142943 19373.301980 20106.400181
579.145763 17905.683243 19804.305371
580.147048 19265.332525 18444.793066
581.149570 19684.078771 18649.996419
582.152723 18999.655318 19220.491806
583.153172 18098.879159 19108.318652
584.154170 20030.312486 18349.484122
585.155576 18549.451390 19355.990611
586.156746 19151.929754 18917.178503
587.157908 18290.725900 19057.699443
588.161298 19027.236899 18505.614601
589.163150 18829.794926 18728.233254
590.165816 18794.052526 18766.212012
591.169451 18765.037464 18774.290319
592.172332 18234.781461 18761.508728
593.174559 18726.630520 18358.308115
594.174766 19351.312919 18494.712938
595.177067 19143.430327 19089.406545
596.177235 18068.780386 19296.317998
597.177970 19871.746076 18555.564351
598.178041 19526.446006 19415.715804
599.179047 19489.421215 19700.824046
600.181144 19434.591763 19772.015064
601.183536 19921.430167 19695.840022
602.186596 19237.980827 19957.569239
603.188098 19846.253617 19566.812075
604.188403 18721.409571 19745.430273
605.190459 18626.097296 19016.312173
606.194074 18798.050934 18506.543267
607.194359 18608.734200 18410.512550
608.197969 20029.992281 18317.394237
609.200521 18575.816409 19409.613632
610.201135 19164.952814 19020.186088
611.204597 20085.017020 19156.232199
612.207869 20052.598698 19916.483563
613.212553 18989.757988 20314.428868
614.213484 18770.357995 19650.813446
615.215802 18670.728643 18989.191875
616.217200 18071.285915 18528.950606
617.218736 19356.078976 17884.692434
618.220639 18805.273455 18572.806515
619.224234 18851.981889 18699.577529
620.226607 19156.853999 18824.418343
621.230607 17881.123360 19122.383719
622.233671 18992.498411 18323.185998
623.236342 18705.756554 18646.602767
624.239784 19012.278206 18679.728669
625.240083 19395.202737 18932.689830
626.241367 18954.566440 19366.260903
627.243726 19803.695086 19259.804675
628.244149 18608.361293 19767.113487
629.246269 18719.128149 19133.412948
630.246484 19286.578276 18768.374907
631.247384 18542.637266 18999.131792
632.250003 19090.629835 18628.416098
633.252277 20226.460311 18832.607969
634.254071 17995.609357 19851.082229
635.256568 18729.891902 18781.025664
636.258082 18970.022731 18600.355213
637.260709 18623.413747 18722.502282
638.261652 19403.055406 18585.499190
639.265385 19497.742497 19111.207528
640.267624 19093.649342 19518.038985
641.271587 18915.019557 19413.310725
642.271873 19515.088058 19147.058911
643.275253 18957.619191 19405.974541
644.277849 18904.995886 19144.609085
645.281315 18738.701418 18927.711405
646.283154 19060.074357 18688.862834
647.285323 18565.647777 18822.927899
648.287368 19875.229000 18578.427111
649.289581 18822.291409 19435.167801
650.291336 19301.817676 19183.850252
651.291528 19566.823134 19327.446467
652.292679 18795.964895 19591.591470
653.293140 18701.963458 19139.328209
654.295442 19708.285079 18756.854671
655.298691 19316.970744 19306.636315
656.299292 19354.005657 19388.453577
657.299829 19001.296763 19439.267684
658.302561 18966.107371 19178.827560
659.305179 19553.081437 18977.832755
660.308007 19518.637504 19314.634556
661.309526 19962.179682 19516.814227
662.311503 19451.174624 19951.016515
663.312990 18894.582121 19787.654658
664.315557 19118.633122 19204.409343
665.317086 19270.230478 19003.368131
666.317488 18458.805011 19045.361790
667.320124 19387.811845 18514.006691
668.322223 19221.431605 18931.283847
669.322783 19736.051963 19129.269244
670.323727 19083.416861 19637.267802
671.325844 18738.501469 19426.486795
672.326810 19581.589127 18976.642264
673.330253 20027.202986 19324.500543
674.332863 19480.514331 19896.912223
675.336397 18824.520291 19805.674262
676.338349 18804.226867 19186.769769
677.341316 18185.736564 18771.535085
678.343117 19358.367847 18108.222961
679.345370 18597.725798 18675.418762
680.348998 18841.332660 18559.272397
681.351901 19051.595177 18693.517712
682.355008 19401.006726 18955.290993
683.358368 19415.705478 19372.312342
684.359660 19734.646297 19599.020677
685.362061 19476.074370 19905.751658
686.365599 19831.048986 19822.411863
687.367388 18299.753024 19960.388554
688.371987 19853.806440 18848.570036
689.372867 18954.367764 19320.996586
690.374665 19283.717667 19015.833318
691.377547 18158.596096 19094.897722
692.378093 19033.310966 18337.793732
693.379480 19547.207306 18570.478481
694.381882 19021.424692 19187.951232
695.383366 18534.774510 19192.164665
696.386049 19204.858390 18786.598752
697.388455 19424.612957 19023.422644
698.391181 19264.807533 19352.009453
699.393143 18730.751814 19414.599665
700.394593 19301.243716 19007.904949
701.396916 19151.048590 19163.138234
702.399816 19091.973445 19162.634902
703.401206 19462.693442 19115.180299
704.403291 19021.622962 19363.691282
705.407063 18891.423736 19181.894454
706.408118 19138.560275 18953.278747
707.410077 18026.545308 19008.859545
708.410084 18297.512097 18235.063901
709.412055 19275.760059 17999.261523
710.885570 18670.904936 18689.608949
711.886091 19198.607650 18727.679097
712.886953 19077.050394 19128.297666
713.888977 19405.618072 19255.016505
714.890749 18774.463656 19520.310155
715.893416 19198.663037 19150.918147
716.897260 18814.247987 19190.258056
717.900444 19361.143878 18923.717968
718.903192 18881.927789 19173.252347
719.906014 18519.993214 18985.580352
720.907579 20224.590019 18594.380283
721.909137 19409.646594 19658.631085
722.912131 19276.199240 19721.038650
723.914175 19111.618071 19574.308903
724.916435 19022.957537 19302.980738
725.918841 19471.707440 19052.980588
726.920042 19575.942787 19257.037177
727.921101 18421.740719 19490.909548
728.923065 18579.879224 18763.452492
729.923833 19262.368564 18432.899899
730.926117 18875.823185 18816.235439
731.927350 19619.873554 18829.527456
732.927915 19858.280171 19405.785174
733.928389 19116.956494 19926.241090
734.932365 18724.127057 19613.486061
735.932928 18825.618913 19038.354076
736.935010 19726.669003 18748.350222
737.938402 19614.893275 19298.453035
738.938847 19176.709394 19596.726637
739.939646 19136.343060 19421.767187
740.940835 18290.723668 19242.748263
741.941852 20358.729352 18492.422956
742.943555 18350.285294 19617.839744
743.946953 19636.647120 18859.437496
744.947853 19486.758923 19317.719691
745.950485 19410.920496 19514.176498
746.952387 18971.586894 19548.671688
747.952765 19610.779214 19201.981283
748.953401 18500.052402 19450.431724
749.956634 19245.886438 18781.698707
750.957871 19237.989574 18936.296150
751.958659 19586.572269 19085.069796
752.961666 18340.944945 19459.123584
753.962401 18775.474685 18743.792157
754.964608 19484.233579 18611.311945
755.966427 19581.693489 19117.681694
756.970550 18607.513181 19535.599473
757.973843 18974.486296 19025.446635
758.976298 18933.797344 18941.116689
759.980562 19216.960923 18876.777403
760.982246 19455.160975 19071.235430
761.984319 18384.617484 19383.545856
762.985071 19810.057806 18754.697230
763.987987 19345.852668 19416.833222
764.990852 18894.981092 19498.053511
765.993811 19107.953497 19162.459762
766.995861 19527.012457 19087.522524
767.996096 18947.042989 19369.455868
768.998690 19122.881289 19114.834587
770.001838 19846.403316 19077.454771
771.002586 20181.747280 19612.763013
772.005370 19171.270588 20190.335183
773.007684 18893.747708 19719.116773
774.009945 19845.742488 19138.403861
775.010677 18801.735502 19500.879452
776.012192 18800.456539 18985.327767
777.014187 19305.255145 18680.694636
778.015954 18939.837958 18936.917501
779.019637 18665.055505 18883.050454
780.022991 18702.801639 18664.226967
781.023299 18847.838405 18583.331958
782.024845 19083.435828 18681.529449
783.025458 19832.386180 18948.903500
784.028582 18756.227801 19677.936372
785.029512 19607.560814 19273.946476
786.032318 18940.676664 19581.021618
787.033402 19690.659240 19241.030876
788.034297 19046.318819 19558.433884
789.036600 19345.458551 19266.936411
790.037387 19608.954663 19290.388076
791.038866 19091.285134 19513.503611
792.041613 18567.647196 19260.671995
793.042564 19477.400129 18699.181018
794.043801 18655.623125 19067.866773
795.046181 19183.941938 18738.260237
796.047140 19294.354536 18949.036801
797.048464 19093.967715 19195.960815
798.051198 18540.799586 19193.731137
799.052392 19342.219557 18752.799346
800.054342 19245.205724 19080.398488
801.055604 18153.908943 19236.892952
802.056208 19568.029475 18498.745791
803.056888 19064.576787 19104.053398
804.059760 19286.066818 19145.111705
805.062870 19360.424896 19311.624651
806.064569 20063.022827 19444.260225
807.066285 18629.169054 20016.567628
808.066730 20107.986646 19238.944800
809.068950 19196.413634 19806.802643
810.070465 19652.010875 19482.347807
811.073173 19593.768985 19590.334776
812.075980 19715.611535 19616.065868
813.077565 18881.968737 19714.739105
814.079050 18849.135786 19139.061733
815.079533 18298.660524 18762.325085
816.080502 19750.427435 18182.802990
817.082554 18273.549435 19010.831509
818.084375 19673.227626 18502.086250
819.087932 18805.234122 19240.338060
820.088193 19690.759914 19066.691229
821.090067 18650.428993 19578.647881
822.092788 18551.204057 19082.406024
823.096833 19188.510396 18651.872136
824.098586 19656.474595 18889.417927
825.101036 19300.728909 19433.937089
826.103805 19232.292516 19495.021781
827.106281 18804.078766 19425.663615
828.106737 19874.885771 19021.481445
829.109035 18840.537895 19568.144944
830.111303 18570.383160 19142.400993
831.113194 19181.555603 18651.447192
832.114007 19032.904703 18844.083615
833.116674 18941.778569 18913.281649
834.118420 19100.528717 18909.441829
835.121145 19512.718530 19034.668715
836.122385 19811.813414 19422.889518
837.124382 19753.034614 19863.778336
838.124619 18843.173072 20027.147414
839.126046 19047.209829 19357.907597
840.128357 18741.715121 19047.631625
841.129029 18734.040415 18663.267159
842.129124 19648.580379 18484.940887
843.131001 18575.338052 19143.957606
844.133824 20426.510568 18794.689913
845.137121 19454.996949 19953.597488
846.140795 19127.721689 19922.644332
847.141319 19588.180931 19544.799463
848.143365 19325.514638 19596.952017
849.144494 19022.093322 19423.835802
850.146454 19715.009154 19085.131417
851.150244 19700.953127 19419.706575
852.150546 19214.411791 19650.277778
853.150995 19102.023066 19413.326215
854.152551 19185.330320 19160.830284
855.152829 18465.878343 19082.360954
856.156341 19655.326662 18529.279648
857.157944 19117.841805 19128.974908
858.159159 18678.379169 19157.296834
859.161587 19245.579658 18831.997063
860.162719 19032.404457 19056.343070
861.163383 19245.379121 19055.943821
862.164926 19662.949579 19209.590352
863.168041 19584.459293 19608.538654
864.171019 18175.632310 19762.747822
865.174672 19800.032212 18738.660036
866.177390 18920.070701 19304.159139
867.180550 19522.058196 19050.905824
868.181090 19546.331261 19343.061008
869.181965 19882.940746 19552.092695
870.183177 18855.117915 19907.625294
871.186356 18655.084695 19308.353334
872.187153 19377.293561 18745.383583
873.189230 18520.521823 18982.980636
874.190325 18763.567868 18557.778590
875.192588 19530.062352 18518.147909
876.195609 20059.314929 19134.558421
877.197766 19340.950628 19938.579093
878.199171 19078.519993 19832.000162
879.200748 19275.221215 19459.125337
880.203436 19608.353826 19325.062505
881.206556 19700.250806 19495.420224
882.209856 20150.037545 19677.755220
883.212217 18885.633362 20111.886668
884.213067 19106.111356 19390.186974
885.216682 19240.904685 19068.557219
886.219949 19242.288641 19018.225873
887.220876 18954.039655 19049.767870
888.221699 19587.033163 18897.482322
889.224101 18576.710368 19310.224012
890.226574 18905.926983 18828.055048
891.227253 19804.825281 18771.046858
892.231056 18837.421941 19450.436517
893.232288 18483.857849 19153.176033
894.232585 20178.437721 18660.434199
895.233302 19047.267602 19640.854098
896.234416 18733.914826 19417.082365
897.236335 18801.912027 18977.728225
898.239485 19655.466204 18748.095707
899.240114 19571.018130 19286.899160
900.241764 19199.947169 19585.106592
901.242659 18382.279863 19452.384972
902.246400 18958.616717 18709.664231
903.247200 19425.148500 18688.710410
904.247856 19820.437747 19095.608913
905.248037 19882.954152 19677.909997
906.249180 19223.694538 20051.579780
907.253042 19063.674086 19701.813554
908.255067 19775.610577 19287.385348
909.255648 19124.311129 19558.195798
910.256194 19131.953117 19259.480131
911.259640 20006.793365 19082.061539
912.261810 19238.462675 19661.955323
913.263582 18893.591811 19461.863708
914.264313 19382.259877 19047.314495
915.264640 19394.407581 19168.110266
916.265214 19334.037146 19291.156333
917.267814 19395.847520 19333.214352
918.268775 18888.766465 19400.806841
919.271344 18775.440295 19053.052464
920.884479 21834.157010 18753.109148
921.887483 18971.981644 20902.757813
922.888400 18420.165507 20063.800420
923.889082 19036.676504 18957.504927
925.885465 19004.172976 18732.405574
926.885491 19175.126076 18671.545983
927.886026 19211.963604 18852.487761
928.886590 19090.366745 19051.246375
929.887923 19147.201116 19099.607345
930.888478 16518.039693 19164.103458
931.889936 19556.099295 17220.254862
932.891404 18859.842295 18351.321474
933.892972 18669.691208 18695.856484
934.893336 18250.140316 18766.507127
935.893679 19258.006000 18462.965300
936.893835 19454.605981 19013.887403
937.894279 19246.188295 19497.828090
938.896189 19320.135221 19572.679641
939.897071 19409.034614 19583.942775
940.897301 19501.005946 19590.296998
941.898782 19414.092686 19617.137012
942.900330 18985.591167 19536.339308
943.902207 18931.633915 19144.002661
944.902412 18948.213291 18867.763525
945.904131 18839.515254 18758.046087
946.905324 19495.879872 18669.205641
947.905772 19859.780637 19159.636285
948.907099 19256.320280 19761.838077
949.908708 18803.583012 19634.829346
950.910332 19294.033841 19137.144762
951.911664 18981.014822 19172.750155
952.911718 18926.550382 18986.109508
953.912653 19138.747351 18850.667184
954.913796 19438.727173 18961.064548
955.915456 19882.159690 19285.668797
956.917264 18791.731277 19818.809904
957.917390 18976.562638 19283.396593
958.917703 18881.254424 19031.397130
959.919726 19432.889905 18820.207615
960.922356 19007.627060 19143.601170
961.922703 18850.017207 19058.672998
962.924933 19625.985695 18885.240037
963.925650 19512.456958 19371.694215
964.927753 19423.825809 19593.347621
965.928193 20321.215600 19617.478297
966.928975 18535.442115 20254.172856
967.929704 18805.971217 19249.950708
968.930836 19875.288109 18772.109312
969.934217 18858.965865 19343.641759
970.936434 19637.090713 19000.077888
971.939014 18702.958712 19376.611582
972.940469 19848.320338 18929.399212
973.941651 18828.866532 19508.204120
974.942267 18277.350809 19118.045275
975.943449 19538.631880 18437.034374
976.945052 18670.946009 19002.568836
977.946540 19534.973509 18768.587424
978.947252 19368.765704 19275.206990
979.949249 18821.059286 19468.802548
980.949344 18766.670610 19129.811303
981.949567 18662.769564 18842.336170
982.949786 19324.265482 18601.756428
985.881611 18750.283839 18992.841779
986.882707 18831.613884 18840.754149
990.881611 18678.182041 18803.090290
991.882038 18910.910036 18676.315377
995.881611 19027.325481 18787.940582
996.882114 19186.077768 18961.807132
1000.881611 19318.371158 19184.184210
1001.881689 18862.727823 19395.066180
1005.881611 19445.559759 19139.600909
1006.881915 18721.131407 19379.773953
1007.883397 19325.224839 18972.985663
1010.881611 35865.562581 19159.698028
1011.882669 18677.538812 31699.689219
1015.881611 19246.377280 26120.135329
1016.881893 18791.396868 21896.338106
1020.881611 18876.342102 18780.713979
1021.882099 18589.011021 17289.281563
1025.881611 19495.353694 16724.832179
1026.882374 19093.731587 17588.409202
1030.881611 19424.882673 18195.717257
1031.881738 18860.103897 18972.238181
1035.881611 19161.055711 19050.075684
1036.883031 18990.437599 19267.215350
1040.881611 18882.391152 19221.281688
1041.881780 18963.480846 19059.569000
1045.881611 19120.942350 18995.235465
1046.881850 18843.992905 19073.226170
