126.007460 18508.646580 0.000000
127.008719 19582.727009 18508.646580
128.011304 18881.422861 20656.807438
129.012569 19727.930844 20399.349434
130.014572 19463.662460 20526.019776
131.017020 19511.065962 20191.631426
132.017747 20245.592997 19877.997636
133.020563 20034.078145 20180.343099
134.021850 19414.684874 20189.192166
135.023143 19295.219803 19690.293241
136.023494 18962.012942 19282.342883
137.025103 19240.020182 18831.681788
138.027554 19200.100040 18847.439459
139.030332 19380.105294 18923.523369
140.032320 20235.834820 19165.713432
141.034974 19751.886102 19982.203574
142.035686 19409.614554 20090.894918
143.037604 19520.604787 19803.784725
144.040240 20177.586974 19644.929760
145.041902 20034.958442 20027.157675
146.042128 18395.478266 20148.907558
147.042184 18681.782895 18951.685089
148.044225 19628.131407 18428.750620
149.387552 19200.897490 18940.302838
150.387601 18309.263074 19047.610652
151.390228 19135.446019 18470.860457
152.391810 17799.481877 18761.723222
153.392373 19987.026490 17998.612198
154.393809 18899.693727 19207.932565
155.394402 19734.589249 19191.866658
156.395674 19794.412366 19736.962113
157.397621 19162.976709 20053.783962
158.401446 19137.715710 19673.775245
159.402172 18783.648409 19337.125503
160.406227 18392.850586 18853.397708
161.408337 19974.354079 18300.998119
162.410737 18601.630578 19233.889060
163.410878 19515.819138 18855.908160
164.413557 19139.717079 19288.989734
165.414039 19975.036828 19280.161328
166.418343 18824.592556 19867.125874
167.419512 18913.994800 19324.752682
168.421181 19039.664465 18995.577737
169.423785 19341.945193 18904.846779
170.426470 19468.593642 19119.896268
171.428472 18971.293807 19377.919580
172.431808 19678.415078 19156.624875
173.432692 18064.506394 19529.985709
174.432752 18455.351028 18543.341955
175.434265 19230.881769 18223.444663
176.437773 19577.972219 18703.120664
177.441376 19920.134996 19335.216779
178.444709 20106.998202 19968.575779
179.447543 18881.588980 20413.292487
180.451217 19028.174427 19640.020354
181.451267 19184.380674 19173.715529
182.451741 19189.967086 19021.332526
183.452154 19851.349513 18990.092871
184.456129 19200.267638 19520.478417
185.458218 20133.827905 19380.077558
186.458827 18868.472537 19965.094849
187.460200 19450.316373 19350.770232
188.463209 19338.654219 19359.416377
189.463439 19326.155724 19302.717833
190.467094 19578.526084 19273.978786
191.467393 18726.058035 19461.931267
192.468486 18408.874036 18945.705175
193.472374 19362.834217 18394.792344
194.474876 20002.013261 18838.326488
195.476298 19123.798364 19670.604775
196.479260 20592.016771 19510.934868
197.481989 19414.008854 20435.479593
198.483070 18659.750288 20053.380312
199.486619 19215.234623 19136.793883
200.489421 17745.333176 18975.853021
201.492267 18869.665200 17852.801905
202.494759 19242.553013 18107.658183
203.495780 18544.079796 18705.253936
204.498136 19001.429722 18614.521669
205.501921 19882.702145 18894.557512
206.504345 18805.148087 19722.247803
207.506816 18984.537660 19368.040990
208.510196 19687.565985 19184.756538
209.514457 19587.532763 19570.330836
210.514626 19295.938418 19717.401856
211.516605 19157.634602 19539.774334
212.517034 19586.526034 19286.273732
213.520692 19803.948080 19449.032222
214.521902 20419.688751 19727.851455
215.525277 19147.948553 20348.090730
216.528114 19330.496281 19722.304725
217.532206 18666.532196 19402.733476
218.535492 19347.081388 18726.915488
219.539195 19211.389488 18884.322565
220.541048 18634.580524 18976.946884
221.541997 19293.833160 18649.262972
222.544033 19263.986578 18976.189881
223.548161 19969.487134 19196.679218
224.549010 19262.901274 19852.876144
225.551118 18910.841908 19680.187959
226.553880 18433.461080 19225.477671
227.556665 18894.393606 18561.427966
228.559940 19254.730196 18543.110786
229.560430 19226.847861 18892.025343
230.564327 19415.225163 19136.247084
231.567425 19614.283287 19422.291126
232.568832 19310.531783 19712.840249
233.571916 19481.943028 19605.661941
234.572799 18403.274096 19606.848682
235.573754 19697.007999 18767.213940
236.577010 19097.655092 19226.712035
237.577191 18285.789239 19124.520393
238.578015 19651.460763 18457.808858
239.579680 19525.758815 19105.701828
240.580607 19564.831080 19471.811586
241.583808 19602.409017 19697.657471
242.584112 19042.455483 19805.557269
243.585853 19125.392945 19388.754954
244.588364 18825.955780 19155.982025
245.590328 19626.590137 18807.370417
246.593252 18292.791232 19238.186722
247.596161 20006.834695 18550.346549
248.596480 18586.713115 19427.570230
249.596831 19369.906914 18945.907003
250.597794 19593.654187 19202.672266
251.601511 19309.804461 19540.674015
252.604386 19049.991745 19510.032638
253.605066 19694.715980 19249.795368
254.607825 19870.753242 19553.269003
255.610018 19778.489586 19872.395512
256.613747 19515.590977 19962.350457
257.615285 19978.122994 19764.188755
258.618569 19664.933183 19949.857472
259.619768 19852.053067 19814.865852
260.621676 19406.164062 19850.226788
261.624760 19361.208999 19533.947073
262.626798 19153.859395 19310.145165
263.627368 20458.719604 19055.497966
264.627700 19331.385968 19931.409881
265.628357 18637.638974 19655.693042
266.632119 18818.703664 18916.447608
267.633426 18111.526051 18612.921251
268.633788 18709.109731 17982.220465
269.634332 19571.279952 18147.384229
270.635589 19067.399447 19017.025152
271.639185 19231.905916 19212.498935
272.640892 19295.877501 19397.340806
273.645494 19417.722302 19496.381708
274.648925 19666.552816 19587.159708
275.649246 19627.404094 19776.812242
276.649821 18851.373301 19814.712111
277.650723 17959.216796 19204.811946
278.653389 19253.508621 18142.384824
279.654114 19385.588970 18536.098124
280.654625 19806.988455 19011.367660
281.655444 18742.343124 19658.607370
282.656195 19754.249399 19220.838498
283.656456 19424.583931 19641.259924
284.659989 19410.051499 19632.468905
285.661405 19464.463628 19565.202829
286.663993 19726.889932 19533.591054
287.665759 18603.002175 19697.323038
288.666365 18892.111251 18943.664936
289.667703 19251.867460 18698.502002
290.669872 18707.262705 18894.140004
291.674190 19536.392472 18672.937302
292.675088 18566.383752 19192.764628
293.677829 18744.566782 18811.078712
294.679179 18985.931835 18692.699286
295.681044 19739.819234 18827.500237
296.684153 19120.723108 19499.924161
297.684554 18637.575355 19431.787797
298.685975 20134.931663 18957.592628
299.687336 18304.527425 19763.507956
300.689452 19485.225921 18886.518368
301.690356 19232.427100 19188.049711
302.693174 19501.356736 19223.510319
303.694199 19391.403301 19445.167045
304.694678 19541.386078 19487.577754
305.695628 19042.128216 19597.226579
306.697207 18394.946626 19263.647469
307.701267 19689.223877 18556.091909
308.703761 19329.292247 19132.735746
309.705482 18951.973738 19290.230975
310.706379 19329.990452 19095.755026
311.709091 19369.967965 19246.084265
312.711110 19004.143186 19372.208565
313.714300 18821.512352 19160.341981
314.717811 19647.224791 18878.385865
315.719668 18883.380926 19342.473758
316.723397 18703.276038 19077.822564
317.725716 19228.113488 18761.807892
318.727563 18751.469202 18982.795680
319.729441 20246.416791 18797.135811
320.730429 18714.472371 19814.099916
321.733748 19486.540794 19281.702872
322.736765 20281.973092 19452.748043
323.738171 18452.146442 20143.293039
324.739876 18523.641356 19150.865563
325.740968 19621.501586 18533.593231
326.742183 19392.024920 19045.864268
327.744644 19503.995028 19273.801617
328.746884 19067.914411 19501.303698
329.749100 19211.083670 19288.667108
330.750194 19059.611905 19234.537584
331.750984 19352.239504 19088.005519
332.752833 19862.617087 19227.111783
333.753871 19191.994487 19710.730032
334.754554 19451.701435 19487.543970
335.758224 20021.422084 19496.843780
336.760927 19749.363670 19917.498585
337.761060 19111.216695 19949.763052
338.762521 18570.023310 19437.185208
339.764291 19905.954713 18693.509119
340.766689 19073.846002 19292.748175
341.769475 19584.504123 19121.587804
342.769572 19667.823727 19407.065759
343.772511 20496.622548 19656.654031
344.775968 19450.821045 20405.839707
345.777940 18784.358446 20018.777128
346.779080 18714.344052 19183.409868
347.781495 19487.688207 18613.452587
348.784909 19963.190129 18933.704929
349.786837 18746.721777 19588.953361
350.789490 19281.210019 19097.785505
351.790176 20396.970042 19165.301827
352.792770 19657.812784 20064.857053
353.794267 19383.282514 20043.294970
354.798105 19022.058417 19730.245679
355.798821 18934.448069 19216.062170
356.801224 19041.183572 18844.761716
357.801235 18581.923133 18761.584704
358.802332 19152.231140 18445.450587
359.802628 18872.592191 18749.232669
360.803838 18963.181782 18792.144116
361.805598 19167.729110 18901.654052
362.808785 19558.376681 19125.201448
363.810891 18570.303819 19540.592740
364.814466 19237.134843 19011.679725
365.815008 18507.244173 19137.002508
366.816733 18297.426223 18677.278981
367.818173 18421.801651 18247.545054
368.820798 19048.663939 18138.429953
369.821868 19982.999128 18624.862043
370.822720 19119.448736 19674.779954
371.825013 19445.578557 19629.130909
372.826750 19038.086367 19723.483209
373.827686 19103.637564 19395.564053
374.831231 18710.269838 19191.398451
375.833145 19170.224411 18772.349635
376.835123 19468.621049 18892.271206
377.835537 18587.872148 19245.517772
378.837060 19020.668494 18817.355199
379.839792 19179.857953 18870.500408
380.842226 19617.433955 19054.007129
381.843501 19175.522911 19505.405197
382.845511 19228.105570 19427.678138
383.849245 19122.759167 19365.212796
384.849672 18994.626996 19220.693516
385.850065 18308.195383 19027.851161
386.850646 19507.259942 18408.300232
387.851355 19981.298336 18972.796974
388.851991 19729.192770 19744.189884
389.854456 18896.212050 20000.084277
390.856481 19275.502778 19435.573056
391.857695 19016.336909 19302.945240
392.858745 18670.379798 19035.396316
393.859827 18868.567030 18637.389168
394.860143 19920.821653 18595.273676
395.862152 19249.715881 19431.730236
396.865109 19234.856114 19468.902041
397.865577 19343.841542 19421.546578
398.868368 19079.638266 19432.935301
399.871467 18343.940092 19218.203767
400.873335 19530.788733 18524.422994
401.876925 19505.005395 19022.548362
402.880044 19128.949457 19379.333636
403.882237 18696.883563 19307.102259
404.882827 19798.158116 18902.398950
405.883404 19197.263884 19474.624363
406.886493 18279.243624 19390.949834
407.890170 18744.079377 18612.175887
408.893809 18604.173740 18488.182663
409.896050 18878.340708 18385.231001
410.898463 19452.557385 18594.116082
411.899082 18347.045614 19200.277285
412.900514 19177.980486 18737.294084
413.902799 21050.712650 19031.441520
414.904115 20504.173447 20619.699102
415.905474 18915.787029 21111.676878
416.908263 20541.930214 20014.500094
417.909847 18946.327562 20410.840825
418.910781 19623.613092 19445.081549
419.912090 18696.994131 19345.477561
420.914648 18385.535830 18670.245229
421.918949 19462.033349 18105.722563
422.919420 19533.261252 18700.787686
423.919805 19010.335782 19242.052590
424.920473 18993.344324 19193.293105
425.921850 19513.289879 19110.430439
426.924749 18419.612299 19429.686742
427.926345 18492.821235 18789.957494
428.927683 18436.410363 18432.413273
429.928556 19398.688258 18226.434999
430.928602 19830.127916 18897.648124
431.932245 20025.991069 19682.094464
432.935581 19741.490972 20258.223361
433.937826 18957.994010 20274.854664
434.940929 18849.683736 19562.206671
435.943010 18466.556419 18973.596804
436.944644 19717.358238 18360.968116
437.946199 20015.486678 19019.152212
438.947238 18805.848876 19746.392096
439.947404 19540.216457 19270.057332
440.948263 18986.472528 19466.613522
441.950616 19903.247409 19167.984404
442.952338 19009.725165 19660.873037
443.955453 19318.426783 19297.769263
444.958353 19767.771103 19275.732565
445.958833 19420.651166 19612.396011
446.960846 19133.253178 19559.231554
447.961451 19074.774560 19282.455738
448.963789 19296.993487 19062.908226
449.966124 19500.558708 19122.765249
450.969653 19972.446309 19348.924736
451.972180 18559.387803 19853.828673
452.975876 19319.694363 19076.141171
453.978307 18857.915020 19128.338998
454.980167 19359.409761 18855.942245
455.983223 19032.166410 19096.358118
456.985443 19559.090382 19036.896453
457.988692 19312.462982 19401.176088
458.991936 18905.292118 19437.823929
459.992883 18480.390773 19119.429465
460.994972 18853.066607 18588.021888
461.997061 19079.122809 18574.917196
462.999927 19232.366098 18807.444354
464.001423 19313.791183 19106.560014
465.001513 19309.455908 19348.638178
466.003856 18253.747647 19457.714056
467.005063 18214.843413 18683.406262
468.005314 19494.381963 18159.659535
469.006541 18762.238899 18871.236054
470.007146 18608.796376 18833.703493
471.009853 19074.799281 18681.989171
472.012491 18875.162341 18937.335990
473.015534 19575.271722 18949.647518
474.018313 19521.874498 19462.264023
475.019834 18981.066490 19706.776283
476.020576 19430.794002 19377.200960
477.023127 17542.248023 19450.675316
478.024242 19780.147147 18066.032680
479.025307 19020.192326 18921.189542
480.027780 20497.246605 18993.541258
481.029923 19550.355233 20144.170592
482.032949 18328.745406 20097.585733
483.033423 19242.097631 19021.278309
484.037084 19905.712982 18995.005539
485.041145 19205.495541 19541.353691
486.043716 19743.067759 19380.454508
487.046314 19012.305759 19659.444339
488.046755 19580.803531 19271.773609
489.048663 20004.159964 19439.444610
490.050348 19543.221180 19876.137166
491.053184 19137.959136 19780.785055
492.054242 18922.514068 19369.771498
493.057142 19743.788507 18944.727828
494.059123 19063.624747 19342.608383
495.061010 18980.682004 19131.720871
496.062390 19264.438008 18947.046026
497.063195 19601.517144 19075.934602
498.064532 19223.839761 19440.314093
499.066947 19477.063492 19379.546564
500.069379 20592.903854 19500.153897
501.069818 19143.754396 20391.565234
502.072706 19061.565335 19800.743463
503.073890 18739.087792 19279.443516
504.075293 19018.325224 18722.465839
505.076271 19325.676156 18657.560563
506.077177 19281.510205 18945.812289
507.079792 19781.540177 19151.779656
508.081914 19396.362853 19662.218455
509.082394 18895.980043 19658.385293
510.084721 19197.282204 19215.675994
511.088535 19567.211891 19140.373978
512.090064 18431.227585 19394.397291
513.091128 19031.171012 18712.624369
514.091983 18763.926698 18751.346282
515.095233 18519.294946 18640.230185
516.095636 19651.785309 18432.122451
517.097011 18258.642437 19199.229481
518.098511 19330.220915 18651.064798
519.099723 18961.837815 19082.560725
520.100212 20704.601743 19083.936411
521.101743 19148.970113 20361.172551
522.102287 19046.514755 19918.924197
523.104161 18868.513637 19428.469980
524.107593 19054.414083 18954.253227
525.109660 19167.379145 18835.135287
526.113428 18919.707418 18915.119813
527.115062 19786.639954 18832.423113
528.115525 20082.608855 19463.095242
529.116043 19108.322292 20081.294160
530.118427 18475.731804 19660.007370
531.121385 19373.633643 18836.999840
532.121871 19631.117155 19008.605445
533.122791 19555.859567 19378.777931
534.123437 19313.813178 19570.505789
535.125131 19208.902707 19481.173371
536.128479 19217.122254 19315.984260
537.128924 18496.828564 19212.783977
538.129417 19611.259912 18622.048137
539.129991 18912.894769 19131.198835
540.131287 19360.695847 18982.015596
541.131748 19459.565585 19225.994578
542.132743 19963.541103 19455.811690
543.134667 18769.653320 19949.640358
544.137532 18504.691524 19304.614041
545.138756 19261.787740 18649.639355
546.140433 19482.160860 18853.737216
547.142194 18904.486945 19223.078618
548.143830 19002.139966 19039.264443
549.146267 19319.831697 18986.902747
550.147857 19489.793804 19202.800002
551.151297 18862.793230 19467.478134
552.151499 19112.636178 19135.145687
553.154203 18550.597865 19088.273560
554.155542 19437.760386 18649.399417
555.156238 19810.672717 19070.633847
556.158877 20137.802963 19652.716945
557.162038 19777.124157 20228.595122
558.163871 19100.362030 20223.327066
559.165106 19177.943160 19601.570716
560.167566 18780.250849 19223.576217
561.170466 19400.551446 18724.901470
562.171937 18618.147271 18954.626889
563.173771 18657.601368 18594.167607
564.175877 18837.854746 18449.523454
565.177805 19504.778370 18564.410890
566.179772 19538.465247 19190.408290
567.181831 18565.129166 19607.264667
568.182608 19753.972712 19068.490940
569.184431 18909.707424 19564.896293
570.187096 20099.240037 19227.169108
571.187543 19073.348699 19871.089554
572.187748 19404.130814 19480.668895
573.190873 19339.550428 19431.715102
574.191860 18247.107310 19351.906844
575.192302 18723.654533 18489.581273
576.195143 19308.319158 18355.210413
577.195598 19694.490412 18818.634482
578.196428 19923.978898 19462.396126
579.196793 19270.466008 20014.416884
580.200047 19036.536684 19777.683099
581.202901 19146.848883 19357.064941
582.205756 18974.075021 19149.357947
583.209654 18225.401370 18915.296787
584.213642 18996.131198 18251.455527
585.215032 18369.797885 18491.068729
586.218236 19277.579758 18267.390963
587.218569 19584.113265 18861.990215
588.221833 19113.128001 19493.087357
589.225323 18968.547878 19478.153457
590.229599 19235.173242 19270.995050
591.232097 18451.949959 19291.773077
592.233556 19943.489194 18700.594669
593.236539 20130.987966 19461.498714
594.239838 19179.550784 20103.072436
595.240092 19318.167508 19717.260292
596.243730 19157.504971 19493.889387
597.245322 19839.353963 19217.776561
598.245656 18735.057999 19576.038995
599.246559 18920.845004 18992.776981
600.247710 18443.619785 18776.056482
601.249213 20147.181936 18345.974449
602.252246 18897.829666 19433.016379
603.252636 19341.691086 19218.064532
604.256682 19101.930458 19363.425956
605.257865 18817.678611 19250.852480
606.258228 20093.125116 18944.146351
607.260065 18499.135107 19715.761230
608.261990 18343.362175 19000.417135
609.264209 18855.119073 18400.594881
610.265252 18646.736905 18470.193251
611.267997 19744.836082 18444.937266
612.268366 19193.735482 19306.333565
613.270235 18272.250244 19433.331894
614.270835 18956.312949 18745.818027
615.273914 18451.502962 18796.716177
616.276206 19537.094315 18483.456954
617.279098 18508.747563 19133.032360
618.281995 19059.202232 18787.575487
619.283204 19314.940746 18957.981072
620.283791 18288.747784 19260.293040
621.284297 19103.076012 18655.466229
622.284521 19196.802251 18872.119383
623.287677 18824.933006 19108.479797
624.289584 19189.475683 18969.838683
625.293477 18070.234396 19137.698715
626.295253 18200.031202 18395.142008
627.297579 19098.989143 18039.984356
628.299880 19537.003268 18576.635697
629.303164 19191.169746 19304.060323
630.306761 19312.085141 19466.633231
631.310831 19324.756060 19569.740359
632.313987 19009.443546 19566.383309
633.317862 19918.612203 19267.813586
634.318235 19503.616722 19735.812707
635.319183 18216.132616 19704.265531
636.322677 19275.460464 18672.716661
637.326551 18918.900290 18837.292100
638.326850 18259.999470 18761.701781
639.328838 19788.404759 18269.030634
640.330927 19064.947990 19166.741236
641.334688 18785.539267 19228.419841
642.335089 18720.495798 19008.834638
643.335387 19094.371774 18794.435593
644.338767 19535.236575 18949.158103
645.339705 19029.374531 19393.471377
646.342905 19345.902312 19271.672780
647.344677 19136.437323 19387.594755
648.347594 18906.163495 19278.033890
649.350280 19186.962506 19015.148945
650.351527 19805.479073 19067.059368
651.351877 19071.530593 19586.877790
652.352323 19693.008130 19350.975961
653.354551 19169.422560 19629.271858
654.356669 19480.714554 19391.664697
655.357224 18643.549365 19450.769577
656.358601 18427.183543 18859.934370
657.362069 19665.864572 18348.146149
658.365809 19674.515927 19041.022158
659.369574 19366.884941 19550.159283
660.372644 18917.734867 19605.093766
661.373822 18745.417628 19236.146246
662.376834 19162.911652 18842.831713
663.377632 18766.916628 18934.941443
664.379962 19100.803935 18740.992592
665.384399 19756.171240 18900.914656
666.386517 19349.127311 19522.373487
667.387365 18702.768444 19586.269393
668.389724 18733.291486 19074.162676
669.389752 19632.246160 18748.153041
670.392911 18531.010450 19255.648840
671.396492 19765.972694 18777.619287
672.399979 18987.930845 19403.173984
673.400979 18937.952852 19223.119624
674.401799 19234.363907 19036.811754
675.404306 19092.281908 19141.251385
676.404529 18450.514415 19110.187831
677.406147 18982.706974 18608.853954
678.407932 19807.447912 18717.746550
679.411326 19000.215384 19456.988657
680.413059 18935.952783 19308.800129
681.413158 19109.161364 19109.362728
682.414817 19535.284982 19096.197976
683.417311 19618.703723 19412.449161
684.417982 18873.456711 19663.847764
685.420250 19253.887390 19219.325797
686.421163 17961.127465 19195.920551
687.421784 19934.390861 18229.139694
688.423685 19648.101356 19158.693756
689.427546 20488.065051 19602.677934
690.429526 19192.448154 20465.998650
691.432268 17640.687041 19931.462935
692.432608 18421.907207 18315.620548
693.432970 18740.752627 17924.881102
694.433902 20582.044696 18092.901971
695.434464 18823.151965 19719.844121
696.438402 20328.292764 19429.695791
697.441865 19277.670671 20261.841269
698.445482 19155.117670 19906.560312
699.447911 19687.729166 19479.782672
700.448557 19277.819025 19584.686224
701.450541 18908.156987 19355.466130
702.451329 18132.642989 18944.197778
703.453862 18730.046436 18147.917905
704.454977 18975.058799 18194.011826
705.456065 19001.068221 18534.826711
706.456432 19699.976694 18834.799242
707.457886 19626.438696 19550.534107
708.459978 19483.336942 19890.608688
709.461679 20083.860343 19887.277165
710.463803 19218.191284 20235.018898
711.465712 19486.279168 19721.848332
712.466579 19690.177048 19540.414699
713.468581 19736.194422 19589.087411
714.468917 19525.546787 19673.209206
715.470267 19111.604715 19573.030681
716.470444 20107.597223 19200.613892
717.470790 19559.421184 19739.147584
718.472540 19613.254710 19689.394810
719.475846 19433.431064 19672.400161
720.476329 18966.555399 19514.248739
721.478358 19102.338686 19064.811861
722.479501 19617.618475 18917.366772
723.481633 19002.166297 19276.347047
724.483584 17907.992281 19079.565908
725.485517 19379.774732 18141.194924
726.486751 19632.390262 18717.545609
727.490798 18781.757490 19360.739880
728.492920 18555.341410 19112.275032
729.494212 19997.885253 18735.601163
730.495988 19191.196962 19584.107172
731.500265 18761.160872 19506.788479
732.501101 19630.097238 19066.704185
733.504239 18943.140005 19421.978485
734.504933 18982.299653 19136.427398
735.506755 19669.861546 18974.699743
736.508772 18467.842293 19411.407313
737.511415 19301.662025 18792.860216
738.513966 19228.541134 19027.696986
739.515940 18629.714740 19158.765962
740.518920 18521.524981 18792.624448
741.521364 18831.949869 18487.683944
742.524294 19454.812328 18576.492618
743.525357 18362.122552 19151.908111
744.525934 18987.948932 18695.824581
745.528760 18960.555296 18853.727093
746.530713 19136.337287 18945.688581
747.532741 20233.770646 19127.222498
748.535404 20231.365376 20043.343173
749.537426 19567.186704 20547.206426
750.538560 19841.162085 20222.043786
751.538606 19487.114882 20101.229731
752.541270 19509.814267 19710.270390
753.542134 19750.925965 19476.026381
754.543348 19631.276830 19548.185122
755.544174 19175.157520 19545.212851
756.544759 19199.851079 19223.153229
757.547582 18984.896435 19068.644659
758.549404 18883.076667 18862.975996
759.552914 19147.225724 18714.256949
760.556489 19136.881829 18880.214147
761.557065 19427.629259 19022.187719
762.559815 18483.416423 19339.908605
763.560305 19529.024835 18812.539585
764.561783 18827.428228 19250.780593
765.564108 19303.342968 19013.264703
766.567283 19349.339254 19204.983694
767.569041 19766.212272 19359.930222
768.572427 18892.969315 19747.410508
769.573571 18860.389408 19290.918874
770.575710 19515.438726 18938.750737
771.579368 19758.401351 19234.363324
772.579378 18683.481641 19634.660438
773.582965 18874.110955 19059.554440
774.586349 18986.846892 18820.955227
775.586667 19579.712828 18799.496505
776.587002 19135.414678 19280.254193
777.588466 19337.875301 19262.274083
778.591473 19810.461980 19373.414644
779.594600 19274.854164 19774.540098
780.596335 18825.868474 19582.377433
781.598378 19044.886351 19072.676016
782.599078 18923.930071 18920.386830
783.599305 18645.031529 18784.649907
784.599997 18354.772402 18542.427579
785.603860 18819.759197 18229.273058
786.606804 18816.219664 18452.810730
787.609729 19222.907379 18653.662033
788.613437 19540.038546 19099.742878
789.614258 19777.749329 19591.422801
790.617346 18659.320819 20002.699786
791.620431 19438.553816 19313.279282
792.621812 19305.087069 19389.504162
793.622240 19077.965062 19339.778955
794.622306 19223.615889 19135.901875
795.623838 18453.603378 19128.717251
796.627377 19395.532201 18571.340216
797.628981 18730.577231 18969.664106
798.630755 19249.246311 18776.576847
799.631389 18809.021492 19057.535124
800.633544 20388.133185 18915.773445
801.637052 18547.312159 20002.538387
802.637394 18685.309190 19261.703788
803.638184 19963.282676 18816.186354
804.641652 19603.926644 19519.188461
805.644025 19467.159332 19712.196044
806.644149 19438.360352 19679.057002
807.645125 19732.914223 19587.913828
808.647531 18769.754433 19725.869275
809.648522 19210.513548 19074.238393
810.651357 19114.501071 19002.871298
811.654095 18561.931611 18947.088955
812.656904 19297.636419 18546.623718
813.659142 19087.117380 18901.996678
814.661117 20012.499236 19020.703815
815.662565 19442.200872 19790.697166
816.665923 18740.242298 19803.420586
817.668884 19521.291373 19193.008437
818.669907 18667.871414 19360.397634
819.673122 19040.673207 18844.250698
820.675978 19629.613131 18821.683754
821.676254 18502.548202 19306.852588
822.679622 19043.927105 18784.828444
823.682918 18719.882312 18859.280489
824.682996 19031.367708 18699.634570
825.686221 19145.506223 18858.487594
826.687016 20230.615221 19066.738020
827.688941 19008.920349 20004.387033
828.690450 19340.359417 19613.497432
829.692910 18662.939048 19515.487662
830.695562 18851.767240 18914.635439
831.697031 19194.188725 18692.906374
832.701189 19385.266714 18878.573171
833.702904 18655.150904 19193.618950
834.705135 18367.798108 18851.466923
835.707075 19896.430171 18415.797308
836.708426 18658.090660 19332.436747
837.710557 18454.002271 19003.000190
838.713956 19453.439532 18598.988237
839.715011 19516.034588 19110.313715
840.718950 18462.541113 19498.704200
841.720755 19347.164903 18907.111933
842.724056 20039.978991 19163.640937
843.726106 18929.620011 19857.396997
844.728324 18768.426333 19417.151290
845.728917 19144.955595 18954.250359
846.730717 19189.730159 18958.740833
847.730847 19592.945604 19041.120684
848.735859 19144.673385 19421.874561
849.738745 19084.652443 19318.815097
850.740038 19238.513685 19178.734230
851.742911 19848.639373 19200.569281
852.744629 19227.586647 19678.567174
853.745849 18359.870393 19494.294626
854.749276 19268.178045 18684.694166
855.749541 19007.809038 18879.918732
856.750492 19988.344223 18879.319088
857.752347 18888.272297 19646.543142
858.753519 19852.260837 19290.551495
859.754374 19811.611549 19734.977277
860.756849 19194.328666 19956.024092
861.759776 19130.837379 19567.482201
862.761571 19063.671526 19232.304407
863.764226 18814.662650 18988.974363
864.765315 20030.744987 18699.226975
865.766991 19843.009689 19495.273952
866.769924 18782.955257 19886.363726
867.770880 19044.992579 19276.029280
868.774889 18981.094671 19044.121542
869.775398 17852.197075 18880.462002
870.779331 20665.701617 17977.117202
871.781639 19171.347123 19604.343177
872.786088 19034.729893 19562.529904
873.786909 18820.589530 19341.364649
874.789065 19796.127229 18993.518061
875.789690 18973.524508 19508.015908
876.790873 18019.828109 19220.340622
877.793004 19018.921273 18299.526650
879.386953 19629.813034 18518.514902
880.391133 18912.630758 19211.279442
881.391697 19807.349928 19124.408402
882.394220 18848.692336 19699.067849
883.397059 19553.497431 19294.474898
884.399203 19396.002837 19509.336604
885.401583 19592.702352 19509.686718
886.403373 18676.480148 19628.965441
887.406091 19922.775133 18992.372377
888.407815 19476.425655 19529.824027
889.408980 18895.546521 19562.025520
890.410104 19186.504762 19121.066950
891.412507 20078.793052 19062.426238
892.415501 19669.292308 19733.341731
893.418041 18613.654320 19848.036749
894.418128 20599.719071 19068.969657
895.418913 19358.561521 20055.155841
896.421975 18885.572854 19753.521577
897.425605 18577.321490 19149.222931
898.428274 18917.531489 18549.972566
899.428418 19784.095603 18512.342113
900.431461 19553.588815 19244.747317
901.433460 19692.226217 19572.906899
902.434853 19208.175997 19836.135221
903.437005 19592.165587 19568.734466
904.437481 20049.799872 19632.886664
905.437994 18374.677449 19998.008207
906.440301 19070.840391 18937.175078
907.444155 18946.617702 18788.256313
908.446443 18422.648210 18691.275933
909.448024 18592.704246 18313.644066
910.450121 18658.528162 18279.621196
911.450918 18425.983038 18390.248460
912.451925 19106.957121 18338.223174
913.454160 18893.914828 18844.881060
914.456912 19275.052800 19003.947298
915.457548 18055.735143 19341.825779
916.460558 19227.646941 18579.583532
917.460926 19282.526483 18946.434159
918.460949 19373.117529 19241.322325
919.462802 20752.465050 19467.010732
920.465340 18642.476181 20590.892276
921.467667 18794.878707 19610.734589
922.469058 18882.939645 18992.893038
924.385089 16925.847887 18700.514383
925.387119 18442.873532 17132.112553
926.388579 18950.631698 17434.114705
929.386574 19557.960561 18218.124112
930.388784 19799.865972 19248.752359
931.389259 19309.611727 20022.797591
932.389560 18577.999489 19986.396619
934.386983 20688.122384 19250.290732
935.387036 19123.225112 20296.757149
936.387563 19103.760666 19744.158712
937.390022 19229.480546 19298.027759
939.386538 18427.352107 19120.685419
940.388313 19068.198544 18457.616702
941.388426 19117.873817 18599.151022
942.388791 19178.856647 18824.436517
944.385880 19716.045329 19056.175712
945.387200 19252.716701 19605.607055
946.388876 19313.249004 19560.435824
947.390482 19274.213623 19506.319655
949.389883 18712.731355 19401.717372
950.390239 18591.407223 18896.428592
951.390317 18904.621322 18506.866794
952.393139 19359.154378 18568.131577
954.387101 18805.671847 19023.786197
955.387501 20329.309903 18920.343654
956.387565 18910.422351 19982.682972
957.390114 19138.168364 19536.343700
959.386640 19642.272544 19327.503236
960.389741 19754.030752 19553.827421
961.392162 18791.982830 19772.919450
962.393511 19074.115640 19156.207349
964.385950 18814.968290 18968.394776
965.388883 18643.933921 18706.558193
966.391218 19028.935854 18474.466649
967.393678 19983.301932 18689.539145
969.386972 18482.049102 19597.699129
970.389413 19593.898707 19022.240199
971.390297 19126.265179 19433.350163
972.392772 20224.893575 19328.317135
974.386862 18830.069407 20049.258930
975.387720 18797.946035 19407.520362
976.388660 18721.916940 18918.195811
977.389848 19227.127335 18586.449270
979.386844 19685.603798 18833.350713
980.387585 19573.864515 19399.102937
981.388174 19409.736207 19669.799802
984.386364 18662.437054 19658.068182
985.386543 18719.783607 19029.645013
989.384780 18874.975057 18666.641354
990.385145 19039.040054 18614.818675
994.384213 18827.098227 18776.995178
995.384228 19028.972755 18764.638279
999.384587 18882.211494 18925.480712
1000.384667 18822.181763 18921.703994
1004.384222 19708.578877 18864.920211
1005.384489 18773.659580 19490.641543
1009.384982 18289.979853 19156.797070
1010.385367 19342.916832 18531.330665
1014.384033 18722.822326 18947.962494
1015.384798 19107.139307 18789.946114
