2.000526 17997.154874 0.000000
3.001269 18984.503818 17997.154874
4.001738 18828.676798 19971.852763
5.002100 18905.347408 20101.819734
6.140721 18682.399996 19906.020444
7.140761 18742.411256 19390.741980
11.140721 19194.176444 19001.025697
12.140754 18681.981903 19080.337837
16.140721 18810.184586 18764.307653
17.140955 18807.104685 18681.863135
21.140721 18760.540821 18670.411313
22.140903 18907.479752 18663.935847
26.140721 18653.481333 18795.053556
27.140825 18887.171104 18698.220145
31.140721 18828.296937 18813.886065
32.141016 18979.402262 18845.884659
36.144440 18941.481799 18970.816020
37.145311 19150.670264 19006.987914
38.145445 18653.770586 19165.588680
41.140721 18781.130267 18868.484701
42.141024 18986.531695 18761.773943
46.141214 18745.110097 18867.308716
47.141473 19150.257815 18768.815649
51.140721 18926.677374 19017.503516
52.140857 18907.880947 19007.350694
56.140721 18704.388968 18968.008632
57.142044 18768.610062 18780.686696
61.140721 19051.019222 18716.117116
62.141755 18952.027454 18908.762433
66.143559 19180.993076 18966.405463
67.144205 19061.725258 19163.356692
68.145362 19352.745629 19176.790539
69.147093 19529.939635 19373.006420
71.141739 19359.483161 19598.944668
72.142447 18671.881169 19566.820178
73.142960 19250.708216 18983.222184
74.144381 19849.310161 19047.708219
76.142616 19446.590294 19579.652695
77.143366 19133.523683 19610.999399
78.143518 18990.643102 19350.770516
79.144112 18936.119583 19059.183931
81.142265 18817.758373 18855.362792
82.142387 19325.908965 18684.870513
83.143965 18925.555511 19013.959282
86.140721 19519.900908 18956.225997
87.141109 18783.695392 19365.450781
91.140721 19291.601434 19056.521568
92.140995 18749.521865 19214.779949
96.144158 18890.276848 18906.554834
97.144495 18495.044681 18818.750272
98.145109 19495.079809 18496.305509
99.148102 19639.017646 19084.794267
100.149836 18723.474895 19589.563409
101.150966 19320.304974 19167.654476
102.151579 18864.881714 19293.277674
103.151774 19468.433265 19021.278652
104.152780 18672.178087 19298.843571
105.154910 18944.294924 18882.832070
106.157389 19294.582334 18826.250451
107.158380 18813.194679 19090.186317
108.159487 18522.855205 18912.212514
109.161280 19545.096537 18580.716547
110.162092 19892.216103 19167.184228
111.162114 19063.008060 19815.235820
112.164117 19613.976002 19536.600654
113.164238 19121.550795 19692.110879
114.164655 19545.718636 19381.013368
115.166429 18996.563076 19478.724849
116.167004 19141.642729 19132.462366
117.167363 19653.090829 19034.166042
118.167917 19293.815679 19395.473127
119.169412 19635.868197 19371.074732
120.170744 19228.028590 19596.100160
121.170974 19110.962801 19412.675178
122.173136 19228.015379 19187.001698
123.173629 19112.198292 19142.944667
124.175629 19101.247698 19055.321015
125.175991 19103.246166 19017.515562
126.178454 20231.479295 19021.044721
127.180611 19705.762708 19889.534508
128.183213 19446.693797 20014.978159
129.185703 19713.736056 19806.094438
130.187679 19270.419329 19812.084111
131.190571 19196.427114 19458.004389
132.193511 18846.946554 19178.574102
133.196592 18633.490777 18781.211791
134.196680 19483.583492 18438.872494
135.197902 19647.406615 18953.926952
136.200916 18897.033661 19466.735659
137.201972 18515.236113 19205.528036
138.203999 19264.656305 18711.452469
139.204795 19267.427603 18977.425741
140.205524 19041.723207 19184.298491
141.208111 18395.128152 19139.238847
142.210145 19694.199033 18607.383824
143.211978 19229.527278 19262.695555
144.212561 19469.496104 19349.723474
145.212618 18215.124671 19543.165004
146.214767 18933.617177 18680.689969
147.215021 19704.202698 18671.930507
148.217502 19530.343935 19310.911584
149.219798 19594.379339 19598.330829
150.220442 18749.412941 19773.070281
151.223410 18718.064657 19182.042473
152.224283 19724.289696 18754.859973
153.225544 19756.582810 19286.738673
154.227849 18798.928740 19686.285614
155.229462 19561.522816 19185.392832
156.229972 18928.195887 19410.275974
157.233188 19474.010321 19085.534059
158.233402 18968.889867 19293.189384
159.235244 19646.855293 19063.381940
160.236077 18766.656050 19433.329269
161.237774 19430.632875 19011.535008
162.237819 19583.021681 19237.400756
163.239883 18785.862527 19512.933264
164.240234 19566.290147 19070.352257
165.244194 19652.403475 19363.260036
166.245043 19070.772371 19625.056449
167.248149 19640.988563 19326.568084
168.248204 19435.255579 19541.037118
169.250687 18546.530293 19518.959757
170.252311 19798.581767 18820.451068
171.254583 19497.150412 19341.755135
172.256240 18354.610839 19490.540311
173.258225 19045.429682 18709.680744
174.260754 19562.252022 18748.597617
175.261943 19256.844539 19229.880824
176.261974 19702.960800 19324.559615
177.265570 19081.174620 19689.557437
178.266777 19149.880242 19409.067554
179.269981 19818.882564 19238.378596
180.272191 18610.213767 19632.661269
181.274437 19695.953888 18969.856332
182.274679 18623.713537 19362.848313
183.276416 19591.316196 18838.440434
184.278434 19619.179400 19248.256764
185.279624 19245.069407 19559.827190
186.282990 18317.826775 19449.867961
187.283852 19002.102204 18648.256734
188.286063 19020.191635 18678.050202
189.288584 19820.603822 18787.527010
190.291118 19241.808636 19500.740710
191.293765 19581.937195 19503.216949
192.297028 19228.123629 19694.199410
193.298057 18977.257798 19496.264912
194.300619 18465.245018 19142.112969
195.304583 19714.676178 18539.813620
196.304664 17869.766554 19157.095165
197.307750 18405.317550 18221.448972
198.309847 19427.303510 18067.368519
199.311703 19261.627036 18841.305020
200.313967 19686.511278 19250.515538
201.316391 18802.574323 19776.561852
202.318941 19926.510666 19354.119650
203.320448 19341.885317 19847.964474
204.322130 20027.261896 19676.054422
205.325168 19464.672020 20020.589555
206.328792 19333.827254 19772.582799
207.329644 19616.673862 19473.468152
208.331616 18172.357007 19501.135560
209.332326 19213.037097 18460.616198
210.334413 18845.858610 18648.801787
211.335792 19589.469108 18608.569543
212.336981 18499.608002 19205.483562
213.339289 19564.038077 18782.541128
214.342546 19327.965872 19298.659186
215.345771 18864.064006 19446.008784
216.346042 19489.940542 19142.246455
217.347890 19314.830595 19390.227081
218.349175 19250.484835 19407.813299
219.349871 19252.721816 19345.101412
220.353509 19490.666764 19291.769060
221.354156 18773.329262 19433.799784
222.356294 19474.736905 18981.028764
223.358032 19027.531090 19228.774111
224.359148 19250.525690 19078.733122
225.363297 19388.737693 19158.158069
226.363338 20080.933097 19324.621450
227.367104 19145.146007 19943.028755
228.367680 19487.253464 19584.868175
229.370537 18785.564356 19552.437936
230.372146 19068.497411 18993.659867
231.372167 18571.416313 18874.446746
232.372306 18670.575216 18490.542028
233.375172 19415.685766 18393.177418
234.375413 19247.155032 18972.677475
235.376720 18250.687406 19246.781526
236.378778 18411.485823 18636.576208
237.381562 19687.320488 18355.600162
238.382334 19760.920165 19185.959553
239.383752 19062.770201 19781.679239
240.386501 19744.301152 19550.736841
241.388859 19821.027790 19824.422195
242.389592 18017.610828 19998.779590
243.391166 18715.231861 18688.957616
244.391322 19962.498298 18389.425706
245.393850 19539.653796 19256.561118
246.394733 19182.310215 19549.479742
247.396953 18647.801889 19425.474882
248.399553 19214.976735 18901.800041
249.401957 18486.476880 19001.844216
250.402951 18973.632193 18558.774542
251.405169 18867.175259 18684.531775
252.407607 18851.150298 18739.842795
253.409834 18533.445402 18787.312700
254.411674 19478.994316 18588.728380
255.413911 19856.745757 19184.777161
256.418011 20346.265527 19839.669421
257.421000 18564.076239 20538.524462
258.424472 19168.231036 19503.245283
259.426894 20017.124937 19203.929530
260.429316 19516.437648 19682.017456
261.431099 19209.403725 19629.322822
262.432152 19756.082127 19344.478770
263.435499 19269.780093 19578.296784
264.436126 19255.221715 19374.925602
265.438423 18691.003721 19236.034850
266.440996 18981.796521 18748.222694
267.442701 19637.723746 18708.106474
268.444596 18682.393359 19248.416293
269.447502 19120.399198 18899.400277
270.450396 19016.038253 18999.144918
271.452711 19882.803975 19001.060100
272.455753 19238.721586 19655.836521
273.459321 19474.892383 19556.904803
274.460408 19444.749124 19605.021238
275.462994 19074.419436 19573.939797
276.463685 18396.300076 19248.354142
277.465965 19317.023620 18533.488118
278.468620 18995.755533 18832.300754
279.490973 18451.144200 18861.936723
280.494868 18638.955512 18501.750910
281.498115 19809.484811 18449.864810
282.502741 19218.373251 19349.091410
283.505222 18757.911989 19470.469390
284.507715 19266.189681 19122.788399
285.511471 19206.200842 19238.937069
286.513748 19093.655088 19258.832928
287.516496 19680.383546 19171.213521
288.518837 19851.573517 19548.060553
289.521372 20432.382657 19897.957295
290.522514 19743.750384 20496.916577
291.522532 18852.858605 20263.788532
292.523801 19206.647113 19349.046139
293.523883 19512.029465 19032.969440
294.525599 19999.639222 19147.387273
295.572979 18918.988999 19661.464055
296.576877 19572.224823 19192.558570
297.578045 19634.140113 19379.640303
298.581283 18836.796306 19567.763767
299.584038 19143.109406 19080.411730
300.584744 19005.982398 19005.566680
301.587444 19417.821079 18899.684581
302.589477 18922.675095 19182.196996
303.592043 18518.409440 19010.999737
304.592897 19332.468160 18600.120706
305.593206 20171.203098 18984.797413
306.594669 19303.891364 19893.104657
307.595164 19128.918931 19766.299089
308.596399 19507.470028 19456.065048
309.598644 19320.941803 19503.074822
310.599123 18792.789062 19387.782342
311.601987 19379.484162 18917.311411
312.605592 18353.712891 19090.966684
313.606092 18989.473833 18480.595236
314.607009 18625.628924 18620.509632
315.610718 18447.640455 18509.824199
316.613008 19105.383193 18349.941311
317.617353 18955.995630 18787.731707
318.621739 19157.984323 18973.999104
319.621756 19008.036567 19214.123454
320.624118 19459.325319 19207.690029
321.624796 19154.001046 19493.026515
322.625959 18534.527743 19398.276254
323.626680 19075.776569 18825.227345
324.628306 18991.696547 18871.964609
325.629131 19243.854134 18883.226215
326.632426 19519.594206 19105.092791
327.632698 18522.320591 19457.521468
328.634929 18706.493613 18901.298780
329.635518 18852.271255 18666.572656
330.635599 19680.689485 18668.523064
331.637476 19200.694843 19336.748988
332.640438 19382.513220 19396.851093
333.640869 18719.439846 19514.226866
334.643526 19894.376564 19042.681310
335.645782 19076.129032 19607.300705
336.647223 18709.085768 19347.693718
337.650956 19162.429359 18874.716605
338.653429 19302.536359 18936.828032
339.655043 18907.304333 19129.364328
340.655273 18893.851925 18972.501464
341.656030 19174.577801 18867.681443
342.656914 19271.813281 19032.358461
343.660464 19845.358956 19223.178414
344.661996 18836.415536 19760.906364
345.665145 19603.889210 19294.175922
346.667211 19301.625555 19521.975860
347.669353 19432.466596 19429.656425
348.671351 18647.343503 19449.619771
349.672920 19418.975641 18866.470830
350.676093 19553.506102 19098.838632
351.678691 20042.490351 19395.954630
352.682335 18967.297878 19950.638684
353.685150 20016.932945 19444.549273
354.685642 18734.292227 19859.418019
355.688749 19720.317240 19144.250585
356.689507 19663.920928 19423.696038
357.692326 18939.637753 19595.276831
358.693690 19871.642418 19155.015871
359.698508 18957.472285 19580.044360
360.702492 18970.295464 19179.830519
361.704069 19131.873845 18933.751425
362.706200 19224.935790 18941.031673
363.756846 18051.637353 19062.178799
364.759870 20008.047555 18283.467782
365.761713 19590.773840 19303.462318
366.764463 19087.319224 19676.650608
367.766781 19640.319298 19464.184600
368.770256 19344.454068 19678.485307
369.773122 18697.588836 19554.195236
370.776355 19509.712589 18954.465984
371.776898 18889.697611 19199.474886
372.780264 19373.617882 18934.527529
373.783971 19659.026582 19153.786575
374.786598 18663.805955 19532.430449
375.788744 19311.738114 19006.985950
376.789184 18695.041011 19144.417820
377.789952 20400.408655 18792.441002
378.790813 19471.909295 19871.128328
379.793619 19004.979257 19846.417553
380.794847 19358.275880 19390.237572
381.797687 18744.077794 19330.805471
382.800022 19411.522481 18847.308457
383.800161 19518.028960 19080.335800
384.802034 18894.893605 19359.526001
385.805749 19506.162272 19071.395325
386.807840 20110.955152 19341.656057
387.810203 19719.034652 19971.507637
388.810766 19044.071084 20027.354931
389.813472 19730.227982 19471.975832
390.814617 18050.888672 19601.927769
391.816520 18938.683760 18439.474309
392.817872 19599.415410 18426.947485
393.818200 19167.006951 19044.166879
394.821140 18788.222770 19167.282365
395.821895 19171.629468 18944.683119
396.824290 19456.657525 19081.823431
397.826673 19599.608175 19386.616140
398.829220 19389.178598 19663.735828
399.829785 19776.519900 19628.441576
400.830973 18959.220336 19841.484682
401.833176 19370.822152 19318.790366
402.834826 19378.881338 19276.252063
403.835145 18903.280383 19284.669823
404.838210 18713.279165 18955.730866
405.838476 19983.735277 18635.647853
406.841929 19557.014548 19447.856259
407.842850 19655.756727 19667.889669
408.846067 19559.581853 19824.244229
409.848561 19171.064911 19788.168477
410.850106 18762.979761 19421.596239
411.852239 18963.431327 18869.613426
412.852752 18520.287845 18717.302277
413.855618 19103.596276 18370.321354
414.855949 19089.960294 18671.803839
415.856442 19666.456436 18920.266204
416.856705 18788.569065 19519.293015
417.859057 19191.634670 19197.181748
418.860712 19267.654821 19236.272147
419.862981 19033.576751 19301.673091
420.863222 19496.473778 19150.310443
421.866228 19304.213889 19392.618466
422.869271 19099.967059 19395.541389
423.869559 19815.700134 19220.985853
424.871824 19634.208327 19640.253192
425.873382 19014.802116 19757.629743
426.876742 18639.836773 19320.908005
427.880261 19695.833606 18744.796657
428.883821 19124.967295 19222.498637
429.884198 19258.482781 19151.533635
430.885330 19129.376291 19209.546164
431.887673 19104.263103 19153.956716
432.888786 18714.268045 19101.181994
433.890932 19143.182073 18783.068617
434.895152 19064.824155 18928.497306
435.897595 18807.478682 18996.114404
436.899248 18925.554471 18854.091286
437.900371 19397.904214 18859.983418
438.901762 18404.146984 19233.584554
439.904795 19075.688819 18716.147115
440.908880 18359.185284 18883.084739
441.909749 19681.371755 18477.326919
442.914679 19327.662122 19236.552454
443.917104 18715.537378 19462.087822
444.917256 19416.894286 19082.155523
445.919044 19852.666976 19326.552518
446.921854 19330.916938 19798.165975
447.923522 19916.713012 19656.285425
448.923914 19943.522641 19943.350084
449.924431 19563.235997 20100.330367
450.927156 20117.502405 19854.403594
451.928177 19879.832579 20074.348114
452.928819 20442.171955 20016.856578
453.930255 19855.624914 20375.609342
454.932094 19317.825663 20131.716096
455.932955 18630.481077 19537.397239
456.936296 19396.609264 18669.836477
457.938985 19272.636698 18800.813386
458.940322 19482.475439 18922.271386
459.942180 19942.113814 19227.970769
460.944667 19393.547159 19789.175410
461.944682 18861.836011 19696.587340
462.948486 19527.320647 19175.749899
463.949209 18349.272842 19335.966183
464.953579 20404.836746 18580.377088
465.956797 20005.373250 19686.479407
466.958618 18816.438733 20119.522279
467.959572 19197.208871 19415.805570
468.962854 19581.525166 19199.683110
469.964273 19827.682600 19379.240541
470.965398 19787.819995 19704.208489
471.967537 19462.737285 19867.664037
472.969902 18362.148033 19685.618768
473.970843 19958.224856 18713.433824
474.972896 18642.915723 19336.577521
475.975131 19305.990524 18817.079353
476.975234 20949.382363 19011.095463
477.976923 19217.640388 20414.371163
478.977215 19875.409167 19950.955331
479.979846 18799.469220 20029.245264
480.980361 20109.633763 19222.976245
481.983209 18090.728997 19696.588387
482.984525 19119.953211 18522.477228
483.989267 18553.341640 18599.402751
484.990294 18343.397244 18343.044449
485.990434 19536.314212 18109.981299
486.990830 19128.758326 18946.491436
487.993681 19432.516428 19206.535284
488.996923 18582.061134 19544.931545
489.999079 18851.651642 19048.184426
490.999948 19537.069793 18885.472924
492.001128 19077.358430 19309.725466
493.005152 19538.572174 19233.904297
494.005669 18911.833634 19502.767553
495.006923 19526.192742 19176.096432
496.010852 19133.140837 19407.464503
497.014251 19180.933909 19258.041669
498.016411 18903.852120 19187.949848
499.018508 18320.178407 18943.338611
500.019970 19407.613719 18373.406085
501.020075 19098.369695 18890.709386
502.021140 19876.897667 19046.654103
503.022356 18847.790866 19721.451337
504.023518 19271.622401 19325.881437
505.023648 18419.102364 19326.447495
506.024874 19476.112908 18673.634223
507.025959 19417.172402 19076.352530
508.026444 18569.153737 19333.446399
509.028333 19554.107450 18846.910835
510.028655 18708.721782 19272.919064
511.031159 19997.360834 18922.181024
512.032510 18905.434107 19659.926482
513.033228 19009.334848 19294.212754
514.055002 18923.914758 19092.086784
515.058558 19211.216208 18906.270748
516.061834 19342.278166 19033.249819
517.063060 19587.303368 19239.527421
518.065235 19155.493059 19552.122809
519.068008 19646.988737 19393.357911
520.070729 18898.031271 19623.131008
521.073617 18926.761437 19182.263889
522.076245 18528.704446 18912.319800
523.079760 19144.340826 18482.415421
524.079960 19600.064853 18740.762773
525.082517 18646.022771 19312.623983
526.084559 18688.308372 18954.883244
527.086812 18880.560444 18730.511956
528.090286 19929.394287 18751.964470
529.090928 19309.700529 19581.465104
530.091120 18344.202594 19618.427397
531.092382 19646.570714 18835.603376
532.092860 19846.514567 19298.117260
533.093799 19936.947315 19766.445455
534.094422 19453.869981 20088.451391
535.096207 19217.165953 19849.270340
536.099089 18485.001931 19453.301704
537.099705 18814.001581 18647.160432
538.103726 19395.374196 18450.299908
539.106101 19252.422842 18878.824525
540.106230 18114.413767 19115.010736
541.109478 19092.142938 18413.950062
542.111123 18533.194018 18721.832530
543.112482 19207.611144 18549.139675
544.115503 19829.063419 18964.619678
545.117559 19560.719012 19699.196753
546.119707 18846.707945 19897.693651
547.122063 18555.160271 19377.190140
548.123284 19682.412119 18765.657080
549.127523 19853.307595 19252.705234
550.131083 18654.807544 19731.827639
551.131361 19067.748031 19102.883792
552.131458 18667.774835 18986.098172
553.132019 19752.306903 18648.137930
554.132564 19103.427513 19297.466086
555.135655 18554.022056 19249.180826
556.137467 19776.289580 18776.545775
557.140339 19282.769142 19401.297963
558.140538 19349.470559 19437.281632
559.140937 19082.054602 19466.671407
560.144285 20048.136178 19251.504115
561.145652 19335.133388 19826.119272
562.146016 19506.400669 19634.178985
563.147767 18689.176664 19591.897903
564.150354 18556.259205 18936.465050
565.153041 18274.363629 18447.238433
566.155637 18454.146675 18018.458635
567.157176 18974.396102 18002.882269
568.157630 19142.731672 18498.097258
569.160436 19232.023823 18991.031140
570.162522 19502.096440 19342.392328
571.164695 18614.154558 19693.035259
572.165369 19246.088197 19154.665607
573.168628 19378.917793 19224.303249
574.170900 19376.475799 19364.190503
575.172370 19579.102297 19435.984457
576.174575 19175.055767 19608.974143
577.178355 19021.261234 19384.966127
578.178421 18693.653977 19105.138630
579.179358 19080.054551 18698.550089
580.180130 19095.506989 18783.832222
581.182761 19341.852615 18912.118198
582.186124 19010.414731 19206.867604
583.186785 19650.918625 19139.410147
584.187170 18461.597573 19553.810485
585.188951 19212.610566 18893.296900
586.189967 19292.747030 19018.375020
587.190264 19650.152424 19189.575315
588.192879 19720.277595 19569.022437
589.194652 19272.875931 19831.622372
590.197001 19195.658882 19599.534898
591.198735 19280.444850 19343.913632
592.199141 19978.127431 19242.628788
593.199801 18868.517574 19724.702317
594.200288 18939.569552 19196.887967
595.201662 19584.864911 18904.177177
596.204933 19545.556057 19250.641395
597.207979 18512.086740 19477.947743
598.210906 19074.394869 18833.401007
599.212937 18627.535070 18852.530170
600.215561 18921.087218 18582.416076
601.217848 19175.851853 18678.802889
602.219052 19076.060394 18978.640854
603.220747 18859.986530 19103.018992
604.221390 19227.021234 18996.413014
605.221407 19308.378861 19184.279431
606.223177 19214.756369 19349.916311
607.225426 20075.724646 19352.133520
608.227308 18969.048981 19964.624044
609.269910 19828.633018 19468.637708
610.272131 18397.500274 19740.435386
611.274515 19602.213092 18825.034075
612.274681 18589.551885 19163.984583
613.276059 19505.849067 18683.521058
614.278194 19250.919105 19107.019890
615.280646 19345.412731 19227.279128
616.282139 19269.021192 19364.188961
617.282329 18964.427374 19370.656166
618.284406 18335.073045 19120.035661
619.285344 19143.792523 18483.807590
620.285721 19646.105000 18735.049527
621.285935 19595.900093 19339.590602
622.286140 19896.642770 19680.836059
623.289415 19707.203508 20055.781804
624.291475 19356.787023 20061.390471
625.295422 19896.453656 19712.835700
626.296747 19190.192944 19854.296120
627.298191 18566.464527 19405.870180
628.298826 18921.145806 18659.941589
629.301189 19424.163082 18529.618987
630.304798 18810.685202 18939.602348
631.305312 18864.938683 18805.625801
632.308037 19718.738518 18780.592489
633.310364 19243.866539 19429.512258
634.310436 18871.517637 19470.124723
635.312880 20124.089758 19154.604733
636.313514 19522.214858 19865.502054
637.315057 19645.457092 19834.191467
638.315557 18697.397761 19832.973695
639.317457 18221.253676 19074.441161
640.318396 19516.888730 18243.805980
641.321360 18647.255856 18794.576604
642.324585 19314.855533 18598.315292
643.325626 17544.953027 19013.119535
644.328718 19340.862586 17968.528776
645.329649 19350.290020 18687.271629
646.330655 19066.318315 19217.111370
647.333903 19980.233504 19302.347124
648.334542 18857.998768 19971.394191
649.337347 19362.887702 19466.451501
650.338327 19920.206693 19440.533673
651.338672 19366.116725 19826.152510
652.341256 18826.163285 19626.907998
653.341838 19069.626948 19057.122844
654.344321 19069.745489 18897.088124
655.345380 18846.466288 18860.294377
656.347538 19432.728395 18726.800880
657.349743 18561.547581 19129.667063
658.349859 19481.674360 18753.479878
659.352087 19617.487525 19207.498295
660.355239 19158.716722 19604.911394
661.355249 19136.372873 19462.683873
662.359020 19224.174723 19298.820438
663.363041 20033.272259 19242.128217
664.363513 19873.119427 19816.116885
665.366888 19568.346053 20037.285439
666.368719 19179.933565 19878.248182
667.370318 18769.560691 19429.944656
668.372811 18265.216486 18835.510464
669.373195 19555.982569 18143.547772
670.374024 18982.527326 18796.058166
671.374161 19509.458996 18882.203032
672.377554 19658.368856 19345.555291
673.379097 19297.979058 19729.889742
674.380415 18922.551739 19633.884397
675.380931 19250.015577 19220.334901
676.382848 19250.563191 19184.712241
677.383984 20052.261809 19183.637455
678.386555 19413.585397 19801.105460
679.390301 18804.185410 19693.621241
680.392470 18503.348114 19112.820180
681.393190 19009.732431 18519.632985
682.394079 18803.147487 18598.756408
683.397329 18921.921142 18586.123417
684.399746 19756.306828 18723.143180
685.402383 19182.930392 19467.136816
686.406422 20235.142917 19481.393811
687.407897 19470.805574 20203.065847
688.452949 19416.086306 19998.668125
689.456726 18394.391956 19723.464175
690.458486 18666.282968 18742.746971
691.458745 19524.836904 18369.217874
692.459995 19327.759394 18900.635051
693.461417 18542.281270 19174.585971
694.461697 19058.887699 18760.746193
695.462376 20233.516970 18886.664895
696.463031 18748.399840 19873.651900
697.467157 19630.451985 19343.273823
698.471372 19627.715612 19590.905397
699.474895 18945.926707 19722.555552
700.475656 18818.704522 19253.328966
701.478096 19230.304955 18846.448469
702.479954 19519.845707 18944.772559
703.481068 19336.641570 19282.473266
704.483590 19675.767663 19373.263628
705.484154 18170.571570 19663.847864
706.485851 19854.456433 18683.222862
707.487024 19540.991221 19327.661185
708.490301 19396.130323 19546.480250
709.493408 19450.133605 19545.871851
710.496195 19542.595216 19548.634731
711.498040 19576.654831 19594.737098
712.498474 18606.526040 19630.297522
713.501499 19191.933316 18907.070469
714.505566 19984.659364 18909.376291
715.509047 19218.101309 19575.712995
716.510149 18458.633139 19436.199397
717.512594 19537.406748 18742.316949
718.513370 18757.398567 19133.534979
719.514446 18857.333438 18845.105801
720.514969 18548.170703 18753.915556
721.518661 19118.037700 18502.302853
722.521826 18859.236594 18815.363712
723.522633 18848.723236 18853.461808
724.523428 19275.025450 18866.069535
725.524323 19077.801391 19187.763484
726.527405 18897.667674 19222.507906
727.527590 19502.270986 19068.603200
728.530729 20181.291594 19402.369450
729.532333 19101.610585 20103.493415
730.534384 18333.109743 19663.744185
731.534929 19216.559389 18726.960539
732.536134 19383.331467 18822.693251
733.537022 19291.361303 19094.105201
734.541543 19244.609551 19233.140118
735.541716 19080.523783 19282.149060
736.542958 19381.856992 19174.204327
737.544879 18814.818122 19322.811731
738.547381 18480.701399 18986.597596
739.550676 20679.006689 18524.958118
740.552688 19619.744547 19931.803167
741.552703 18920.949426 20027.579965
742.555628 20374.383011 19449.413169
743.556921 19217.899202 20118.289024
744.560514 19037.782831 19649.387592
745.562431 19150.572886 19171.977500
746.565233 19155.026063 18984.316328
747.567849 18829.747135 18935.389764
748.569651 18360.965282 18721.876361
749.573010 19177.345350 18290.500963
750.575270 18857.856313 18704.714395
751.575703 18938.535382 18790.362072
752.577192 19925.629605 18910.568773
753.580980 19425.963166 19717.984442
754.581813 19759.477675 19798.853739
755.583037 18933.009560 19996.201625
756.585894 18766.539927 19415.843495
757.588476 18778.704566 18880.103721
758.589790 19579.132128 18592.966365
759.591301 18878.414670 19096.152909
760.592638 18894.215726 18942.952892
761.595513 20006.964411 18862.069120
762.596572 18400.775981 19664.225399
763.597943 18935.714817 18946.346969
764.598904 18882.943648 18852.219134
765.602509 19569.511276 18786.450761
766.603878 19505.866115 19292.615517
767.604479 19349.987256 19567.187964
768.604770 20019.839527 19572.234581
769.606269 19492.191548 20021.585262
770.606628 19774.504047 19850.088184
771.608282 19745.536747 19886.599860
772.609728 19681.113571 19855.106270
773.610336 18272.728179 19763.649713
774.612832 18579.968160 18640.998355
775.616235 18303.502821 18218.035117
776.616685 19561.740948 17889.687755
777.618528 19740.679009 18772.646436
778.620809 18831.319469 19545.602950
779.622309 19483.801229 19298.830567
780.624990 19115.869527 19547.927920
781.625442 18893.104539 19380.496148
782.627728 19050.623742 19063.549866
783.628244 18748.154368 18980.604795
784.630800 19743.379741 18729.784966
785.634020 19292.647308 19355.386432
786.634732 19715.067265 19427.136167
787.634748 19264.616860 19746.203788
788.635926 19355.442726 19560.115664
789.635958 18488.926394 19461.316300
790.638222 18979.980015 18735.560976
791.641179 19301.063792 18679.314884
792.641595 18733.994369 18967.170954
793.644752 19192.489231 18769.270131
794.646596 18199.481230 19005.371925
795.649883 18607.421866 18425.446148
796.651857 18713.876205 18384.947507
797.652998 19110.695250 18500.157531
798.653417 19523.792004 18908.806495
799.655729 19542.658207 19473.425731
800.659695 19054.767210 19782.476570
801.659859 18891.924760 19511.129150
802.663712 18518.022313 19139.233118
803.664442 19532.403568 18611.031178
804.665989 19594.878036 19084.463932
805.669485 19434.861940 19480.021069
806.672386 18927.453985 19586.501807
807.672635 19321.194469 19221.276244
808.675786 19303.238251 19260.513260
809.678061 19855.264480 19281.834907
810.679505 18923.558578 19711.866238
811.679581 19091.098865 19263.952038
812.680742 18580.625250 19080.551788
813.683768 18905.722049 18608.633221
814.687395 19510.067092 18609.494544
815.688340 19233.932097 19137.240864
816.689744 19243.389855 19287.219335
817.691930 18975.592560 19355.980079
818.693364 19525.509140 19161.364924
819.696669 19462.887442 19430.051691
820.698368 20136.297317 19541.293163
821.698873 19049.037590 20082.369875
822.700028 18743.519037 19550.945296
823.703270 18984.316232 18930.617166
824.704417 19341.043058 18754.276464
825.706113 18604.147174 18991.161176
826.706385 19247.128255 18644.402088
827.709580 19706.280419 18943.194627
828.713838 18615.284807 19512.938426
829.714750 19040.966154 19027.899115
830.716426 20153.413392 19001.486892
831.717127 18972.217124 19832.486025
832.718452 19126.072920 19442.320232
833.719318 19334.683008 19245.103406
834.719507 19146.229478 19273.194937
835.719613 18646.372525 19161.272573
836.722721 19449.969434 18726.657903
837.724696 19571.393068 19091.976905
838.727883 19738.069143 19455.202264
839.730048 19036.229162 19790.869701
840.731058 19653.869240 19419.123294
841.732063 19533.137488 19600.756616
842.734793 18619.791362 19614.302619
843.736098 19763.920993 18915.774743
844.736406 19907.408108 19350.612183
845.737716 19360.500816 19778.973442
846.739601 19200.334006 19615.082269
847.742133 19236.885094 19349.366212
848.745703 18648.792714 19206.663448
849.749537 19411.502395 18701.798192
850.750016 19849.462051 19008.146456
851.752074 19483.897266 19590.629314
852.753344 19518.259189 19672.405339
853.755748 19851.944579 19691.937775
854.758008 19434.396379 19908.548389
855.758668 19750.960234 19689.541594
856.760252 19293.950531 19753.674784
857.762317 19603.662628 19442.305464
858.763395 19452.226012 19481.816144
859.765286 19740.151848 19418.455643
860.766506 18942.819567 19611.162362
861.767128 19629.237183 19141.763882
862.767905 19550.091333 19372.141775
863.771252 19500.850807 19492.245186
864.774018 19083.720035 19529.828034
865.776303 18717.281811 19228.527072
866.780253 19559.220837 18766.846164
867.781337 19163.913821 19155.068891
868.785092 19148.900211 19153.737979
869.788349 19071.380572 19144.356276
870.788695 19570.857233 19082.661679
871.794204 19304.212239 19423.601600
872.794998 17988.973465 19430.901723
873.795424 19217.133790 18416.450333
874.795454 19213.867453 18723.475664
875.798554 19625.023570 18997.953109
876.798974 20133.188303 19497.537505
877.800310 19447.196143 20160.324769
878.801413 19401.518447 19970.440165
879.804215 18811.064364 19710.428585
880.804245 18928.286330 19060.354698
881.807449 19024.938443 18760.911646
882.811202 18284.658066 18725.522876
883.813263 20235.917006 18227.472100
884.816810 19369.293987 19456.187408
885.819019 19949.032506 19615.510198
886.820878 19680.630439 20068.421429
887.823543 18894.870736 20063.728264
888.826730 18831.779091 19376.287448
889.827626 20072.972103 18864.894128
890.829741 19175.154496 19531.813468
891.832489 19024.548417 19327.199592
892.833455 17794.648586 19073.926821
893.836016 18702.389539 18012.520961
894.840209 19453.876372 18108.155652
895.843168 20032.008781 18868.146594
896.844571 20035.479648 19828.173816
897.844762 19531.430761 20361.749319
898.846840 18773.327248 20168.932987
899.848203 18757.345168 19344.571630
900.849406 19839.785414 18777.593296
901.850752 18557.206638 19300.872281
902.851357 18523.692724 18735.305975
903.851571 18495.212586 18382.862552
904.852625 19042.018681 18220.488280
905.854988 18596.073554 18618.086792
906.857370 19333.893987 18588.410175
907.860398 19295.111260 19128.853036
908.862513 19369.927935 19421.247659
909.862983 18969.334934 19592.023377
910.866341 19094.762248 19321.442625
911.869346 19847.929768 19192.195811
912.869619 19499.772964 19668.089654
913.871911 19098.577259 19689.879001
914.873180 19425.593866 19352.350386
915.873551 18366.504774 19365.405252
916.873784 18766.266679 18592.663020
917.873887 19882.789745 18449.573771
918.874053 19451.047439 19294.594672
919.876359 19006.527006 19540.347162
921.828162 19773.610251 19307.508151
922.828866 19343.828274 19691.155794
923.829402 19014.143062 19581.256746
926.828078 17883.566655 19219.686196
927.829762 19119.822484 18139.582832
928.830464 18921.810180 18462.718977
931.828106 17525.247251 18640.053699
932.829108 19352.486025 17751.737983
933.829725 19357.896844 18621.386523
934.832300 19805.456500 19243.043782
936.829110 17978.203936 19918.255420
937.829525 20297.103695 18857.222085
938.830776 18967.670160 19846.125700
939.833812 19913.446296 19456.246855
941.829099 18207.254173 19848.495361
942.831934 18652.914547 18781.213255
943.833457 19414.227578 18438.327712
944.833484 19136.246836 18891.516423
946.830578 19551.215726 19040.303010
947.831372 19685.576766 19449.908928
948.832563 18663.109907 19780.809366
949.834272 18730.815266 19155.601291
951.828740 19471.906984 18770.653427
952.829920 18535.177222 19124.038743
953.831691 19944.196984 18685.151140
954.832049 19359.630573 19484.978681
956.830861 18995.049223 19561.272218
957.831957 19122.647938 19275.572563
958.833078 18995.274344 19158.290937
959.833095 19341.712601 18995.209179
961.828505 18921.281136 19173.513283
962.830320 19596.586638 18989.391566
963.830564 18846.239095 19386.782227
964.831164 18703.405578 19075.168003
966.829856 18518.322863 18755.003526
967.831954 19243.668068 18443.209764
968.832498 18883.361734 18850.100062
969.835532 19020.249191 18881.707462
971.828143 18200.031195 19000.590323
972.830471 19055.007131 18449.782973
973.831007 18975.713143 18753.173306
974.833970 19368.951776 18920.856437
976.829019 19314.194324 19313.341155
977.829208 19275.929922 19482.418079
978.830280 18567.303938 19496.202301
979.831386 18204.367787 18916.556830
981.827389 19315.558055 18267.218757
982.828585 18967.855312 18760.229680
986.827179 18884.845924 18884.790177
987.827659 19492.497410 18905.579669
991.826744 18980.633579 19366.529593
992.827158 18572.821666 19244.598636
996.826800 18874.630204 18811.782959
997.827231 18722.425912 18761.991201
1001.827660 18948.172048 18651.101853
1002.828022 18753.286425 18782.797796
1006.826812 18887.231011 18743.825113
1007.827221 18500.217301 18827.162540
1011.826772 19300.763261 18593.588088
1012.827723 18944.015679 19053.867635
1016.828676 18994.559792 19078.170629
1017.828687 19159.637793 19094.691473
1021.826479 18824.526936 19201.727475
1022.827318 18870.552609 18993.389914
1026.827519 18912.748509 18881.524643
1027.827600 18788.934177 18854.495924
1031.827238 19139.422541 18762.683962
1032.828529 18879.786790 18986.206808
1036.825970 18917.277334 18941.545351
1037.826826 19401.553289 18931.892890
1041.826308 18794.880757 19286.619737
1042.827092 19136.258691 19037.712149
