# WEMAClient mimuroto
0 165.880441
1 170.880441
2 175.880441
3 180.880441
4 185.880441
5 190.880441
6 195.880441
7 200.880441
8 205.880441
9 210.880441
10 215.880441
11 220.880441
12 225.880441
13 230.880441
14 235.880441
15 240.880441
16 245.880441
17 250.880441
18 255.880441
19 260.880441
20 265.880441
21 270.880441
22 275.880441
23 280.880441
24 285.880441
25 290.880441
26 295.880441
27 300.880441
28 305.880441
29 310.880441
30 315.880441
31 320.880441
32 325.880441
33 330.880441
34 335.880441
35 340.880441
36 345.880441
37 350.880441
38 355.880441
39 360.880441
40 365.880441
41 370.880441
42 375.880441
43 380.880441
44 385.880441
45 390.880441
46 395.880441
47 400.880441
48 405.880441
49 410.880441
50 415.880441
51 420.880441
52 425.880441
53 430.880441
54 435.880441
55 440.880441
56 445.880441
57 450.880441
58 455.880441
59 460.880441
60 465.880441
61 470.880441
62 475.880441
63 480.880441
64 485.880441
65 490.880441
66 495.880441
67 500.880441
68 505.880441
69 510.880441
70 515.880441
71 520.880441
72 525.880441
73 530.880441
74 535.880441
75 540.880441
76 545.880441
77 550.880441
78 555.880441
79 560.880441
80 565.880441
81 570.880441
82 575.880441
83 580.880441
84 585.880441
85 590.880441
86 595.880441
87 600.880441
88 605.880441
89 610.880441
90 615.880441
91 620.880441
92 625.880441
93 630.880441
94 635.880441
95 640.880441
96 645.880441
97 650.880441
98 655.880441
99 660.880441
100 665.880441
101 670.880441
102 675.880441
103 680.880441
104 685.880441
105 690.880441
106 695.880441
107 700.880441
108 705.880441
109 710.880441
110 715.880441
111 720.880441
112 725.880441
113 730.880441
114 735.880441
115 740.880441
116 745.880441
117 750.880441
118 755.880441
119 760.880441
120 765.880441
121 770.880441
122 775.880441
123 780.880441
124 785.880441
125 790.880441
126 795.880441
127 800.880441
128 805.880441
129 810.880441
130 815.880441
131 820.880441
132 825.880441
133 830.880441
134 835.880441
135 840.880441
136 845.880441
137 850.880441
138 855.880441
139 860.880441
140 865.880441
141 870.880441
142 875.880441
143 880.880441
144 885.880441
145 890.880441
146 895.880441
147 900.880441
148 905.880441
149 910.880441
150 915.880441
151 920.880441
152 925.880441
153 930.880441
154 935.880441
155 940.880441
156 945.880441
157 950.880441
158 955.880441
159 960.880441
160 965.880441
161 970.880441
162 975.880441
163 980.880441
164 985.880441
165 990.880441
166 995.880441
167 1000.880441
168 1005.880441
169 1010.880441
170 1015.880441
171 1020.880441
172 1025.880441
173 1030.880441
174 1035.880441
175 1040.880441
176 1045.880441
177 1050.880441
178 1055.880441
179 1060.880441
