11.140721 9993.387187
21.140721 5531.129600
31.140721 5531.129600
41.140721 16663.256000
51.140721 11062.259200
61.140721 11062.259200
71.141064 19070.367647
81.141878 19108.276586
91.142295 17202.045878
101.142379 19043.181799
111.142638 19157.991398
121.143036 19193.617428
131.143361 19116.580318
141.143453 19225.871788
151.143904 19175.236522
161.144757 19188.957164
171.144793 19167.870191
181.144816 19201.694288
191.144917 19226.959064
201.145902 19131.410910
211.146325 19238.605313
221.146447 19181.398077
231.146499 19172.832404
241.146618 19210.906537
251.147479 19201.101782
261.147796 19144.260117
271.148154 19183.702577
281.148704 19197.498721
291.149257 19141.162322
301.149721 19201.714157
311.150071 19172.719417
321.150262 19125.210385
331.150717 19180.101011
341.151213 19188.486006
351.151512 19255.049983
361.152229 19193.955327
371.152263 19159.955750
381.152561 19183.594415
391.152795 19160.398901
401.153798 19197.366170
411.153869 19200.472803
421.154077 19204.788420
431.154470 19129.046817
441.154928 19119.383987
451.155129 19171.875363
461.155207 19141.591154
471.155360 19195.162002
481.155615 19197.206502
491.156196 19204.155696
501.156454 19200.849447
511.156678 19136.372772
521.157148 19215.387707
531.157425 19154.389207
541.157713 19181.745281
551.158466 19153.236792
561.159042 19185.242863
571.159569 19161.524122
581.159955 19179.470630
591.160516 19093.599226
601.160892 19168.195429
611.160908 19165.085821
621.162079 19097.588023
631.162441 19148.837295
641.162576 19089.013865
651.162963 19205.354884
661.163492 19210.610457
671.163795 19198.961694
681.164244 19155.842713
691.164469 19131.855093
701.164800 19192.275485
711.164850 19158.330260
721.165024 19172.940381
731.165531 19163.830330
741.166109 19246.989605
751.166238 19182.509904
761.166357 19189.427663
771.166725 19176.555741
781.167404 19146.630281
791.167736 19197.486026
801.167827 19102.351755
811.168519 19211.833826
821.168677 19147.139017
831.169148 19195.499403
841.169224 19152.203588
851.169568 19186.049733
861.170209 19175.023991
871.170593 19203.644618
881.171232 19126.460425
891.171412 19206.981994
901.171486 19205.835757
911.171502 19141.028631
921.171594 19157.300915
931.171877 19046.546696
941.172512 19194.326658
951.173099 19143.803472
961.173348 19109.757451
971.173434 19188.817882
981.173669 19153.065338
991.174007 16106.721033
1001.174486 15490.431067
1011.174488 15881.268824
1021.174559 14519.066515
1031.175316 12730.415295
1041.175708 10927.207400
