# AIMDClient mimuroto
1.380719 0.151041 4237.252315 256
1.665428 0.284710 4495.809868 384
1.990680 0.325252 5903.121209 512
7.033734 0.368305 6950.758282 640
12.129301 0.463872 6898.451228 768
17.250560 0.585131 6562.628412 896
22.394026 0.728598 6148.798322 1024
27.463586 0.798157 6414.777144 1280
32.811400 1.145971 5584.782027 1536
38.334406 1.668978 4601.618609 1792
43.634031 1.968603 4551.451294 2048
49.621077 2.955648 3464.553206 2048
54.521571 2.856142 3585.255602 2048
59.997296 3.331867 3073.351816 2048
65.079489 3.414060 2999.361245 2048
70.045982 3.380554 3029.089354 2048
75.221953 3.556524 2879.215705 2048
80.184457 3.519028 2909.894340 2048
85.132573 3.467144 2953.439346 2048
90.079805 3.414376 2999.083654 2048
95.115313 3.449884 2968.215447 2048
100.111944 3.446516 2971.116520 2048
105.168707 3.503278 2922.976616 2048
110.189371 3.523942 2905.836379 2048
115.471679 3.806250 2690.311664 2048
120.594063 3.928635 2606.503419 2048
125.719045 4.053617 2526.139183 2048
130.568968 3.903540 2623.260121 2048
135.346359 3.680930 2781.905288 2048
140.110639 3.445211 2972.241852 2048
144.887691 3.222262 3177.891312 2048
149.682167 3.016738 3394.394713 2048
154.832372 3.166944 3233.401163 2048
159.972231 3.306803 3096.646519 2048
165.113065 3.447637 2970.150562 2048
169.828385 3.162956 3237.477408 2048
174.986677 3.321248 3083.178063 2048
179.708586 3.043158 3364.925798 2048
184.813271 3.147842 3253.021954 2048
190.019662 3.354233 3052.858485 2048
195.201924 3.536495 2895.522092 2048
200.319289 3.653861 2802.515237 2048
205.016600 3.351171 3055.648243 2048
209.784112 3.118684 3283.436260 2048
214.821920 3.156492 3244.108110 2048
219.806107 3.140679 3260.441507 2048
225.053392 3.387963 3022.465078 2048
230.121997 3.456569 2962.475221 2048
235.406544 3.741115 2737.151638 2048
240.611494 3.946066 2594.989705 2048
245.353463 3.688034 2776.546773 2048
250.234842 3.569413 2868.819028 2048
255.041784 3.376355 3032.856191 2048
259.918442 3.253013 3147.850907 2048
265.147934 3.482506 2940.411378 2048
270.336625 3.671197 2789.281286 2048
275.523014 3.857585 2654.510486 2048
280.275698 3.610270 2836.353164 2048
285.151387 3.485958 2937.499147 2048
290.056569 3.391140 3019.633377 2048
295.271145 3.605717 2839.934670 2048
300.336099 3.670671 2789.680723 2048
305.406428 3.740999 2737.236601 2048
310.469542 3.804114 2691.822703 2048
315.586553 3.921125 2611.495687 2048
320.380851 3.715422 2756.079873 2048
325.324710 3.659282 2798.363389 2048
330.283519 3.618091 2830.221854 2048
335.166630 3.501202 2924.710087 2048
340.097703 3.432274 2983.444723 2048
344.932788 3.267359 3134.029274 2048
349.824947 3.159518 3241.000411 2048
355.097109 3.431681 2983.960368 2048
360.351310 3.685881 2778.168897 2048
365.507518 3.842089 2665.216459 2048
370.854097 4.188669 2444.690730 2048
375.480576 3.815148 2684.037497 2048
380.383265 3.717836 2754.290318 2048
385.342765 3.677336 2784.624335 2048
390.257611 3.592183 2850.634323 2048
395.220797 3.555369 2880.151137 2048
400.149791 3.484363 2938.844408 2048
405.052936 3.387507 3022.871893 2048
409.947156 3.281728 3120.307380 2048
414.883627 3.218198 3181.904591 2048
420.174545 3.509116 2918.113636 2048
425.310775 3.645347 2809.060493 2048
430.463513 3.798085 2696.095560 2048
435.719566 4.054137 2525.814881 2048
440.414354 3.748926 2731.449142 2048
445.365602 3.700174 2767.437653 2048
450.284404 3.618976 2829.530049 2048
455.172392 3.506964 2919.904861 2048
460.067551 3.402122 3009.885838 2048
464.993024 3.327596 3077.296923 2048
470.041397 3.375969 3033.203236 2048
475.310082 3.644653 2809.595281 2048
480.578736 3.913308 2616.712304 2048
485.595508 3.930079 2605.545396 2048
490.403885 3.738456 2739.098452 2048
495.332475 3.667046 2792.438162 2048
500.240090 3.574661 2864.606995 2048
505.164794 3.499365 2926.244943 2048
510.073019 3.407591 3005.055701 2048
515.191891 3.526463 2903.759454 2048
520.257580 3.592151 2850.659608 2048
525.163270 3.497842 2927.519328 2048
530.044468 3.379039 3030.447277 2048
534.948094 3.282665 3119.416556 2048
539.866140 3.200711 3199.288816 2048
544.778418 3.112990 3289.442106 2048
549.730839 3.065410 3340.499152 2048
554.695657 3.030228 3379.283491 2048
559.639143 2.973714 3443.504949 2048
564.596774 2.931346 3493.276270 2048
569.775063 3.109634 3292.991630 2048
574.978462 3.313033 3090.823255 2048
580.163776 3.498348 2927.096026 2048
585.347125 3.681696 2781.326522 2048
590.553054 3.887626 2633.998464 2048
595.748975 4.083547 2507.624108 2048
600.742661 4.077232 2511.507683 2048
605.727521 4.062093 2520.868034 2048
610.741891 4.076462 2511.982115 2048
615.741288 4.075859 2512.353693 2048
620.733978 4.068549 2516.867782 2048
625.687829 4.022400 2545.743694 2048
630.710380 4.044952 2531.550707 2048
635.710920 4.045491 2531.213103 2048
640.717343 4.051915 2527.200363 2048
645.833140 4.167712 2456.983863 2048
650.789863 4.124435 2482.764466 2048
655.725851 4.060423 2521.904796 2048
660.624472 3.959044 2586.483016 2048
665.550978 3.885550 2635.405596 2048
670.422787 3.757359 2725.318633 2048
675.401752 3.736323 2740.662204 2048
680.312155 3.646727 2807.997579 2048
685.269319 3.603891 2841.373448 2048
690.247488 3.582059 2858.690712 2048
695.208337 3.542909 2890.280411 2048
700.150598 3.485170 2938.163729 2048
705.070546 3.405117 3007.238558 2048
710.082181 3.416753 2996.997877 2048
715.099838 3.434410 2981.589459 2048
720.083393 3.417964 2995.935507 2048
725.148049 3.482620 2940.315019 2048
730.166949 3.501520 2924.443853 2048
735.174444 3.509016 2918.197313 2048
740.150811 3.485383 2937.984459 2048
745.183248 3.517820 2910.893989 2048
750.465009 3.799580 2695.034503 2048
755.586646 3.921218 2611.433721 2048
760.515397 3.849968 2659.762078 2048
765.479482 3.814053 2684.807989 2048
770.341303 3.675874 2785.731997 2048
775.442378 3.776949 2711.182787 2048
780.530885 3.865457 2649.104625 2048
785.290464 3.625035 2824.800045 2048
790.454960 3.789532 2702.180718 2048
795.597738 3.932309 2604.067724 2048
800.642685 3.977257 2574.638749 2048
805.513287 3.847859 2661.220239 2048
810.460768 3.795340 2698.045630 2048
815.392872 3.727443 2747.191319 2048
820.553482 3.888054 2633.708506 2048
825.591896 3.926467 2607.942303 2048
830.563074 3.897646 2627.227127 2048
835.531937 3.866509 2648.384090 2048
840.566694 3.901265 2624.789598 2048
845.592692 3.927263 2607.413813 2048
850.531528 3.866100 2648.664048 2048
855.586536 3.921107 2611.507335 2048
860.573277 3.907849 2620.367456 2048
865.541739 3.876310 2641.687481 2048
870.616321 3.950893 2591.819201 2048
875.657910 3.992481 2564.820998 2048
880.663401 3.997972 2561.298332 2048
885.812203 4.146774 2469.389337 2048
890.839322 4.173893 2453.344940 2048
