# VLDDashClient mimuroto
1.141028 0.119837 5340.577127 5120
14.637462 13.496434 1896.797369 1792
15.766634 1.129173 7935.013810 2304
18.042845 2.276211 5061.043000 2560
23.396908 2.630274 4866.413042 2816
28.796586 3.029952 4646.939011 3072
35.026107 4.259472 3606.080363 3072
41.373741 5.607107 2739.380572 3072
52.571412 6.804777 2257.237728 2816
62.184460 6.417825 2193.889582 2816
69.697682 7.513222 1874.029486 2560
75.351688 5.654006 2263.881396 2560
80.977176 5.625488 2275.358340 2560
86.586766 5.609590 2281.806491 2560
92.483991 5.897224 2170.512702 2560
98.486475 6.002484 2132.450382 2560
104.340003 5.853528 2186.715298 2304
108.773849 4.433845 2598.196159 2304
114.028524 4.688521 2457.064965 2304
119.161053 4.821050 2389.520942 2304
124.338769 4.998766 2304.568889 2304
129.508787 5.168784 2228.764077 2304
134.510166 5.001379 2303.364810 2304
139.279082 4.768916 2415.643369 2304
144.042431 4.532265 2541.775683 2304
148.819022 4.308856 2673.563629 2304
153.420585 3.910419 2945.975965 2304
158.595906 4.085740 2819.562546 2304
163.750139 4.239973 2716.998468 2304
168.992682 4.482516 2569.985381 2304
173.611532 4.101366 2808.820593 2304
178.858216 4.348050 2649.463694 2304
183.435718 3.925552 2934.619346 2560
189.871815 5.361649 2387.325431 2304
194.256085 4.384271 2627.574895 2304
199.396370 4.524555 2546.106581 2304
204.489790 4.617975 2494.599947 2304
209.225499 4.353684 2646.034982 2304
214.069396 4.197581 2744.437782 2560
220.089055 5.217240 2453.404419 2304
224.329719 4.240664 2716.555714 2560
230.507523 5.418468 2362.291221 2304
235.240741 4.733218 2433.861876 2304
240.403071 4.895548 2353.158614 2304
245.451936 4.944413 2329.902452 2304
250.254235 4.746712 2426.942983 2304
255.075240 4.567717 2522.047766 2304
259.956247 4.448724 2589.506515 2304
264.997226 4.489703 2565.871212 2304
270.188683 4.681160 2460.928416 2304
275.348767 4.841244 2379.553459 2304
280.334441 4.826918 2386.616192 2304
285.190616 4.683093 2459.912835 2304
290.081986 4.574463 2518.328525 2304
295.102003 4.594480 2507.356511 2304
300.299738 4.792215 2403.898586 2304
305.340477 4.832954 2383.635554 2304
310.410892 4.903369 2349.405048 2304
315.544064 5.036541 2287.284136 2304
320.494371 4.950307 2327.128542 2304
325.371173 4.827109 2386.521613 2304
330.353946 4.809882 2395.069020 2304
335.257549 4.713485 2444.051562 2304
340.168753 4.624689 2490.978178 2304
345.011280 4.467216 2578.787392 2304
349.894203 4.350139 2648.191060 2304
354.987938 4.443874 2592.332522 2304
360.259486 4.715422 2443.047433 2304
365.380838 4.836774 2381.752641 2304
370.728187 5.184123 2222.169288 2304
375.824513 5.096326 2260.452068 2304
380.762863 4.938350 2332.762946 2304
385.720139 4.895626 2353.120910 2304
390.617676 4.793163 2403.423192 2304
395.572307 4.747794 2426.389977 2304
400.486145 4.661632 2471.237449 2304
405.411730 4.587217 2511.326604 2304
410.293875 4.469362 2577.549085 2304
415.188073 4.363560 2640.046021 2304
420.363581 4.539068 2537.966029 2304
425.507044 4.682531 2460.207883 2304
430.663891 4.839378 2380.471325 2304
435.933538 5.109025 2254.833482 2304
440.887485 4.953947 2325.418467 2304
445.835418 4.901881 2350.118402 2304
450.716896 4.783358 2408.349718 2304
455.604466 4.670928 2466.319098 2304
460.505117 4.571579 2519.916837 2304
465.396647 4.463110 2581.160003 2304
470.388230 4.454692 2586.037332 2304
475.599027 4.665490 2469.194270 2304
480.882908 4.949370 2327.568828 2304
486.029043 5.095505 2260.816149 2304
490.972559 4.943516 2330.325183 2304
495.883524 4.854481 2373.065343 2304
500.788583 4.759541 2420.401644 2304
505.694714 4.665671 2469.098074 2304
510.580016 4.550973 2531.326952 2304
515.634545 4.605502 2501.356027 2304
520.740706 4.711663 2444.996361 2304
525.708355 4.679313 2461.900018 2304
530.584246 4.555203 2528.976231 2304
535.484533 4.455490 2585.574022 2304
540.361319 4.332276 2659.110145 2304
545.283650 4.254607 2707.653215 2304
550.207979 4.178937 2756.682154 2304
555.173946 4.144903 2779.317103 2304
560.023362 3.994319 2884.096162 2304
564.906938 3.877895 2970.683532 2304
570.132715 4.103673 2807.241520 2304
575.368442 4.339399 2654.745480 2304
580.547352 4.518309 2549.626449 2304
585.743952 4.714910 2443.312986 2304
590.900706 4.871663 2364.695715 2304
596.159288 5.130245 2245.506577 2304
601.323529 5.164241 2230.724879 2304
606.461278 5.137749 2242.226904 2304
611.607562 5.146284 2238.508428 2304
616.790600 5.183037 2222.634958 2304
622.011225 5.220625 2206.632344 2304
627.176310 5.165085 2230.360120 2304
632.368346 5.192036 2218.782698 2304
637.658659 5.290313 2177.565044 2304
642.755210 5.096551 2260.351928 2304
647.637272 4.882062 2359.658579 2304
652.452875 4.697664 2452.282447 2304
657.211800 4.456589 2584.936324 2304
662.039719 4.284509 2688.755957 2304
666.816582 4.061372 2836.479909 2304
671.575007 3.819797 3015.866983 2304
676.543908 3.788698 3040.622605 2304
681.344929 3.589719 3209.165212 2304
686.334838 3.579627 3218.211995 2304
691.287402 3.532192 3261.431292 2304
696.214043 3.458832 3330.603666 2304
701.145475 3.390265 3397.964678 2304
706.063567 3.308357 3482.091240 2304
711.089009 3.333799 3455.516978 2304
716.095206 3.339996 3449.105902 2304
721.076002 3.320792 3469.051645 2304
726.182136 3.426926 3361.613306 2304
731.239965 3.484755 3305.827898 2304
736.295160 3.539950 3254.283643 2304
741.502706 3.747496 3074.052734 2304
746.885770 4.130560 2788.968307 2304
752.100732 4.345522 2651.004952 2304
756.866892 4.111682 2801.773036 2304
761.748489 3.993278 2884.847677 2304
766.666568 3.911357 2945.269018 2304
771.255221 3.500011 3291.418369 2304
776.381752 3.626542 3176.579597 2304
781.752571 3.997361 2881.901486 2560
787.396749 4.641539 2757.706076 2560
792.992061 5.236851 2444.216938 2560
798.693338 5.701276 2245.111301 2304
802.971988 4.278651 2692.437454 2560
809.291898 5.598561 2286.301861 2304
812.808957 3.517058 3275.464694 2560
819.335145 5.043246 2538.047809 2560
824.921208 5.586063 2291.417074 2304
829.153318 4.232110 2722.046368 2560
835.291752 5.370545 2383.370967 2304
839.381622 4.089870 2816.715532 2560
845.454307 5.162555 2479.392686 2304
849.509584 4.055278 2840.742454 2560
855.544730 5.090423 2514.525776 2560
860.643715 5.098986 2510.303219 2560
865.657812 5.014097 2552.802821 2560
870.805963 5.148151 2486.329348 2560
875.875007 5.069044 2525.131106 2560
880.931828 5.056821 2531.234382 2304
885.841147 4.909318 2346.558046 2304
890.876907 4.945079 2329.588813 2304
894.281038 3.349210 3439.617444 2560
899.340962 3.409133 3754.619999 2560
904.505267 3.573439 3581.983600 2560
907.895525 1.963697 6518.317410 2560
912.913588 1.981760 6458.905810 2560
917.880722 1.948894 6567.829298 2560
922.895180 1.963351 6519.464758 2560
