# AIMDClient mimuroto
1.543318 0.162078 3948.707352 256
1.721824 0.178506 7170.625955 384
2.025889 0.304066 6314.425168 512
7.091312 0.369488 6928.506407 640
12.185146 0.463322 6906.641993 768
17.320482 0.598659 6414.339335 896
22.452420 0.730596 6131.980378 1024
27.529560 0.807736 6338.702155 1280
32.892911 1.171088 5465.004764 1536
38.395902 1.674079 4587.598342 1792
43.705830 1.984007 4516.114031 2048
49.693930 2.972107 3445.367535 2048
54.568910 2.847087 3596.658982 2048
60.052438 3.330614 3074.508178 2048
65.135845 3.414021 2999.395869 2048
70.107602 3.385778 3024.415549 2048
75.280774 3.558951 2877.252659 2048
80.238135 3.516312 2912.142257 2048
85.191139 3.469315 2951.590962 2048
90.137319 3.415495 2998.101343 2048
95.175987 3.454164 2964.538032 2048
100.165753 3.443929 2973.347811 2048
105.231568 3.509744 2917.591674 2048
110.249530 3.527706 2902.736048 2048
115.529633 3.807810 2689.210084 2048
120.644981 3.923157 2610.142902 2048
125.781147 4.059324 2522.587720 2048
130.627739 3.905915 2621.664559 2048
135.402849 3.681025 2781.833861 2048
140.167651 3.445827 2971.710242 2048
144.951143 3.229319 3170.947041 2048
149.721673 2.999849 3413.504995 2048
154.880929 3.159106 3241.423568 2048
160.014527 3.292703 3109.907042 2048
165.164212 3.442389 2974.678507 2048
169.880470 3.158646 3241.895123 2048
175.043407 3.321583 3082.867241 2048
179.749605 3.027781 3382.014272 2048
184.858373 3.136549 3264.734329 2048
190.069270 3.347446 3059.048363 2048
195.247891 3.526068 2904.084949 2048
200.376239 3.654416 2802.089506 2048
205.070614 3.348790 3057.820652 2048
209.825491 3.103667 3299.322527 2048
214.855144 3.133320 3268.098888 2048
219.849842 3.128019 3273.637849 2048
225.090467 3.368644 3039.799195 2048
230.166937 3.445113 2972.326415 2048
235.438732 3.716908 2754.977824 2048
240.677479 3.955655 2588.698717 2048
245.414277 3.692453 2773.223824 2048
250.286184 3.564360 2872.885664 2048
255.095185 3.373361 3035.548106 2048
259.971243 3.249419 3151.332184 2048
265.185851 3.464027 2956.097043 2048
270.370465 3.648641 2806.524085 2048
275.576547 3.854724 2656.480937 2048
280.329724 3.607900 2838.216229 2048
285.210573 3.488749 2935.149548 2048
290.112531 3.390707 3020.018740 2048
295.310135 3.588311 2853.710040 2048
300.374288 3.652465 2803.586402 2048
305.444985 3.723161 2750.351089 2048
310.524640 3.802817 2692.740879 2048
315.648728 3.926904 2607.652119 2048
320.434463 3.712640 2758.145477 2048
325.380066 3.658243 2799.158093 2048
330.332044 3.610220 2836.391865 2048
335.223940 3.502117 2923.945926 2048
340.152900 3.431077 2984.486001 2048
344.990154 3.268330 3133.098234 2048
349.885036 3.163213 3237.215004 2048
355.137160 3.415337 2998.240413 2048
360.392732 3.670908 2789.500653 2048
365.542234 3.820411 2680.340071 2048
370.919981 4.198157 2439.165524 2048
375.541126 3.819302 2681.118243 2048
380.442903 3.721080 2751.889508 2048
385.394426 3.672602 2788.213754 2048
390.317790 3.595966 2847.635486 2048
395.275878 3.554055 2881.216161 2048
400.210741 3.488917 2935.007780 2048
405.109569 3.387746 3022.659151 2048
410.003607 3.281784 3120.254465 2048
414.939977 3.218153 3181.949169 2048
420.226057 3.504234 2922.179449 2048
425.369412 3.647588 2807.334487 2048
430.527837 3.806013 2690.479228 2048
435.783990 4.062167 2520.822278 2048
440.479478 3.757655 2725.104043 2048
445.422970 3.701146 2766.710639 2048
450.346472 3.624648 2825.101881 2048
455.227981 3.506158 2920.576157 2048
460.120593 3.398770 3012.855012 2048
465.044890 3.323066 3081.491240 2048
470.096356 3.374532 3034.494742 2048
475.365223 3.643399 2810.562080 2048
480.632844 3.911020 2618.242670 2048
485.670325 3.948501 2593.389056 2048
490.463003 3.741179 2737.105057 2048
495.387732 3.665908 2793.305125 2048
500.292366 3.570543 2867.911352 2048
505.224658 3.502834 2923.347074 2048
510.125375 3.403551 3008.622320 2048
515.247740 3.525917 2904.209333 2048
520.320356 3.598532 2845.604632 2048
525.219692 3.497868 2927.497440 2048
530.103109 3.381285 3028.434347 2048
535.012617 3.290794 3111.711265 2048
539.913641 3.191817 3208.203603 2048
544.821079 3.099255 3304.019940 2048
549.780695 3.058872 3347.639722 2048
554.736957 3.015133 3396.201328 2048
559.667130 2.945307 3476.717761 2048
564.630812 2.908988 3520.124660 2048
569.825825 3.104002 3298.967219 2048
575.038169 3.316345 3087.736449 2048
580.221301 3.499478 2926.151054 2048
585.405470 3.683646 2779.854497 2048
590.603230 3.881407 2638.218703 2048
595.805105 4.083282 2507.786921 2048
600.799124 4.077300 2511.465765 2048
605.785209 4.063385 2520.066115 2048
610.802188 4.080364 2509.579865 2048
615.796796 4.074972 2512.900795 2048
620.787542 4.065718 2518.620173 2048
625.752836 4.031013 2540.304500 2048
630.770834 4.049011 2529.012771 2048
635.767870 4.046046 2530.865951 2048
640.763322 4.041499 2533.713501 2048
645.868325 4.146501 2469.552061 2048
650.823632 4.101809 2496.459692 2048
655.754859 4.033035 2539.030828 2048
660.653906 3.932082 2604.218336 2048
665.585947 3.864123 2650.018913 2048
670.456256 3.734432 2742.050211 2048
675.437769 3.715946 2755.691418 2048
680.352597 3.630774 2820.335406 2048
685.313628 3.591805 2850.934643 2048
690.295749 3.573925 2865.197312 2048
695.260550 3.538726 2893.696433 2048
700.194014 3.472190 2949.147292 2048
705.117714 3.395891 3015.409314 2048
710.130781 3.408957 3003.850986 2048
715.147476 3.425652 2989.211873 2048
720.137302 3.415478 2998.116154 2048
725.199676 3.477853 2944.345490 2048
730.235819 3.513995 2914.061925 2048
735.247884 3.526061 2904.090734 2048
740.243853 3.522029 2907.415106 2048
745.261679 3.539856 2892.773410 2048
750.506416 3.784592 2705.707756 2048
755.620391 3.898567 2626.605843 2048
760.548799 3.826975 2675.742633 2048
765.513308 3.791485 2700.788867 2048
770.378989 3.657166 2799.982512 2048
775.483876 3.762052 2721.918856 2048
780.566852 3.845028 2663.179479 2048
785.316968 3.595144 2848.286332 2048
790.488181 3.766357 2718.807421 2048
795.623729 3.901905 2624.359098 2048
800.672718 3.950895 2591.818001 2048
805.540878 3.819054 2681.292046 2048
810.497749 3.775925 2711.918188 2048
815.422822 3.700999 2766.820683 2048
820.584115 3.862291 2651.275845 2048
825.626156 3.904333 2622.727316 2048
830.589289 3.867465 2647.729056 2048
835.567612 3.845788 2662.653192 2048
840.587558 3.865735 2648.914237 2048
845.617361 3.895537 2628.648874 2048
850.555336 3.833512 2671.179525 2048
855.610506 3.888683 2633.282506 2048
860.595035 3.873212 2643.800872 2048
865.564429 3.842605 2664.858820 2048
870.651521 3.929698 2605.798362 2048
875.678827 3.957004 2587.816676 2048
880.688052 3.966228 2581.797834 2048
885.834629 4.112805 2489.784693 2048
890.863256 4.141432 2472.574622 2048
