# VLDDashClient mimuroto
1.141784 0.120593 5307.089670 5120
12.575537 11.433753 2238.984962 2048
13.855996 1.280459 7997.132000 2816
19.803362 2.227826 6320.063668 3328
27.657382 5.081845 3274.401232 3328
34.219662 6.562281 2535.703855 3072
40.046260 5.826597 2636.186936 2816
45.460839 5.414579 2600.386705 2816
51.542868 6.082029 2315.016968 2816
59.126199 7.583331 1856.703757 2560
64.482960 5.356760 2389.503892 2560
69.741272 5.258312 2434.241141 2560
74.948570 5.207298 2458.088849 2560
80.099548 5.150978 2484.964822 2560
85.206654 5.107106 2506.311833 2560
90.368351 5.161697 2479.804694 2560
95.518441 5.150090 2485.393469 2560
100.692303 5.173862 2473.974014 2560
105.889495 5.197193 2462.868111 2560
111.120273 5.230778 2447.054796 2560
116.328906 5.208633 2457.458665 2560
121.463453 5.134547 2492.916993 2560
126.696844 5.233391 2445.832864 2560
131.923631 5.226787 2448.923286 2560
137.297839 5.374208 2381.746357 2560
143.273636 5.975797 2141.973588 2304
146.524105 3.250469 3544.104317 2560
152.377142 4.103506 3119.284134 2560
157.969886 4.696249 2725.579371 2560
164.255963 5.982326 2139.635927 2560
169.876249 5.620286 2277.464158 2560
175.251301 5.375052 2381.372221 2304
179.682103 4.430802 2599.980534 2560
185.583410 5.332109 2400.551129 2304
190.327334 4.743925 2428.369062 2304
195.253938 4.670528 2466.530571 2304
200.382249 4.798840 2400.580295 2304
205.318998 4.735589 2432.643764 2304
210.303005 4.719595 2440.887180 2304
215.237956 4.654546 2474.999731 2304
220.229703 4.646293 2479.395679 2304
225.264569 4.681160 2460.928605 2304
230.315658 4.732248 2434.360928 2304
235.327314 4.743905 2428.379343 2304
240.364282 4.780872 2409.602273 2304
245.368473 4.785064 2407.491548 2304
250.391449 4.808039 2395.987103 2304
255.412476 4.829066 2385.554493 2304
260.479709 4.896299 2352.797292 2304
265.565142 4.981732 2312.448650 2304
270.635773 5.052363 2280.121238 2304
275.605222 4.969450 2318.164068 2304
280.629649 4.993876 2306.825328 2304
285.670769 5.034997 2287.985646 2304
290.690350 5.019580 2295.012541 2304
295.740781 5.050432 2280.993196 2304
300.757886 5.017105 2296.145026 2304
305.795952 5.038066 2286.591886 2304
310.817217 5.021265 2294.242584 2304
315.879989 5.062772 2275.433126 2304
320.967026 5.087037 2264.579717 2304
326.035973 5.068947 2272.661188 2304
331.102476 5.066503 2273.757859 2304
336.169602 5.067127 2273.477835 2304
341.280733 5.111131 2253.904227 2304
346.453934 5.173200 2226.861304 2304
351.332941 4.879007 2361.136250 2304
356.281366 4.827432 2386.361757 2304
361.201016 4.747082 2426.754060 2304
366.066439 4.612506 2497.557976 2304
370.913951 4.460018 2582.949344 2304
376.002907 4.548973 2532.439754 2304
381.145608 4.691674 2455.413671 2304
385.940914 4.486980 2567.428378 2304
390.994972 4.541038 2536.864783 2304
396.193275 4.739341 2430.717495 2304
400.949898 4.495964 2562.298206 2304
406.113445 4.659511 2472.362476 2304
411.194826 4.740893 2429.922139 2304
416.166126 4.712192 2444.722099 2304
421.418991 4.965057 2320.215014 2304
426.312620 4.858686 2371.011511 2304
431.098785 4.644851 2480.165700 2304
436.261023 4.807090 2396.460372 2304
441.116850 4.662916 2470.557149 2304
446.009590 4.555656 2528.724617 2304
451.281426 4.827492 2386.332324 2304
456.458619 5.004686 2301.842930 2304
461.292409 4.833790 2383.223293 2304
466.166661 4.708042 2446.877266 2304
470.963375 4.504756 2557.297140 2304
476.038374 4.579755 2515.418427 2304
481.266702 4.808082 2395.965581 2304
486.359264 4.900645 2350.710946 2304
491.241189 4.782570 2408.746753 2304
496.104177 4.645558 2479.788399 2304
500.916792 4.458173 2584.018418 2304
506.265684 4.807064 2396.473011 2304
511.187538 4.728919 2436.074708 2304
516.120041 4.661422 2471.349068 2304
520.950063 4.491444 2564.876790 2304
525.777655 4.319036 2667.262127 2304
530.609194 4.150574 2775.519442 2304
535.548158 4.089539 2816.943666 2304
540.509342 4.050723 2843.936806 2304
545.400459 3.941839 2922.493548 2304
550.450313 3.991693 2885.993296 2304
555.519926 4.061307 2836.525246 2304
560.690891 4.232271 2721.942592 2304
566.009416 4.550797 2531.424920 2304
571.253110 4.794491 2402.757885 2304
576.433904 4.975284 2315.445483 2304
581.697701 5.239082 2198.858455 2304
586.924703 5.227001 2203.940474 2304
592.323452 5.398749 2133.827482 2304
597.223472 4.900020 2351.010900 2304
601.969165 4.645713 2479.705507 2304
606.814752 4.491299 2564.959308 2304
611.586999 4.263546 2701.975926 2304
616.549702 4.226250 2725.821006 2304
621.373833 4.050380 2844.177269 2304
626.279728 3.956276 2911.829284 2304
631.064241 3.740789 3079.564591 2304
636.015815 3.692363 3119.953209 2304
641.159335 3.835883 3003.219851 2304
646.238195 3.914743 2942.722032 2304
651.083598 3.760145 3063.711428 2304
656.227380 3.903928 2950.874164 2304
661.256368 3.932916 2929.124527 2304
666.368197 4.044744 2848.140358 2304
671.459137 4.135685 2785.512233 2304
676.536087 4.212635 2734.630716 2304
681.845858 4.522406 2547.316855 2304
686.741915 4.418463 2607.241749 2304
691.674041 4.350589 2647.917236 2304
696.398954 4.075501 2826.646092 2304
701.583613 4.260160 2704.123519 2304
706.391158 4.067706 2832.063137 2304
711.235213 3.911760 2944.965702 2304
716.111635 3.788183 3041.035850 2304
721.003491 3.680039 3130.402009 2304
725.862869 3.539417 3254.773166 2304
730.856236 3.532784 3260.884202 2304
736.100487 3.777034 3050.011931 2304
741.399661 4.076209 2826.155293 2304
746.457206 4.133753 2786.813487 2304
752.003721 4.680268 2461.397325 2304
757.365938 5.042486 2284.587422 2304
762.135608 4.769670 2415.261545 2304
766.740543 4.374605 2633.380732 2304
771.967399 4.601460 2503.552997 2304
777.102039 4.736101 2432.380567 2304
782.059947 4.694009 2454.192018 2304
787.220735 4.854797 2372.910954 2304
792.348939 4.983001 2311.859851 2304
797.484353 5.118415 2250.696923 2304
802.537044 5.052691 2279.973209 2304
807.526668 4.989624 2308.791267 2304
812.684352 5.147308 2238.063039 2304
817.811796 5.127444 2246.733595 2304
822.902779 5.090983 2262.824195 2304
827.962781 5.060003 2276.678648 2304
833.073041 5.110260 2254.288633 2304
838.195862 5.122821 2248.761122 2304
843.264775 5.068913 2272.676645 2304
848.390985 5.126211 2247.274061 2304
853.539899 5.148914 2237.365000 2304
858.281436 4.741537 2429.592163 2304
863.120634 4.580735 2514.880431 2304
867.976010 4.436111 2596.869100 2304
872.935528 4.395629 2620.785206 2304
877.790608 4.250709 2710.136173 2304
882.730227 4.190328 2749.187916 2304
887.536479 3.996580 2882.464257 2304
892.233465 3.693566 3118.937477 2304
896.848614 3.308714 3481.714794 2304
900.185224 1.645325 7001.654806 2304
905.183750 1.643850 7007.936830 2304
910.171215 1.631315 7061.786041 2304
915.175194 1.635294 7044.603128 2304
