# AndroidClient mimuroto
1.404433 0.344585 1857.307624 1280
3.612740 2.208307 2898.147269 2048
9.815226 3.410793 3002.234577 2304
15.311301 3.906868 2948.653432 2304
20.399951 3.995518 2883.230637 2304
25.459175 4.054742 2841.117595 2304
31.540206 5.135773 2243.089921 2048
39.374605 7.834400 1307.056108 1792
50.975597 11.600992 772.347747 1536
59.599615 8.624017 890.536241 1280
64.970751 5.371136 1191.554159 1280
73.299736 8.328985 768.400994 1024
80.887364 7.587628 674.782642 1024
85.865919 4.978555 1028.410877 1024
90.529010 4.641646 1103.057090 1024
96.707782 5.820418 879.661940 1024
104.586933 7.879151 649.816207 1024
112.384283 7.797350 656.633353 1024
119.823738 7.439456 688.222390 896
126.800929 6.977191 642.092244 896
132.996390 6.195461 723.110030 896
139.426661 6.430271 696.704659 896
146.248894 6.822232 656.676556 896
152.695958 6.447065 694.889889 896
158.371141 5.675183 789.401831 768
164.340640 5.969499 643.270078 768
170.297258 5.956618 644.661123 768
175.756329 5.459071 703.416415 768
181.755192 5.998863 640.121325 768
187.124069 5.368877 715.233341 768
192.408387 5.284318 726.678470 768
198.423226 6.014839 638.421025 768
204.442063 6.018837 637.997060 768
210.368871 5.926808 647.903505 768
215.836787 5.467915 702.278594 768
221.339604 5.502817 697.824440 768
226.872231 5.532627 694.064486 768
232.844454 5.972223 642.976634 768
238.980764 6.136310 625.783237 640
242.979927 3.999163 800.167407 640
248.729919 4.749154 673.804152 640
253.902202 4.921438 650.216455 640
258.487113 4.506349 710.109267 640
264.480436 5.499672 581.852927 640
270.313101 5.832665 548.634290 640
275.130543 4.817442 664.252914 640
279.880179 4.567078 700.666759 640
284.725252 4.412151 725.269755 640
290.253792 4.940691 647.682669 640
294.964060 4.650960 688.030069 640
300.175819 4.862719 658.068108 640
305.374364 5.061263 632.253262 640
309.908483 4.534119 705.759990 640
314.900649 4.526286 706.981469 640
320.423020 5.048656 633.832042 640
324.788277 4.365257 733.061071 640
329.668731 4.245711 753.701719 640
334.997125 4.574105 699.590372 640
338.959910 3.536890 904.749632 640
344.907525 4.484506 713.568050 640
349.956828 4.533808 705.808384 640
354.588386 4.165366 768.239818 640
360.145994 4.722974 677.539133 640
364.604529 4.181510 765.273875 640
369.868140 4.445120 719.890549 640
374.570562 4.147543 771.541174 640
379.885745 4.462726 717.050590 640
385.606946 5.183926 617.292761 640
389.937840 4.330895 738.877364 640
395.689055 5.082110 629.659754 640
400.863184 5.174129 618.461587 640
405.701887 4.838702 661.334345 640
411.091837 5.228652 612.012387 640
415.883862 4.792025 667.776116 640
421.091643 4.999806 640.024857 640
425.629089 4.537252 705.272708 640
430.799862 4.708026 679.690429 640
436.582725 5.490888 582.783703 640
441.030993 4.448268 719.381126 640
446.375497 4.792772 667.672024 640
450.881868 4.299144 744.334259 640
456.541697 4.958972 645.295043 640
461.480750 4.898025 653.324574 640
467.166109 5.583385 573.129058 640
471.850536 4.684427 683.114517 640
477.331183 5.165073 619.545899 640
481.732528 4.401346 727.050372 640
486.939216 4.608033 694.439402 640
492.224248 4.893065 653.986791 640
497.619527 5.288344 605.104332 640
502.759492 5.139966 622.572270 640
506.262927 3.503435 913.389353 640
511.491715 3.732223 857.397968 640
515.971480 3.211987 996.267978 640
521.745444 3.985952 802.819551 640
526.931004 4.171512 767.108009 640
531.481299 3.721807 859.797494 640
536.366591 3.607098 887.139637 640
540.914299 3.154807 1014.325273 640
547.588109 4.828616 662.715726 640
554.143440 6.383948 501.257225 512
558.861506 4.718065 542.595292 512
561.886269 2.742829 933.343077 512
566.223430 2.079990 1230.775170 512
570.615896 1.472456 1738.592293 512
575.272855 1.129415 2266.661047 512
579.940077 0.796637 3213.509873 512
584.930174 0.786734 3253.959738 512
589.939783 0.796343 3214.696396 512
594.934483 0.791042 3236.236789 512
599.942418 0.798977 3204.096397 512
604.942142 0.798701 3205.203625 512
609.934528 0.791088 3236.050911 512
614.926615 0.783175 3268.746587 512
619.934430 0.790989 3236.453437 512
624.942909 0.799468 3202.128314 512
629.943126 0.799686 3201.255870 512
634.947007 0.803567 3185.794825 512
639.948356 0.804915 3180.459101 512
644.963595 0.820154 3121.363608 512
649.963553 0.820113 3121.521095 512
654.951960 0.808520 3166.281043 512
659.956737 0.813297 3147.682152 512
664.963162 0.819722 3123.011566 512
669.958742 0.815302 3139.941590 512
674.933659 0.790219 3239.609528 640
680.145527 1.002087 3193.335181 640
685.133293 0.989852 3232.805337 640
690.151398 1.007958 3174.735625 640
695.115159 0.971719 3293.133765 640
700.137183 0.993743 3220.147828 640
705.161321 1.017881 3143.787093 640
710.134032 0.990592 3230.392354 640
715.134312 0.990872 3229.478409 640
720.173858 1.030418 3105.536583 640
725.181704 1.038263 3082.069785 640
730.181505 1.038065 3082.658006 640
735.196441 1.053001 3038.934692 640
740.173276 1.029835 3107.292900 640
745.199543 1.056103 3030.006936 640
750.189799 1.046359 3058.224869 640
755.303609 1.160169 2758.218447 768
760.614192 1.470752 2610.909354 768
765.738950 1.595509 2406.754897 768
770.854821 1.711381 2243.802462 768
775.914929 1.771488 2167.668945 768
780.929830 1.786389 2149.587212 768
785.904758 1.761318 2180.185331 768
790.908771 1.765331 2175.229965 768
795.924250 1.780810 2156.322297 768
800.916715 1.773274 2165.485556 768
805.933191 1.789751 2145.549839 768
810.913988 1.770548 2168.820051 768
815.909116 1.765676 2174.804898 896
821.217101 2.073660 2160.431064 896
826.216460 2.073020 2161.098313 896
831.203470 2.060030 2174.725860 896
836.218968 2.075527 2158.487485 896
841.218543 2.075103 2158.928784 896
846.214551 2.071110 2163.090768 896
851.221854 2.078413 2155.490247 896
856.237769 2.094329 2139.110306 896
861.222670 2.079230 2154.643837 896
866.227359 2.083919 2149.795490 896
871.237937 2.094497 2138.938811 1024
876.496038 2.352597 2176.317902 1024
881.504801 2.361361 2168.241555 1024
886.501538 2.358098 2171.241218 1024
891.530856 2.387415 2144.578670 1024
896.515421 2.371980 2158.533953 1024
900.229668 1.086228 4713.559690 1024
905.006075 0.862635 5935.303368 1024
909.995903 0.852463 6006.129183 1024
914.982205 0.838764 6104.217219 1024
920.008653 0.865213 5917.619578 1024
924.997053 0.853613 5998.034230 1280
929.634204 0.490764 13040.886915 1280
934.654209 0.510769 12530.134319 1280
939.648107 0.504667 12681.638044 1280
944.637662 0.494222 12949.659210 1280
