# AndroidClient mimuroto
1.566099 0.346839 1845.234723 1280
3.692699 2.126600 3009.498319 2048
9.969729 3.403630 3008.552516 2304
15.463193 3.897094 2956.048907 2304
20.553026 3.986927 2889.443493 2304
25.619200 4.053101 2842.268381 2304
31.296721 4.730622 2435.197817 2048
36.558253 4.992154 2051.218931 2048
41.571963 5.005864 2045.600893 2048
45.812911 4.240948 2414.554343 1792
50.673828 4.101865 2184.372322 1792
55.627968 4.056005 2209.070285 1792
60.134606 3.562643 2514.987096 1792
67.121206 5.549243 1614.634730 1792
71.717423 4.596217 1949.429401 1792
75.858345 3.737139 2397.555983 1792
80.988104 3.866898 2317.102626 1792
85.880259 3.759053 2383.578833 1792
92.372780 5.251574 1706.154983 1792
97.780118 5.407338 1657.007708 1792
102.287082 4.506964 1988.034549 1792
106.735885 3.955767 2265.047397 1792
111.469444 3.689326 2428.627637 1792
116.730882 3.950764 2267.915703 1792
121.454739 3.674621 2438.346399 1792
126.699757 3.919639 2285.924668 1792
132.005700 4.225582 2120.417909 1792
137.171353 4.391235 2040.428052 1792
141.445277 3.665159 2444.641620 1792
146.542567 3.762449 2381.427770 1792
151.834951 4.054833 2209.708842 1792
157.146135 4.366017 2052.213499 1792
161.607430 3.827312 2341.068487 1792
166.844529 4.064411 2204.501359 1792
171.631022 3.850904 2326.726325 1792
176.942107 4.161989 2152.816801 1792
181.542656 3.762538 2381.371094 1792
186.667168 3.887050 2305.089770 1792
191.845047 4.064929 2204.220728 1792
196.849356 4.069238 2201.886649 1792
201.513439 3.733321 2400.007920 1792
206.403592 3.623475 2472.764743 1792
211.765220 3.985102 2248.373918 1792
216.504292 3.724174 2405.902414 1792
221.910724 4.130606 2169.173175 1792
227.196550 4.416432 2028.787145 1792
231.662527 3.882409 2307.845236 1792
236.498773 3.718655 2409.473026 1792
241.816518 4.036400 2219.800044 1792
245.504121 2.724003 3289.276641 1792
250.434051 2.653933 3376.121169 1792
256.120292 3.340174 2682.494637 1792
260.905040 3.124922 2867.271879 1792
265.719021 2.938903 3048.756342 1792
270.284115 2.503997 3578.279450 1792
275.385384 2.605266 3439.187769 1792
280.521941 2.741823 3267.898934 1792
285.175807 2.395689 3740.050646 1792
290.475723 2.695605 3323.929020 1792
295.197857 2.417739 3705.942346 1792
299.954706 2.174588 4120.321523 1792
305.340425 2.560307 3499.580075 1792
310.438279 2.658161 3370.751875 1792
315.285348 2.505230 3576.517792 1792
320.425024 2.644906 3387.643705 1792
325.258778 2.478660 3614.855747 1792
330.113085 2.332967 3840.603518 1792
335.197279 2.417161 3706.828703 1792
340.076262 2.296144 3902.194129 1792
345.383436 2.603318 3441.761291 1792
350.250128 2.470010 3627.515026 1792
355.216267 2.436149 3677.935421 1792
360.112297 2.332179 3841.900375 1792
365.174525 2.394407 3742.054261 2048
371.000092 3.219974 3180.150327 2048
375.318151 2.538033 4034.620820 2048
380.772840 2.992722 3421.634046 2048
385.661499 2.881381 3553.851397 2048
391.499795 3.719677 2752.927383 2048
396.721396 3.941278 2598.141797 2048
402.076598 4.296480 2383.346373 2048
407.248359 4.468241 2291.729345 2048
412.237666 4.457548 2297.226989 2048
417.445293 4.665175 2194.987343 2048
422.431592 4.651474 2201.452465 2048
427.873377 5.093259 2010.500554 2048
432.240577 4.367200 2344.751859 2048
437.363618 4.490241 2280.501125 2048
442.394684 4.521307 2264.832063 2048
447.461871 4.588494 2231.669201 1792
451.726173 3.852796 2325.583819 1792
456.996112 4.122735 2173.314484 1792
461.771448 3.898071 2298.572808 1792
466.389829 3.516452 2548.023114 1792
471.684107 3.810730 2351.255555 1792
476.417419 3.544042 2528.186438 1792
481.459256 3.585879 2498.690287 1792
486.507948 3.634571 2465.215550 1792
491.919492 4.046115 2214.469871 1792
496.920106 4.046729 2214.134130 1792
502.025018 4.151641 2158.182547 1792
507.624806 4.751429 1885.748343 1792
512.046256 4.172880 2147.198342 1792
516.363494 3.490117 2567.249024 1792
519.969037 2.095660 4275.502282 1792
524.163412 1.290035 6945.548911 1792
529.856778 1.983401 4517.493081 1792
536.860555 3.987178 2247.203531 1792
542.169753 4.296376 2085.478493 1792
547.406766 4.533389 1976.446115 1792
552.145297 4.271920 2097.417685 1792
557.390329 4.516952 1983.638661 1792
562.513527 4.640150 1930.971869 1792
566.902914 4.029537 2223.580548 1792
571.441279 3.567902 2511.279401 1792
575.865605 2.992228 2994.423793 1792
580.338169 2.464792 3635.195557 2048
585.314952 2.441575 4194.013974 2048
590.372043 2.498666 4098.186641 2048
595.305180 2.431803 4210.867171 2048
600.287081 2.413704 4242.442994 2048
605.350886 2.477509 4133.183952 2048
610.344214 2.470837 4144.344555 2048
615.333948 2.460571 4161.635229 2048
620.352645 2.479268 4130.251802 2048
625.453310 2.579933 3969.095501 2048
630.628688 2.755311 3716.458312 2048
635.635868 2.762491 3706.799132 2048
640.621052 2.747675 3726.786863 2048
645.650055 2.776678 3687.860469 2048
650.652055 2.778678 3685.205961 2048
655.637016 2.763639 3705.260105 2048
660.665350 2.791973 3667.657772 2048
665.659091 2.785714 3675.897479 2048
670.645463 2.772086 3693.968784 2048
675.589583 2.716206 3769.963991 2048
680.679883 2.806506 3648.664466 2048
685.674259 2.800882 3655.991733 2304
690.993282 3.119905 3692.420334 2304
695.902121 3.028744 3803.556577 2304
700.986418 3.113041 3700.561615 2304
706.002045 3.128668 3682.078130 2304
710.912959 3.039582 3789.994426 2304
715.955302 3.081925 3737.923145 2304
721.096733 3.223356 3573.914996 2304
726.106805 3.233428 3562.782624 2304
731.099128 3.225751 3571.261724 2304
736.163645 3.290269 3501.234006 2304
741.151910 3.278533 3513.766915 2304
746.163072 3.289695 3501.844262 2304
751.169262 3.295886 3495.267049 2304
756.314767 3.441390 3347.484323 2304
761.479616 3.606239 3194.463692 2304
766.644879 3.771502 3054.486218 2304
771.834129 3.960752 2908.538307 2304
777.064249 4.190872 2748.831451 2304
782.252287 4.378910 2630.791429 2304
787.315207 4.441830 2593.525355 2304
792.324432 4.451055 2588.150230 2304
797.377764 4.504387 2557.506752 2304
802.363103 4.489726 2565.858259 2304
807.404359 4.530982 2542.495272 2304
812.355320 4.481943 2570.313552 2304
817.327934 4.454557 2586.115830 2304
822.403094 4.529717 2543.205121 2304
827.463149 4.589772 2509.928665 2304
832.453109 4.579732 2515.431050 2304
837.483252 4.609875 2498.983405 2304
842.469578 4.596201 2506.417775 2304
847.471871 4.598494 2505.167800 2304
852.477849 4.604472 2501.915543 2304
857.488968 4.615591 2495.888371 2048
861.997417 4.124040 2483.001953 2048
866.920787 4.047410 2530.012850 2048
871.897012 4.023635 2544.962641 2048
876.937257 4.063880 2519.759499 2048
881.913480 4.040103 2534.589038 2048
886.942328 4.068951 2516.619348 2048
891.950653 4.077276 2511.480460 2048
896.955838 4.082461 2508.291048 2048
