# AIMDClient mimuroto
1.502668 0.354689 1804.398890 256
2.095420 0.592753 2159.416208 384
7.364656 0.861988 2227.408683 512
12.656836 1.154169 2218.046913 640
17.947388 1.444721 2214.961261 768
23.243298 1.740630 2206.097406 896
28.561013 2.058345 2176.505501 1024
34.541392 3.038724 1684.917789 1024
39.714552 3.211884 1594.079876 1024
44.175597 2.672930 1915.501325 1024
49.403909 2.901241 1764.761901 1024
54.239898 2.737231 1870.503657 1024
58.931532 2.428864 2107.981055 1280
65.462695 3.960027 1616.150421 1280
70.492226 3.989558 1604.187747 1280
74.638233 3.135566 2041.098906 1280
79.872456 3.369788 1899.229278 1280
84.447591 2.944923 2173.231704 1280
90.661027 4.158360 1539.068463 1280
95.646518 4.143851 1544.457186 1280
100.274232 3.771564 1696.908709 1280
104.828148 3.325481 1924.533786 1280
109.625457 3.122789 2049.449734 1280
114.695982 3.193314 2004.187238 1280
119.735026 3.232359 1979.978180 1280
124.671539 3.168872 2019.646296 1280
129.876825 3.374157 1896.769983 1280
134.960028 3.457360 1851.123207 1280
139.793064 3.290397 1945.054141 1280
144.872066 3.369398 1899.449145 1280
149.803913 3.301245 1938.662563 1280
154.965771 3.463103 1848.053580 1280
159.794660 3.291992 1944.111543 1280
164.760706 3.258038 1964.372195 1280
169.766401 3.263733 1960.944752 1280
174.524839 3.022171 2117.682871 1280
179.892291 3.389623 1888.115482 1280
184.691025 3.188358 2007.303083 1280
189.775829 3.273161 1955.296138 1280
194.831064 3.328396 1922.848009 1280
199.821174 3.318506 1928.578479 1280
204.207423 2.704756 2366.202658 1280
209.413977 2.911310 2198.323339 1280
214.901250 3.398583 1883.137951 1280
220.015807 3.513140 1821.732323 1280
225.127275 3.624608 1765.708291 1280
229.834329 3.331661 1920.963468 1280
234.765602 3.262934 1961.424720 1280
239.903740 3.401072 1881.759423 1280
244.419659 2.916991 2194.041564 1280
249.433816 2.931149 2183.444395 1280
254.618167 3.115499 2054.245401 1280
259.653402 3.150734 2031.272682 1280
264.728916 3.226248 1983.728229 1280
269.713282 3.210614 1993.387888 1280
274.597502 3.094835 2067.961838 1280
279.868640 3.365972 1901.382465 1280
284.722963 3.220296 1987.395248 1280
289.734659 3.231992 1980.203177 1280
294.559145 3.056478 2093.913470 1280
299.245192 2.742524 2333.616600 1280
304.583785 3.081118 2077.168162 1280
309.723446 3.220779 1987.097093 1280
314.819332 3.316664 1929.649665 1280
319.515921 3.013254 2123.950058 1280
324.819045 3.316377 1929.816682 1280
329.723911 3.221243 1986.810740 1280
334.725562 3.222895 1985.792485 1280
339.647303 3.144635 2035.212072 1280
344.820176 3.317509 1929.158419 1280
349.661574 3.158906 2026.017694 1280
354.789828 3.287161 1946.968988 1280
359.375062 2.872395 2228.106200 1280
364.726304 3.223637 1985.335383 1280
369.877290 3.374623 1896.508311 1280
374.546077 3.043409 2102.904780 1280
379.832973 3.330306 1921.745431 1280
384.606407 3.103740 2062.028631 1280
389.920325 3.417658 1872.627615 1280
394.816299 3.313632 1931.415653 1280
399.702858 3.200190 1999.881091 1280
405.111996 3.609328 1773.183169 1280
409.769879 3.267212 1958.856926 1280
415.144017 3.641350 1757.589963 1280
420.145213 3.642545 1757.013078 1280
425.156421 3.653753 1751.623375 1280
430.189170 3.686502 1736.063081 1280
434.802986 3.300319 1939.206768 1280
440.046045 3.543377 1806.186519 1280
444.967278 3.464611 1847.249495 1280
450.149169 3.646501 1755.107202 1280
454.707722 3.205054 1996.846077 1280
459.889341 3.386673 1889.760276 1280
464.622839 3.120171 2051.169676 1280
469.356656 2.853988 2242.475980 1280
474.210210 2.707543 2363.766985 1280
478.976790 2.474123 2586.775327 1536
484.107824 2.605156 2948.000066 1536
489.932935 3.430267 2238.892813 1536
495.233002 3.730335 2058.796545 1536
500.319774 3.817106 2011.995428 1536
506.252712 4.750045 1616.826871 1536
510.351813 3.849145 1995.248188 1536
514.851807 3.349139 2293.126376 1536
518.854823 2.352155 3265.090262 1792
523.437424 1.934757 4631.073388 2048
528.694382 2.191715 4672.141025 2304
535.738187 4.235519 2719.855328 2304
541.569809 5.067141 2273.471235 2304
546.768823 5.199014 2215.804649 2304
552.159225 5.390402 2137.132004 2304
557.717185 5.557960 2072.703035 2304
563.281757 5.564573 2070.239895 2304
568.063773 4.782016 2409.025796 2304
572.585803 4.304046 2676.551597 2304
576.602170 3.320413 3469.447874 2304
580.992583 2.710826 4249.627362 2304
585.932736 2.650979 4345.564720 2304
590.967868 2.686111 4288.728253 2304
595.945084 2.663327 4325.417722 2304
600.901428 2.619671 4397.498425 2304
605.941182 2.659425 4331.763469 2304
610.929906 2.648149 4350.208553 2304
615.901212 2.619455 4397.861808 2304
620.931726 2.649969 4347.221115 2304
626.055772 2.774015 4152.825401 2304
631.135221 2.853464 4037.198983 2304
636.124893 2.843136 4051.863455 2304
641.130776 2.849019 4043.497102 2304
646.121841 2.840084 4056.218252 2304
651.126181 2.844424 4050.028999 2304
656.127655 2.845898 4047.931950 2304
661.155301 2.873544 4008.987409 2304
666.139731 2.857974 4030.828034 2304
671.143984 2.862226 4024.838847 2304
676.100776 2.819019 4086.527443 2304
681.188229 2.906472 3963.567731 2304
686.151688 2.869931 4014.033945 2304
691.283965 3.002208 3837.176210 2304
696.203346 2.921588 3943.060586 2304
701.284368 3.002611 3836.660555 2304
706.281391 2.999634 3840.468074 2304
711.215075 2.933317 3927.294024 2304
716.261130 2.979373 3866.585683 2304
721.368454 3.086697 3732.144813 2304
726.389799 3.108042 3706.513425 2304
731.389831 3.108074 3706.475903 2304
736.464837 3.183080 3619.136523 2304
741.446295 3.164538 3640.341699 2304
746.467020 3.185263 3616.655828 2304
751.473568 3.191811 3609.236620 2304
756.712820 3.431063 3357.559980 2304
761.962793 3.681036 3129.553492 2304
767.192065 3.910308 2946.059642 2304
772.387866 4.106109 2805.575860 2304
777.620510 4.338753 2655.141031 2304
782.804103 4.522346 2547.350558 2304
787.848314 4.566556 2522.688625 2304
792.883073 4.601316 2503.631823 2304
797.869559 4.587802 2511.006190 2304
802.895968 4.614211 2496.634866 2304
807.922863 4.641106 2482.166836 2304
812.870785 4.589028 2510.335388 2304
817.858828 4.577071 2516.893320 2304
822.969598 4.687841 2457.421356 2304
827.953168 4.671411 2466.064336 2304
832.954373 4.672616 2465.428573 2304
837.955277 4.673520 2464.951422 2304
842.962033 4.680276 2461.393318 2304
847.967649 4.685892 2458.443154 2304
852.982332 4.700575 2450.764248 2304
857.999306 4.717549 2441.945925 2304
862.828649 4.546891 2533.599099 2304
867.792302 4.510544 2554.015434 2304
872.785464 4.503707 2557.892999 2304
877.778628 4.496871 2561.781246 2304
882.759121 4.477364 2572.942374 2304
887.812633 4.530875 2542.554977 2304
892.805807 4.524050 2546.391007 2304
897.836224 4.554467 2529.385152 2304
