# VLDDashClient mimuroto
1.271724 0.250534 2554.548223 2304
4.220270 2.948546 3907.010942 3584
10.743936 4.472211 4006.966373 3840
16.234186 4.962462 3869.047295 3840
21.316857 5.045133 3805.648217 3840
26.436577 5.119720 3750.205445 3840
34.802569 8.365993 2295.005525 3328
42.442836 7.640266 2177.934592 3072
48.510162 6.067326 2531.592997 3072
54.663554 6.153393 2496.183967 2816
59.498492 4.834938 2912.136474 2816
66.316794 6.653240 2116.262204 2816
73.629441 7.312647 1925.431385 2560
78.700057 5.070615 2524.348379 2560
83.670978 4.970922 2574.975175 2560
88.902114 5.202057 2460.565056 2560
96.217829 7.315716 1749.657907 2560
102.760797 6.542968 1956.298820 2560
108.512393 5.751596 2225.469259 2560
113.853188 5.340795 2396.646956 2560
119.662972 5.809784 2203.180177 2560
124.969290 5.306318 2412.218717 2560
130.767741 5.798451 2207.485916 2304
136.172022 5.404281 2131.643610 2304
141.120671 4.948649 2327.907886 2304
146.220350 5.048328 2281.943507 2304
151.225392 5.005041 2301.679237 2304
156.674511 5.449119 2114.103172 2304
161.719535 5.045024 2283.438169 2304
166.999868 5.280333 2181.680588 2304
171.862961 4.863094 2368.862389 2304
177.494458 5.494590 2096.607600 2304
182.396227 4.901769 2350.172167 2304
187.578214 5.083757 2266.040853 2304
192.874512 5.296297 2175.104581 2304
198.260763 5.386252 2138.778643 2304
202.859057 4.598294 2505.277114 2304
207.786859 4.526096 2545.239710 2304
213.734277 5.473514 2104.680856 2304
218.717730 4.983453 2311.650100 2304
224.353432 5.619155 2050.130230 2304
229.883743 5.530310 2083.065709 2304
235.199297 5.315555 2167.224442 2304
240.166800 4.967503 2319.072728 2304
244.921007 4.721710 2439.794089 2304
249.687570 4.488273 2566.688788 2304
254.860450 4.661152 2471.491936 2304
259.880871 4.681574 2460.710952 2304
264.920090 4.720793 2440.268231 2304
269.780286 4.580988 2514.741214 2304
274.285250 4.085952 2819.416216 2304
279.530985 4.331687 2659.471902 2304
284.592046 4.392748 2622.503909 2304
289.399977 4.200679 2742.413479 2304
294.517075 4.317778 2668.039237 2304
298.815296 3.615998 3185.842035 2304
304.400583 4.201286 2742.017713 2304
309.867915 4.668617 2467.540130 2304
314.542710 4.343413 2652.292382 2304
319.334948 4.135651 2785.535045 2304
324.779249 4.579952 2515.310476 2304
328.949097 3.749800 3072.164100 2304
334.377804 4.178506 2756.966137 2304
339.586868 4.387570 2625.599045 2304
344.610958 4.411661 2611.261601 2304
349.644788 4.445491 2591.389862 2304
354.788304 4.589006 2510.347357 2304
359.056651 3.857353 2986.503610 2304
364.639773 4.440476 2594.316631 2304
369.656988 4.457690 2584.298089 2304
374.768636 4.569339 2521.152508 2304
379.491256 4.291958 2684.089537 2304
384.564454 4.365156 2639.080722 2304
390.144237 4.944940 2329.654212 2304
394.896178 4.696881 2452.691676 2304
400.121680 4.922383 2340.329863 2304
405.549378 5.350080 2153.238766 2304
410.523941 4.974563 2315.781107 2304
415.845139 5.295762 2175.324435 2304
421.004965 5.159825 2232.633679 2304
426.290932 5.285967 2179.355389 2304
431.595909 5.304978 2171.545383 2304
436.689630 5.093721 2261.607973 2304
441.920584 5.230954 2202.275345 2304
447.053225 5.132641 2244.458354 2304
452.106785 5.053560 2279.581224 2304
457.290421 5.183636 2222.378254 2304
462.349925 5.059504 2276.903127 2304
467.040949 4.691024 2455.753995 2304
472.100250 4.750325 2425.097185 2304
476.980756 4.630831 2487.674447 2304
481.864578 4.514653 2551.691164 2304
486.997703 4.647778 2478.603518 2304
492.589511 5.239586 2198.647122 2304
497.801345 5.211834 2210.354253 2304
503.209486 5.408141 2130.121938 2304
509.396981 6.187495 1861.819591 2304
514.159797 4.762815 2418.737408 2304
517.963092 3.566111 3230.409773 2304
522.022558 2.625577 4387.606874 2304
526.870989 2.474008 4656.411980 2304
532.521322 3.124341 3687.178133 2304
539.576779 5.179798 2224.024943 2304
544.609776 5.032997 2288.894671 2304
550.066226 5.456450 2111.262869 2304
555.618662 5.552436 2074.764949 2304
561.618749 6.000087 1919.972270 2304
566.637211 5.018462 2295.523915 2304
571.137438 4.500227 2559.870708 2304
575.358138 3.720927 3096.002680 2304
578.880650 2.243439 5134.973513 2304
583.577134 1.939923 5938.380632 2304
588.607581 1.970370 5846.617702 2304
593.552416 1.915205 6015.021768 2304
598.537271 1.900059 6062.968481 2304
603.603497 1.966285 5858.763029 2304
608.608729 1.971517 5843.214736 2304
613.605438 1.968227 5852.984868 2304
618.621717 1.984506 5804.971756 2560
623.989659 2.352448 5441.140268 2560
629.173271 2.536060 5047.198898 2560
634.183817 2.546606 5026.297463 2560
639.158688 2.521477 5076.389432 2560
644.196270 2.559058 5001.839626 2560
649.227120 2.589909 4942.258859 2560
654.184588 2.547377 5024.776143 2560
659.213271 2.576060 4968.828842 2560
664.250846 2.613634 4897.394884 2560
669.252035 2.614824 4895.166731 2560
674.117130 2.479919 5161.458365 2560
679.166769 2.529558 5060.173504 2560
684.230467 2.593256 4935.879732 2560
689.177620 2.540409 5038.559222 2560
694.088053 2.450842 5222.694313 2560
699.180581 2.543370 5032.692854 2560
704.237780 2.600568 4922.000967 2560
709.108580 2.471369 5179.315803 2560
714.132887 2.495676 5128.871726 2560
719.365076 2.727865 4692.314495 2560
724.336404 2.699193 4742.158510 2560
729.353420 2.716208 4712.451286 2560
734.426106 2.788895 4589.631509 2560
739.433368 2.796157 4577.712202 2560
744.406331 2.769120 4622.407888 2560
749.430401 2.793189 4582.575114 2816
754.962777 3.325566 4233.866377 2816
760.173517 3.536306 3981.556239 2816
765.539282 3.902071 3608.340060 2816
770.859394 4.222183 3334.767914 2816
776.188063 4.550852 3093.926304 2816
781.566664 4.929453 2856.300892 2816
786.866762 5.229551 2692.391887 2816
792.127864 5.261102 2676.245179 2816
797.466142 5.338277 2637.555066 2816
802.730505 5.264363 2674.587449 2816
808.042289 5.311784 2650.710176 2816
813.227333 5.185044 2715.502577 2816
818.449260 5.221927 2696.322706 2816
823.931253 5.481993 2568.408970 2816
829.443057 5.511805 2554.517147 2816
835.016547 5.573489 2526.245086 2816
840.581331 5.564785 2530.196762 2816
846.164395 5.583063 2521.913040 2816
851.674891 5.510496 2555.123754 2816
857.184179 5.509288 2555.684074 2816
862.562508 5.378329 2617.913398 2560
867.386260 4.823751 2653.536372 2560
872.339345 4.776837 2679.597556 2560
877.351363 4.788855 2672.872855 2560
882.309237 4.746729 2696.594034 2560
887.337857 4.775349 2680.432434 2560
892.382849 4.820341 2655.413772 2560
897.406806 4.844297 2642.282027 2560
899.988883 2.426375 5275.360034 2816
904.311078 1.748570 8052.294709 2816
909.342567 1.780058 7909.853133 2816
914.309069 1.746560 8061.558783 2816
919.326182 1.763673 7983.337257 2816
924.336006 1.773498 7939.113317 2816
928.663604 1.101096 12787.263110 2816
