11.140721 9993.387187
21.140721 5531.129600
31.140721 5531.129600
41.140721 16663.256000
51.140721 11062.259200
61.140721 11062.259200
71.141085 19059.027738
81.141372 19116.294516
91.142069 16726.318837
101.142335 19128.480164
111.142386 19108.698462
121.142695 19197.245668
131.142725 19147.686501
141.143280 19209.108236
151.143291 19143.884905
161.143297 19183.977066
171.143456 19209.816297
181.143765 19215.205188
191.143916 19190.180903
201.144409 19173.587517
211.144580 19139.437953
221.144645 19186.551608
231.145221 19210.542412
241.146181 19206.174886
251.146318 19148.670887
261.146498 19166.140492
271.146896 19181.700208
281.147340 19157.983409
291.147583 19159.597865
301.148114 19209.773062
311.148635 19170.780794
321.149056 19195.190739
331.149406 19189.082155
341.149937 19136.989741
351.150245 19189.644372
361.150251 19222.573985
371.150865 19109.480905
381.151620 19170.337357
391.152068 19224.606427
401.152533 19197.133424
411.152915 19083.060001
421.152932 19128.395048
431.153287 19073.293503
441.153581 19238.309602
451.154395 19230.714193
461.154851 19193.917802
471.155382 19147.589368
481.155702 19178.181767
491.155871 19189.616381
501.155993 19261.861016
511.156351 19190.483042
521.156815 19171.254090
531.157055 19118.054728
541.157085 19145.704404
551.157194 19174.137871
561.157282 19161.548099
571.157432 19198.040555
581.157528 19135.111247
591.158445 19218.828566
601.158594 19155.012217
611.159025 19141.830988
621.159446 19161.999107
631.159785 19154.408090
641.160196 19169.732099
651.161024 19179.598307
661.161579 19185.407903
671.162165 19234.434882
681.163101 19160.136397
691.163121 19167.855973
701.163768 19206.520955
711.163904 19182.958255
721.164118 19128.813030
731.164668 19146.267138
741.164878 19211.742037
751.164933 19157.621101
761.165524 19166.559804
771.165571 19215.431460
781.166172 19187.369581
791.166246 19114.258979
801.166688 19157.731604
811.167272 19188.726850
821.167718 19190.857092
831.169636 19195.394983
841.170231 19185.023941
851.171147 19150.800114
861.172250 19176.098636
871.172420 19188.934546
881.172673 19210.222167
891.173532 19201.108742
901.173656 19131.931405
911.173940 19170.306853
921.173946 19203.973993
931.174286 19145.656337
941.174950 19122.947370
951.175066 19127.676627
961.175151 19109.328536
971.175656 19141.659505
981.176011 19132.129823
991.176473 19171.191152
1001.177374 19199.801959
1011.178069 19137.613616
1021.178489 19179.021166
1031.178946 12414.008272
1041.179940 9681.242807
