# VLDDashClient mimuroto
4.085322 0.128000  4.247313 0.128000 
4.247313 3.840000  8.873893 3.840000 
8.873893 4.096000  12.374986 2.304000 
12.374986 3.584000  15.740874 2.304000 
17.374986 3.584000  20.630132 2.304000 
22.374986 3.584000  25.961912 2.048000 
27.374986 3.328000  31.829335 2.304000 
32.374986 3.072000  37.744964 2.304000 
42.374986 3.072000  45.688341 2.048000 
47.374986 3.072000  51.367278 2.304000 
52.374986 2.816000  56.757773 2.304000 
57.374986 2.816000  61.518920 2.816000 
62.374986 2.816000  69.712733 2.816000 
72.374986 2.816000  75.535244 2.048000 
77.374986 2.816000  82.128408 2.816000 
82.374986 2.816000  87.214062 2.816000 
87.374986 2.816000  93.928855 2.816000 
93.928855 2.816000  96.912254 2.304000 
98.928855 2.816000  102.002220 2.816000 
103.928855 2.816000  108.035051 2.816000 
108.928855 2.816000  111.962820 2.048000 
113.928855 2.816000  116.542851 2.048000 
118.928855 2.816000  122.251284 2.816000 
123.928855 2.816000  126.785114 2.304000 
128.928855 3.072000  131.801164 2.304000 
133.928855 3.072000  137.235570 2.304000 
138.928855 3.072000  142.286161 2.304000 
143.928855 3.072000  147.058396 2.304000 
148.928855 3.072000  152.119805 2.304000 
153.928855 3.072000  156.811788 2.304000 
158.928855 3.072000  161.682899 2.048000 
163.928855 3.072000  167.307623 2.304000 
168.928855 3.072000  171.999189 2.048000 
173.928855 3.072000  176.550548 2.048000 
178.928855 3.072000  181.469508 2.048000 
183.928855 3.072000  186.534947 2.304000 
188.928855 3.072000  192.208644 2.304000 
193.928855 3.072000  197.263315 2.304000 
198.928855 3.072000  202.466819 2.304000 
203.928855 3.072000  206.672987 2.048000 
208.928855 3.072000  211.884888 2.304000 
213.928855 3.072000  216.853465 2.304000 
218.928855 3.072000  221.989543 2.304000 
223.928855 3.072000  226.408772 2.048000 
228.928855 3.328000  232.090618 2.304000 
233.928855 3.328000  237.095057 2.304000 
238.928855 3.328000  241.941880 2.304000 
243.928855 3.328000  247.373354 2.304000 
248.928855 3.328000  251.964375 2.048000 
253.928855 3.328000  257.903806 2.304000 
258.928855 3.328000  262.297831 2.048000 
263.928855 3.328000  267.474039 2.304000 
268.928855 3.328000  272.155700 2.048000 
273.928855 3.328000  277.410851 2.304000 
278.928855 3.328000  282.885462 2.304000 
283.928855 3.072000  288.287603 2.304000 
288.928855 3.072000  293.212795 2.304000 
293.928855 3.072000  298.209588 2.304000 
298.928855 3.072000  303.560831 2.304000 
303.928855 3.072000  309.271409 2.304000 
309.271409 3.072000  313.995688 2.304000 
314.271409 3.072000  318.852229 2.304000 
319.271409 3.072000  323.318354 2.048000 
324.271409 3.072000  328.172218 2.048000 
329.271409 3.072000  332.111931 2.048000 
334.271409 3.072000  337.963314 2.304000 
339.271409 3.072000  341.976695 2.048000 
344.271409 3.072000  347.170668 2.048000 
349.271409 3.072000  353.026814 2.304000 
354.271409 3.072000  357.527610 2.304000 
359.271409 3.072000  361.447643 2.048000 
364.271409 3.072000  366.711304 2.048000 
369.271409 3.072000  371.312857 2.048000 
374.271409 3.072000  375.865993 2.048000 
379.271409 3.072000  382.423579 2.304000 
384.271409 3.072000  387.850299 2.048000 
389.271409 3.072000  392.840283 2.048000 
394.271409 3.072000  399.267993 2.304000 
399.271409 3.072000  404.194294 2.304000 
404.271409 3.072000  409.582425 2.304000 
409.582425 3.072000  414.124173 2.048000 
414.582425 3.072000  419.821612 2.304000 
419.821612 3.072000  424.784859 2.304000 
424.821612 3.072000  429.873345 2.304000 
429.873345 3.072000  434.616579 2.048000 
434.873345 3.072000  439.665865 2.048000 
439.873345 3.072000  444.744391 2.048000 
444.873345 3.072000  449.398343 2.048000 
449.873345 3.072000  455.296940 2.304000 
455.296940 2.816000  461.227980 2.816000 
461.227980 2.816000  466.120065 2.048000 
466.227980 2.816000  470.829374 2.048000 
471.227980 2.816000  476.642416 2.304000 
476.642416 2.816000  483.001081 2.816000 
483.001081 2.816000  489.201528 2.816000 
489.201528 2.816000  494.175029 2.304000 
494.201528 2.816000  498.829855 2.048000 
499.201528 2.816000  504.320101 2.304000 
504.320101 2.816000  510.230737 2.816000 
510.230737 2.816000  514.894109 2.048000 
515.230737 2.816000  519.777663 2.048000 
520.230737 2.816000  524.822242 2.048000 
525.230737 2.816000  530.560082 2.048000 
530.560082 2.816000  537.499567 2.816000 
537.499567 2.816000  543.825534 2.816000 
543.825534 2.816000  550.362216 2.816000 
550.362216 2.816000  555.401913 2.048000 
555.401913 2.816000  559.851810 2.048000 
560.401913 2.816000  566.347269 2.816000 
566.347269 2.816000  572.679590 2.816000 
572.679590 2.816000  578.039486 2.816000 
578.039486 2.816000  581.792185 2.304000 
583.039486 2.816000  587.291752 2.816000 
588.039486 2.816000  591.167759 2.048000 
593.039486 2.816000  596.969697 2.816000 
598.039486 2.816000  601.668176 2.816000 
603.039486 2.816000  606.059826 2.816000 
608.039486 2.816000  609.892485 2.048000 
613.039486 2.816000  614.861669 2.816000 
618.039486 2.816000  619.375025 2.048000 
623.039486 2.816000  625.252819 2.816000 
628.039486 2.816000  630.097627 2.048000 
633.039486 2.816000  634.971710 2.048000 
638.039486 2.816000  639.764928 2.048000 
643.039486 2.816000  645.285826 2.816000 
648.039486 2.816000  649.834375 2.304000 
653.039486 2.816000  654.480633 2.048000 
658.039486 2.816000  659.438906 2.048000 
663.039486 2.816000  664.795301 2.304000 
668.039486 2.816000  669.747278 2.048000 
673.039486 2.816000  674.734513 2.048000 
678.039486 2.816000  679.533828 2.048000 
683.039486 2.816000  684.580689 2.048000 
688.039486 3.072000  689.554655 2.048000 
693.039486 3.072000  694.777216 2.304000 
698.039486 3.072000  700.089757 2.304000 
703.039486 3.072000  705.079270 2.048000 
708.039486 3.072000  710.322947 2.304000 
713.039486 3.072000  715.313470 2.048000 
718.039486 3.072000  720.675215 2.304000 
723.039486 3.072000  725.744850 2.048000 
728.039486 3.072000  730.996569 2.048000 
733.039486 3.072000  736.639816 2.304000 
738.039486 3.072000  741.491145 2.048000 
743.039486 3.072000  746.942369 2.304000 
748.039486 3.072000  752.209046 2.304000 
753.039486 3.072000  757.697532 2.304000 
758.039486 3.072000  762.301005 2.048000 
763.039486 3.072000  767.696463 2.304000 
768.039486 3.072000  772.448906 2.048000 
773.039486 3.072000  778.018919 2.304000 
778.039486 3.072000  782.885230 2.304000 
783.039486 3.072000  788.043585 2.304000 
788.043585 3.072000  793.071716 2.304000 
793.071716 3.072000  798.197883 2.304000 
798.197883 3.072000  802.617918 2.048000 
803.197883 2.816000  808.346605 2.304000 
808.346605 2.816000  812.874325 2.048000 
813.346605 2.816000  817.878292 2.048000 
818.346605 2.816000  824.458965 2.816000 
824.458965 2.816000  829.012131 2.048000 
829.458965 2.816000  835.650180 2.816000 
835.650180 2.816000  841.941806 2.816000 
841.941806 2.816000  848.109590 2.816000 
848.109590 2.816000  852.685927 2.048000 
853.109590 2.816000  857.681332 2.048000 
858.109590 2.816000  863.267343 2.304000 
863.267343 2.816000  868.377013 2.304000 
868.377013 2.816000  874.745400 2.816000 
874.745400 2.816000  879.147842 2.048000 
879.745400 2.816000  885.630399 2.816000 
885.630399 2.816000  890.611835 2.304000 
890.630399 2.816000  896.763213 2.816000 
896.763213 2.816000  900.651346 2.048000 
901.763213 2.816000  905.767710 2.816000 
906.763213 2.816000  909.345656 2.048000 
911.763213 2.816000  914.647454 2.304000 
916.763213 2.816000  917.665589 2.304000 
921.763213 2.816000  922.579466 2.048000 
926.763213 2.816000  927.879444 2.816000 
