# WEMAClient mimuroto
1.139551 0.084288 7593.044000 5120
3.310138 2.120587 12072.128000 5120
10.502657 7.192520 3559.253000 3328
13.981871 3.479213 2943.193000 2816
18.375603 4.393732 2913.241000 2816
22.691552 4.315950 2965.743000 2816
27.477183 4.785631 2942.140000 2816
36.236567 8.759384 1607.418000 1536
40.659482 4.372915 585.421000 512
45.488118 4.828636 530.170000 512
50.505536 5.017418 510.222000 384
55.373936 4.868400 525.840000 512
58.319544 2.945608 869.090000 768
61.708418 3.388873 1133.119000 1024
68.746431 7.038014 545.608000 512
76.712614 7.966183 482.037000 384
83.283832 6.521219 588.846000 512
84.748970 1.415138 904.505000 896
90.833794 6.084824 736.257000 640
94.208408 3.374613 379.302000 256
96.209319 2.000911 639.708000 512
101.468203 5.258884 486.795000 384
107.155294 5.687091 450.142000 384
112.752483 5.597189 457.372000 384
118.310029 5.557546 460.634000 384
124.265265 5.955236 429.873000 384
130.008622 5.743357 445.732000 384
134.002776 3.994154 480.702000 384
137.784615 3.781839 507.689000 384
141.887152 4.102536 468.003000 384
145.795644 3.908493 491.237000 384
149.861260 4.065616 472.253000 384
153.974057 4.112797 466.835000 384
158.094635 4.120578 465.953000 384
163.437644 5.103812 376.189000 256
167.477178 4.039534 475.302000 384
172.539532 4.205700 456.523000 384
177.558257 4.224424 454.499000 384
182.151423 3.817591 502.935000 384
187.574386 4.240553 452.771000 384
192.086300 3.752468 511.663000 384
197.621643 4.287811 447.780000 384
202.256690 3.922858 489.439000 384
208.169660 4.835827 397.036000 384
212.698189 4.364357 439.927000 384
217.504040 4.170208 460.408000 384
222.473509 4.139676 463.804000 384
227.473229 4.139397 463.835000 384
232.415581 4.081749 470.386000 384
236.729152 3.395320 565.484000 512
243.314493 4.980661 513.987000 512
249.587437 6.253605 409.363000 384
255.026148 5.438711 470.699000 384
260.496245 5.470097 467.999000 384
266.331023 5.834779 438.748000 384
271.802458 5.471435 467.884000 384
277.175805 5.373347 476.425000 384
283.528985 6.353179 402.947000 384
289.009633 5.480648 467.098000 384
294.655379 5.645746 453.438000 384
299.077878 4.422499 434.143000 384
303.287941 4.210063 456.050000 384
307.270185 3.982244 482.140000 384
311.540398 4.270213 449.626000 384
315.730648 4.190250 458.206000 384
319.728589 3.997941 480.247000 384
324.164911 4.436322 432.790000 384
327.487681 3.322769 577.831000 512
334.102376 5.768543 443.786000 384
339.162966 5.060590 505.869000 384
344.540470 5.377504 476.057000 384
350.269656 5.729186 446.834000 384
355.644450 5.374793 476.297000 384
361.554539 5.910089 433.157000 384
367.885586 6.331047 404.356000 384
373.204003 5.318417 481.346000 384
378.264172 5.060169 505.911000 384
382.503542 4.239370 452.897000 384
386.390565 3.887023 493.951000 384
391.056601 4.666036 411.484000 384
395.821050 4.764449 402.984000 384
400.049574 4.228523 454.059000 384
404.447117 4.397543 436.607000 384
408.455443 4.008326 479.002000 384
412.580905 4.125462 465.402000 384
417.260054 3.926222 489.019000 384
422.370024 4.036192 475.695000 384
428.155498 4.821665 398.202000 384
431.966934 3.633101 528.474000 512
438.939040 5.605207 456.718000 384
444.488603 5.549564 461.297000 384
450.321533 5.832930 438.887000 384
455.978452 5.656919 452.543000 384
460.371346 4.392894 582.759000 512
466.528377 6.157031 415.784000 384
472.468290 5.939912 430.982000 384
477.945019 5.476730 467.432000 384
483.038328 5.093309 502.620000 384
488.817019 5.778690 443.006000 384
494.577432 5.760413 444.412000 384
500.135568 5.558136 460.586000 384
502.819093 2.683525 476.984000 384
506.400678 3.581585 536.075000 512
512.108837 5.708159 448.480000 384
515.280941 3.172104 807.035000 768
518.888934 3.607992 1064.303000 1024
528.707833 9.818899 521.443000 512
533.285863 4.578030 559.192000 512
537.720250 4.434387 577.306000 512
541.015022 3.294772 776.988000 768
545.800293 4.785271 802.462000 768
552.835589 7.035295 545.819000 512
559.765763 6.930175 554.098000 512
565.578604 5.812841 660.606000 640
568.695471 3.116867 1232.006000 1024
572.189569 3.494098 1465.328000 1280
574.581023 2.391454 2676.196000 2560
578.913186 4.332163 2954.644000 2816
583.591154 4.677967 3009.854000 2816
588.392562 4.801408 2932.472000 2816
593.179240 4.786678 2941.497000 2816
597.994378 4.660546 3021.105000 2816
603.038478 4.704645 2992.786000 2816
608.074419 4.740586 2970.096000 2816
613.096576 4.762743 2956.279000 2816
618.145521 4.811688 2926.207000 2816
623.101048 4.767216 2953.505000 2816
628.134485 4.800653 2932.934000 2816
633.074337 4.740505 2970.147000 2816
638.276058 4.942226 2848.918000 2816
643.059969 4.726137 2979.177000 2816
648.106655 4.772823 2950.036000 2816
653.090153 4.756321 2960.271000 2816
658.145526 4.811693 2926.204000 2816
663.059366 4.725533 2979.557000 2816
668.141207 4.807375 2928.833000 2816
673.099089 4.765257 2954.720000 2816
678.202994 4.869162 2891.668000 2816
683.120697 4.786865 2941.382000 2816
688.100628 4.766796 2953.766000 2816
693.049193 4.715361 2985.985000 2816
698.100452 4.766619 2953.875000 2816
703.067864 4.734031 2974.209000 2816
708.047629 4.713796 2986.976000 2816
713.147499 4.813667 2925.004000 2816
718.080717 4.746884 2966.156000 2816
723.115907 4.782075 2944.328000 2816
728.104614 4.770782 2951.298000 2816
733.086533 4.752701 2962.526000 2816
738.143744 4.809912 2927.288000 2816
743.125503 4.791671 2938.432000 2816
748.064726 4.730894 2976.181000 2816
753.100923 4.767091 2953.583000 2816
758.051329 4.717496 2984.633000 2816
763.029081 4.695248 2998.776000 2816
767.902718 4.568885 3081.714000 3072
773.457789 5.123956 2997.683000 2816
778.657528 5.199739 2953.994000 2816
783.816168 5.158640 2977.528000 2816
788.861685 5.045518 3044.286000 2816
794.039545 5.177860 2966.476000 2816
799.221436 5.181891 2964.168000 2816
804.324996 5.103560 3009.663000 2816
809.403696 5.078700 3024.396000 2816
814.504166 5.100469 3011.487000 2816
819.663942 5.159777 2976.873000 2816
824.843252 5.179310 2965.645000 2816
829.974561 5.131309 2993.388000 2816
835.120837 5.146276 2984.682000 2816
840.260336 5.139499 2988.618000 2816
845.462646 5.202310 2952.534000 2816
850.614280 5.151634 2981.578000 2816
855.748614 5.134335 2991.624000 2816
860.838293 5.089679 3017.872000 2816
866.018842 5.180549 2964.936000 2816
871.139960 5.121118 2999.345000 2816
876.345382 5.205422 2950.769000 2816
881.425007 5.079625 3023.845000 2816
886.535343 5.110336 3005.673000 2816
890.862038 4.326695 3550.054000 3328
