# WEMAClient mimuroto
2.137520 0.076579 8357.426000 5120
7.275498 5.087978 5031.468000 4864
10.346466 3.020968 2965.937000 2816
14.209545 3.863079 2982.077000 2816
19.024927 4.815382 2923.962000 2816
23.783998 4.759070 2958.560000 2816
28.527792 4.743794 2968.088000 2816
33.149366 4.621575 3046.580000 2816
37.855242 4.705876 2992.004000 2816
42.350223 4.494981 3132.382000 3072
47.267485 4.917261 3123.689000 3072
52.099923 4.832438 3178.519000 3072
56.912076 4.812153 3191.918000 3072
62.073016 5.160940 2976.201000 2816
66.998674 4.925657 3118.365000 3072
71.888773 4.890099 3141.040000 3072
76.808277 4.919504 3122.266000 3072
81.773738 4.965461 3093.368000 3072
86.811055 5.037317 3049.242000 2816
91.686296 4.875241 3150.613000 3072
96.441508 4.755212 3230.139000 3072
100.998383 4.556874 3370.731000 3328
105.999212 5.000829 3327.448000 3072
111.178268 5.179056 3212.940000 3072
116.363029 5.184762 3209.404000 3072
121.713725 5.350695 3109.876000 3072
127.064283 5.350559 3109.955000 3072
132.336965 5.272681 3155.889000 3072
137.794425 5.457461 3049.037000 2816
143.227583 5.433158 3062.675000 2816
148.562539 5.334956 3119.051000 3072
153.968487 5.405948 3078.090000 3072
158.507935 4.539448 3101.698000 3072
163.324885 4.816950 3188.739000 3072
168.168662 4.843777 3171.078000 3072
172.906299 4.737637 3242.122000 3072
177.513735 4.607436 3333.741000 3328
182.601663 5.087928 3270.486000 3072
187.592763 4.991100 3333.934000 3328
192.511281 4.918518 3383.132000 3328
197.228398 4.717117 3527.578000 3328
202.126618 4.898220 3397.152000 3328
206.700206 4.573588 3638.281000 3584
211.846331 5.146125 3482.231000 3328
216.940215 5.093884 3517.944000 3328
222.131811 5.191596 3451.732000 3328
227.180795 5.048984 3549.229000 3328
232.373316 5.192521 3451.117000 3328
237.628136 5.254820 3410.202000 3328
242.689685 5.061549 3540.418000 3328
248.000455 5.310770 3374.275000 3328
253.539849 5.539394 3235.010000 3072
259.178331 5.638482 3178.160000 3072
264.676962 5.498631 3258.992000 3072
268.567139 3.890177 3290.338000 3072
273.390729 4.823590 3184.349000 3072
278.281876 4.891147 3140.367000 3072
283.094444 4.812568 3191.643000 3072
287.751199 4.656755 3298.434000 3072
292.607573 4.856374 3162.853000 3072
297.404427 4.796854 3202.098000 3072
302.362707 4.958280 3097.848000 3072
307.308061 4.945354 3105.945000 3072
312.345488 5.037426 3049.176000 2816
317.087530 4.742043 3239.110000 3072
322.086882 4.999352 3072.398000 3072
326.943799 4.856917 3162.499000 3072
331.559702 4.615902 3327.626000 3072
336.450955 4.891253 3140.299000 3072
341.418157 4.967202 3092.284000 3072
346.316186 4.898029 3135.955000 3072
351.315315 4.999129 3072.535000 3072
356.346653 5.031338 3052.865000 2816
361.307431 4.960777 3096.288000 3072
366.076644 4.769214 3220.656000 3072
370.825168 4.748523 3234.689000 3072
375.627912 4.802744 3198.171000 3072
380.658051 5.030140 3053.593000 2816
385.739677 5.081626 3022.654000 2816
390.562814 4.823137 3184.649000 3072
395.393618 4.830804 3179.594000 3072
400.209309 4.815690 3189.573000 3072
404.961172 4.751863 3232.416000 3072
409.749112 4.787940 3208.060000 3072
414.340571 4.591460 3345.341000 3328
419.222656 4.882085 3408.379000 3328
423.996196 4.773540 3485.882000 3328
428.657811 4.661615 3569.578000 3328
433.456325 4.798513 3467.740000 3328
438.126539 4.670214 3563.005000 3328
443.111092 4.984554 3338.313000 3328
448.270745 5.159653 3225.023000 3072
453.581211 5.310466 3133.435000 3072
458.972376 5.391165 3086.531000 3072
464.407251 5.434875 3061.708000 2816
469.561805 5.154554 3228.213000 3072
474.953516 5.391711 3086.218000 3072
480.328225 5.374709 3095.981000 3072
485.610925 5.282700 3149.904000 3072
490.895821 5.284896 3148.595000 3072
496.078452 5.182631 3210.724000 3072
501.381395 5.302942 3137.880000 3072
506.772937 5.391543 3086.315000 3072
512.164215 5.391277 3086.467000 3072
517.551340 5.387125 3088.845000 3072
523.001381 5.450041 3053.187000 2816
528.261062 5.259681 3163.690000 3072
533.639465 5.378403 3093.855000 3072
539.094131 5.454666 3050.599000 2816
544.563413 5.469281 3042.447000 2816
549.768046 5.204634 3197.151000 3072
554.820626 5.052580 3293.366000 3072
559.862267 5.041640 3300.513000 3072
565.055207 5.192940 3204.350000 3072
569.149944 4.094737 3125.963000 3072
574.044190 4.894246 3138.379000 3072
579.218309 5.174119 2968.621000 2816
584.382884 5.164575 2974.107000 2816
589.534213 5.151329 2981.754000 2816
594.495247 4.961034 3096.128000 3072
599.561810 5.066563 3031.640000 2816
604.842301 5.280490 2908.820000 2816
609.918784 5.076483 3025.716000 2816
615.037359 5.118575 3000.834000 2816
620.093889 5.056530 3037.656000 2816
625.245259 5.151370 2981.731000 2816
630.439492 5.194233 2957.125000 2816
635.602334 5.162842 2975.105000 2816
640.717404 5.115069 3002.891000 2816
644.132668 3.415264 2998.304000 2816
648.848517 4.715849 2985.676000 2816
653.616893 4.768376 2952.787000 2816
658.321095 4.704202 2993.068000 2816
663.100495 4.779399 2945.976000 2816
667.743881 4.643387 3032.269000 2816
672.434460 4.690578 3001.762000 2816
677.118127 4.683667 3006.191000 2816
681.728332 4.610205 3054.094000 2816
686.460040 4.731708 2975.669000 2816
691.142508 4.682468 3006.961000 2816
695.797374 4.654866 3024.791000 2816
700.480150 4.682777 3006.763000 2816
705.194971 4.714820 2986.328000 2816
709.916206 4.721235 2982.270000 2816
714.612314 4.696108 2998.227000 2816
719.435535 4.823222 2919.210000 2816
724.175262 4.739727 2970.635000 2816
728.990799 4.815537 2923.869000 2816
733.653408 4.662608 3019.769000 2816
738.371772 4.718364 2984.085000 2816
743.050655 4.678884 3009.264000 2816
747.817009 4.766354 2954.040000 2816
752.607017 4.790009 2939.451000 2816
757.310735 4.703718 2993.376000 2816
762.022262 4.696764 2997.808000 2816
767.086343 4.760845 2957.457000 2816
772.094689 4.769191 2952.282000 2816
777.145917 4.820419 2920.908000 2816
782.088656 4.763158 2956.021000 2816
787.115491 4.789993 2939.461000 2816
792.041694 4.716196 2985.457000 2816
797.124782 4.799284 2933.770000 2816
802.077528 4.752030 2962.944000 2816
807.165649 4.840151 2909.000000 2816
812.144354 4.818856 2921.855000 2816
817.177149 4.851651 2902.104000 2816
822.061851 4.736353 2972.751000 2816
827.096336 4.770838 2951.263000 2816
832.129901 4.804403 2930.644000 2816
836.977134 4.651636 3026.891000 2816
842.102826 4.777328 2947.254000 2816
847.115873 4.790375 2939.227000 2816
852.076451 4.750953 2963.616000 2816
857.115049 4.789551 2939.732000 2816
862.041299 4.715801 2985.707000 2816
867.142216 4.816718 2923.152000 2816
872.067067 4.741569 2969.481000 2816
877.022900 4.697402 2997.401000 2816
882.116138 4.790640 2939.064000 2816
887.110072 4.784574 2942.790000 2816
