6.052198 18896.606959 0.000000
7.055015 18947.587965 18896.606959
8.057530 19241.973078 18998.568972
9.058479 19178.780776 19232.103058
10.059785 19401.283010 19303.943379
11.064350 18295.464551 19475.449565
12.065822 19308.742336 18713.297175
13.068614 18785.369056 18987.721162
14.069433 19650.505604 18812.658489
15.069517 18677.425161 19367.157206
16.070955 19312.759642 18985.433331
17.073730 19236.379704 19194.070212
18.074297 18978.633480 19270.776057
19.077363 18915.292885 19107.220223
20.077779 19867.393153 18945.790173
21.078815 20557.622966 19571.526028
22.079691 18830.519482 20476.033096
23.079764 19422.469048 19653.356485
24.081636 19435.620656 19480.271103
25.084858 19381.888804 19389.141604
26.088530 19350.897487 19314.897729
27.090032 19444.715732 19271.280073
28.091064 19609.669451 19339.739282
29.092459 18982.671086 19523.928288
30.096017 19696.610572 19167.209308
31.099014 19640.369762 19478.169877
32.101670 19523.467206 19646.079728
33.102660 18988.866702 19640.930245
34.102905 19175.920282 19208.039366
35.105466 19306.013588 19077.090945
36.106542 19885.051937 19133.894048
37.107950 19555.611621 19639.604247
38.111572 18595.054567 19706.741031
39.111869 19510.805285 18982.109281
40.114781 19090.907880 19209.842765
41.132456 19487.644649 19084.027084
42.133931 18377.459965 19320.392019
43.136271 18596.828578 18647.749131
44.137607 18606.435863 18408.381855
45.140270 19445.371367 18343.015362
46.140572 19357.348035 19005.388868
47.142098 19427.547689 19380.553747
48.143298 19337.040986 19614.984499
49.143867 18564.804865 19617.460645
50.144050 19024.769322 18969.416713
51.144391 18701.968951 18889.215127
52.146401 18894.362548 18640.902605
53.147145 18487.597788 18676.308128
54.149014 18853.770978 18443.450924
55.151956 18821.394455 18612.688931
56.152551 19501.174248 18733.296054
57.157172 19654.315893 19325.459061
58.158766 19433.226098 19780.325594
59.161042 19659.027310 19810.439089
60.162592 19737.008177 19900.543498
61.165612 18592.716985 19943.702306
62.167869 18758.018659 19055.389783
63.170928 19354.332256 18619.541578
64.174568 19134.270650 18883.471944
65.183307 18295.331698 18968.106000
66.183941 19421.478564 18422.759976
67.185840 18609.735019 18962.840045
68.186513 17724.151470 18738.732050
69.189263 18172.977407 17930.241133
70.190076 19884.593138 17811.092712
71.191923 18706.342925 19125.701473
72.192630 18667.425319 19089.041110
73.210727 18012.332173 18945.848178
74.213308 20487.722144 18313.326137
75.216446 19295.717006 19778.359104
76.220658 19504.788970 19794.212494
77.223571 19099.179149 19834.319291
78.224504 20065.951736 19467.782743
79.236546 19755.679612 19917.443011
80.238410 17892.955628 19946.696233
81.239241 18853.458163 18516.525701
82.239768 19453.655346 18365.924818
83.240580 18736.824522 18862.655600
84.240678 18930.983219 18721.147810
85.265950 19186.764528 18799.932115
86.266006 19288.455072 19063.923026
87.266571 18806.706141 19302.896765
88.269323 18549.308493 19057.461513
89.272158 19334.622780 18679.006808
90.274538 19314.533328 19046.340592
91.275459 19230.273724 19287.010942
92.276718 19399.168910 19351.032011
93.280280 19589.332925 19479.524363
94.282333 19685.602634 19666.304687
95.282376 19364.982744 19812.654190
96.284455 18383.433064 19613.601135
97.284856 19127.745879 18715.757750
98.287223 19639.418788 18741.989497
99.290214 19858.102162 19235.299147
100.291075 18993.801519 19746.996413
101.291718 19590.977624 19382.396001
102.294466 18905.165925 19550.829253
103.295623 19553.451691 19130.724198
104.296362 18443.889886 19350.496427
105.297379 18806.400457 18678.950003
106.298368 19893.866114 18556.294691
107.300918 18934.915837 19373.092718
108.304073 19022.569947 19192.472374
109.306083 19513.463358 19103.513650
110.310148 19627.061151 19406.968420
111.312232 19177.714443 19670.517884
112.313966 19281.063903 19454.418403
113.315590 18561.436519 19354.704766
114.318039 19539.887012 18746.717194
115.321543 19385.797804 19130.241109
116.322682 19751.610065 19308.847637
117.323701 18618.598581 19691.747638
118.325682 19247.606127 19048.404632
119.327252 18311.506993 19091.037276
120.328032 19176.422953 18449.421461
121.339798 18694.971442 18742.821906
122.341563 19344.336377 18636.833757
123.345191 19333.760891 19085.397805
124.347804 19187.318777 19366.482857
125.348249 19690.796188 19389.013307
126.348439 19057.869160 19727.462957
127.348797 18092.508624 19412.825819
128.361576 20149.026703 18442.747683
129.363323 19440.601521 19412.537410
130.363520 19780.005830 19550.235710
131.364376 19056.646966 19846.229544
132.365592 18313.874136 19435.151385
133.367270 18876.150044 18577.906578
134.367512 19438.327378 18504.982995
135.369517 19054.237386 18982.945966
136.378398 18818.919855 19047.705311
137.380646 18598.959337 18905.229854
138.382416 19658.483783 18647.444237
139.385569 19847.177440 19301.073539
140.387678 19765.871323 19858.760992
141.391508 19000.255263 20073.729244
142.392961 19032.109445 19530.036844
143.393047 18821.692461 19149.635886
144.394459 18971.061641 18772.241058
145.397305 19158.510494 18707.933380
146.398623 19198.753505 18882.148246
147.401171 18744.402095 19068.528499
148.404177 18802.058853 18853.511320
149.407289 19793.888695 18761.967992
150.411573 19436.662132 19470.091425
151.411990 19058.270241 19637.182537
152.412262 18950.215411 19386.804073
153.415839 20618.698630 19098.440261
154.418313 19039.811098 20168.564556
155.422034 19328.176652 19631.994573
156.423388 19535.729212 19431.937878
157.424606 18977.481317 19461.633644
158.426623 19411.299220 19076.319498
159.430247 19504.498271 19184.316307
160.432779 20275.592252 19364.959728
161.435970 19474.154928 20068.486560
162.438451 19670.030357 19870.948406
163.438772 19315.418238 19819.887531
164.441034 18804.552390 19490.933711
165.444763 18332.241791 18899.428546
166.446928 18876.116418 18225.723976
167.448855 19736.954135 18323.407115
168.450893 19258.772692 19156.054298
169.450954 20277.210874 19358.966766
170.451974 19083.894718 20199.203118
171.455118 18917.107293 19743.836117
172.456642 19000.553834 19226.076697
173.460280 19285.608567 18952.539542
174.460837 19076.393070 19041.565587
175.462154 19242.613660 18990.177732
176.465236 19520.108969 19110.703081
177.465399 19040.677483 19412.064883
178.466990 19125.976497 19230.183190
179.470439 18998.139628 19155.840177
180.470684 19338.854718 19015.325099
181.473416 19407.308722 19196.307510
182.474250 18467.504162 19373.776020
183.477113 19569.884959 18766.040031
184.479168 18555.226049 19214.323667
185.480419 20079.114298 18766.361625
186.481787 18381.504294 19632.512897
187.482177 18808.851144 18904.031381
188.482501 18843.762442 18729.668988
189.489393 19201.473413 18688.466805
190.490693 19060.626435 18974.972850
191.493174 18534.429871 19069.215780
192.493742 19769.520673 18719.542486
193.494473 18617.542513 19424.745787
194.494635 19271.459007 18999.557539
195.495373 19125.355598 19181.897028
196.497855 19593.082743 19185.879711
197.498792 20252.899438 19523.535383
198.501181 18892.418510 20204.612580
199.503591 19346.839897 19536.862197
200.506135 18995.151901 19382.692124
201.507021 19598.601508 19032.878034
202.509343 19088.291585 19301.126661
203.511184 19089.262292 19126.887244
204.512434 19384.647342 19030.846651
205.513962 19742.011473 19218.969052
206.515543 18193.982719 19622.472923
207.515805 18916.652201 18693.087931
208.519558 19332.441643 18645.621244
209.521248 19304.061466 19001.487721
210.522219 19178.462558 19240.874307
211.552517 18658.581195 19282.165209
212.554256 19716.832261 18886.973975
213.555670 18596.325382 19425.968462
214.556048 19363.274994 18927.801497
215.556120 18988.238768 19171.061195
216.557135 19492.510032 19059.467324
217.559680 19785.449793 19364.066697
218.561447 19448.204728 19768.182038
219.564759 18929.117866 19721.622849
220.576525 19531.996473 19240.673577
221.579075 20422.824704 19374.468969
222.580801 20193.816349 20148.869714
223.581477 18883.798804 20432.802568
224.584623 18827.124765 19532.509281
225.585882 19524.497902 18877.679489
226.586647 19507.194404 19060.655765
227.587588 19319.103347 19255.126814
228.590095 18865.679672 19274.310942
229.591843 19269.969675 18955.033352
230.593523 18379.574224 19076.273639
231.595720 19270.539326 18517.521203
232.598642 19841.314027 18871.882067
233.601191 18771.718344 19576.807839
234.602577 19247.639683 19193.200510
235.602891 18860.697949 19252.967308
236.604287 18229.318680 18991.312500
237.605244 18561.570930 18354.297007
238.606727 18620.318597 18253.733866
239.607280 20060.624007 18324.472311
240.608923 18903.754105 19514.032163
241.609923 18775.447914 19377.807624
242.610634 20222.636998 19094.952331
243.613144 18023.952263 19959.040393
244.613810 19531.520919 18807.970024
245.614683 18707.744167 19167.106892
246.615250 19269.400372 18819.946268
247.615706 19204.907052 19039.557585
248.623644 18953.104137 19158.453950
249.624757 19381.608320 19040.663222
250.625019 19058.253539 19281.256224
251.625596 18924.684316 19184.124663
252.627308 19686.616310 19003.914184
253.627782 18905.417508 19465.450473
254.630022 19704.916017 19165.610976
255.631011 18542.250434 19550.266742
256.635434 18795.420279 18909.257756
257.637898 19641.746328 18686.878817
258.638965 18464.062471 19237.569250
259.639345 19334.055016 18730.695843
260.641558 18998.506302 19063.095205
261.641886 19192.182164 19045.373303
262.642122 18802.527251 19170.052499
263.644443 19651.873264 18945.683328
264.647365 19509.182996 19434.719234
265.648473 19378.429014 19626.507993
266.650289 19608.537055 19595.005637
267.652376 19929.440214 19697.691334
268.654050 18958.325136 19967.422982
269.671607 19350.982249 19364.456805
270.674126 19731.582367 19255.933635
271.676370 18968.144475 19510.884292
272.678330 19288.040167 19120.955720
273.693860 19014.320547 19127.710392
274.694764 18366.380655 18965.880456
275.696051 18988.652192 18411.120592
276.699195 19507.224183 18589.259329
277.717082 19124.381661 19167.105906
278.719227 19881.086561 19253.926873
279.720583 19158.017821 19832.479728
280.751834 18487.139940 19591.606309
281.753660 19427.743787 18859.614067
282.754525 19455.860620 19105.952299
283.756352 19454.216764 19330.656912
284.758694 18356.573336 19473.077253
285.758936 18680.220586 18716.339731
286.760332 18848.060807 18490.764809
287.760382 20244.593813 18551.221457
288.763045 18519.684922 19703.059373
289.763982 19244.441254 19120.680273
290.765167 18808.517738 19222.809135
291.796809 18967.932910 18952.338958
292.798101 19022.727539 18900.709944
293.801078 18457.291679 18932.797150
294.801192 19347.424990 18547.246455
295.802222 18841.451214 18999.582397
296.805098 19531.945015 18933.230684
297.808518 18749.501077 19394.980311
298.810588 18897.558500 19073.263347
299.818089 19690.158248 18942.507365
300.820508 19279.261132 19460.341968
301.821906 18674.864599 19468.540503
302.824205 19320.378195 18972.022528
303.824792 18583.642970 19133.609255
304.825486 19354.610978 18708.543435
305.829072 19269.657291 19043.011414
306.831011 19130.371018 19224.430030
307.831134 19278.408857 19221.981448
308.833634 19453.795492 19308.882929
309.834497 19257.324569 19476.255128
310.834679 19682.979399 19406.973126
311.837058 18998.030623 19654.161108
312.839201 18926.285912 19271.248090
313.841080 18310.331500 18957.678681
314.841557 19357.951540 18331.079976
315.845265 18161.250096 18798.308534
316.846925 18739.010714 18274.307481
317.848533 19780.138044 18417.363072
318.848913 18787.851831 19350.148276
319.849913 18800.060086 19179.823660
320.852510 19901.598466 19005.824586
321.853372 18509.033162 19693.537709
322.854791 19015.225400 19044.985482
323.857466 19615.470645 18966.365466
324.858538 19728.818174 19389.454376
325.859001 18516.959644 19742.513545
326.859940 18702.235603 19006.725389
327.861526 18993.056715 18655.346844
328.864327 19105.952153 18709.495596
329.866129 19968.482750 18892.131829
330.866406 19079.593295 19683.802975
331.868559 18519.723493 19484.141401
332.870184 18916.910958 18863.271235
333.872856 19420.872766 18764.839816
334.874837 18636.263195 19131.613248
335.877812 18525.936772 18798.857665
336.880426 19440.720324 18509.086439
337.882092 19278.515055 19054.501073
338.885422 19342.913948 19302.109251
339.885624 19666.714111 19468.313961
340.886947 18834.857625 19762.916435
341.889028 18952.980471 19262.274726
342.890986 18868.752987 18993.691731
343.893794 19082.851543 18786.051805
344.896053 19907.493023 18863.481055
345.897936 18557.960419 19575.519412
346.900045 20062.662715 19002.382540
347.901070 19368.766903 19733.235296
348.905068 19029.997962 19660.596670
349.905949 18689.429914 19297.243209
350.908242 18465.615357 18793.329131
351.909338 19996.884460 18347.536370
352.909920 19078.894727 19302.611563
353.912183 18949.199922 19265.225085
354.914037 20131.664677 19102.678152
355.914413 19276.435931 19869.883694
356.916570 19151.298040 19677.510151
357.919706 18811.559249 19387.201407
358.920327 19514.781030 18928.267100
359.921939 18996.955517 19197.039319
360.922382 19436.513746 19022.491722
361.923488 18558.069384 19258.502544
362.927276 18781.520158 18762.177484
363.930884 18897.038478 18630.576009
364.931395 18758.994968 18689.150049
365.946625 19052.782242 18666.876544
366.948253 19143.018207 18899.109853
367.952346 19190.316869 19121.321578
368.954807 19600.683736 19273.325594
369.954939 18642.876818 19636.350571
370.956483 19064.224202 19090.591163
371.957064 19250.589351 19021.793410
372.957596 18729.715051 19137.776094
373.960127 20030.512696 18833.315024
374.961304 19123.519693 19630.782730
375.962451 18326.217763 19449.204322
376.967125 19343.869574 18679.017514
377.969624 20249.822112 18968.963030
378.971411 18895.205830 19887.126828
379.987752 19302.463129 19420.920336
381.015388 18967.118095 19361.831438
382.037174 19246.891800 19065.936136
383.040010 19868.918634 19103.114254
384.041402 19906.788067 19624.167825
385.042994 18776.322801 19974.284387
386.043350 19713.264094 19284.619639
387.046046 19723.904476 19515.419025
388.048800 19477.114196 19688.260271
389.051071 18921.715072 19598.499236
390.052955 18535.146106 19106.723116
391.184076 19191.338609 18524.656320
392.186660 19029.351863 18728.389745
393.187039 20364.483180 18824.503615
394.187500 19436.470188 19925.121100
395.188204 19582.157905 19889.260618
396.196824 19895.758692 19867.398557
397.199286 19779.740072 20020.357954
398.201257 19010.629514 19978.673872
399.204150 18604.970637 19331.265462
400.206441 18622.652138 18623.158113
401.206734 19549.622279 18277.818695
402.207596 18915.524650 18886.584952
403.209447 19614.862553 18881.154191
404.231933 19000.502084 19411.534853
405.233232 19133.228686 19266.786757
406.234411 18735.576700 19227.386492
407.235642 19013.506817 18885.907919
408.243219 19490.236098 18886.033415
409.245880 19213.952097 19275.511475
410.248127 19755.634831 19316.718659
411.249449 19587.754241 19717.892661
412.251573 18739.924123 19802.004763
413.254482 18509.804267 19154.625594
414.256171 19060.682475 18554.670750
415.263855 19469.891099 18656.635363
416.264964 18699.292059 19115.535916
417.266403 19429.597858 18855.625708
418.269657 19415.951652 19234.316541
419.271875 19248.669331 19462.247632
420.272332 19495.016860 19439.177442
421.274100 19192.977931 19564.775966
422.274827 19259.528049 19383.606255
423.278971 19534.169667 19295.276907
424.280556 17967.224490 19448.156232
425.280853 19433.142720 18370.890371
426.282604 18436.629691 18830.779642
427.284830 19068.328109 18463.930276
428.286200 19642.226402 18747.454260
429.288713 19636.958221 19399.858434
430.289681 19238.183683 19782.701378
431.292379 19175.168636 19638.606157
432.295491 19473.286646 19419.191643
433.299162 18681.003005 19472.067142
434.299365 19467.322196 18904.597036
435.302273 18862.287936 19154.702869
436.304293 19432.333587 18904.134922
437.322400 19673.200042 19195.923441
438.323042 18241.288772 19581.570078
439.326534 18969.595856 18723.367434
440.327858 18754.080502 18719.976760
441.329056 19771.916882 18619.049681
442.329865 19092.245206 19365.721132
443.332931 19005.972014 19330.852038
444.334928 18966.665183 19189.060889
445.336269 19925.036006 19042.912973
446.338095 19222.404516 19669.555184
447.341040 18858.840729 19519.772878
448.356345 18716.764040 19097.866794
449.356788 18652.412248 18720.599719
450.358956 18867.191136 18482.743418
451.359093 19572.434398 18567.316641
452.361179 18399.139823 19213.504323
453.381978 19067.590979 18746.359751
454.382194 19315.469341 18927.320850
455.384247 19980.067001 19238.777703
456.384760 19461.193617 19912.127285
457.386492 19111.833319 19876.631966
458.391022 19612.542675 19493.004496
459.393813 18244.443407 19581.429984
460.396593 19270.797564 18607.346449
461.398188 19367.125638 18799.344539
462.400306 18531.214776 19085.452896
463.401241 18423.465360 18671.992114
464.403478 19146.484491 18349.255326
465.422772 19307.682643 18748.703789
466.423061 18902.007044 19168.771810
467.423648 19629.786051 19109.276829
468.425096 19485.335184 19573.546148
469.427639 18417.814348 19711.402633
470.430272 19489.700444 18923.173386
471.431182 18628.814668 19206.633575
472.432562 19119.504316 18773.466055
473.436595 18756.293931 18888.736684
474.437803 19560.055264 18731.656118
475.439013 19558.650113 19262.096288
476.439628 20240.513870 19600.752253
477.440108 18994.873209 20270.952519
478.442978 18909.158948 19664.212493
479.443981 18776.022667 19129.221964
480.447060 19169.886334 18706.858735
481.447229 18897.702656 18808.365853
482.447467 19659.871995 18745.361774
483.449471 18864.250784 19323.571959
484.450526 19944.460647 19100.036153
485.452406 19162.486674 19739.479304
486.455254 18933.305511 19523.965736
487.459692 18968.471428 19153.953315
488.460261 19076.133322 18940.159590
489.462165 19101.338544 18921.087108
490.464767 19840.888618 18969.216337
491.467220 19071.370999 19580.974059
492.470038 19380.792182 19374.693345
493.472713 19480.846031 19427.788289
494.474207 19187.154250 19517.627121
495.476116 19291.077268 19333.082429
496.478414 19677.836880 19282.270301
497.479985 19297.409668 19549.135688
498.484666 19136.602889 19429.423271
499.505036 19898.773262 19215.958577
500.507292 19094.740862 19661.015088
501.511076 18744.953815 19339.958587
502.513484 19628.641053 18855.785620
503.515253 18905.017459 19248.756614
504.516854 18969.049481 18997.495525
505.519685 19421.638282 18896.769480
506.521753 18866.526241 19203.918059
507.527377 19528.716131 18995.588374
508.530182 18858.715576 19355.800416
509.530952 19130.648355 19076.634949
510.533009 19069.609583 19086.521957
511.536479 19328.035682 19056.717981
512.536669 19241.546916 19238.858468
513.538617 19100.295365 19287.356440
514.539380 18846.724874 19194.214382
515.541716 18316.164068 18933.985731
516.544553 19706.619931 18384.135587
517.546679 19458.423459 19135.059532
518.547783 19313.466478 19467.264250
519.548196 18155.651508 19522.438675
520.548879 19265.240814 18629.421611
521.551152 18827.687085 18896.662533
522.551426 20009.953540 18794.262267
523.553336 20047.204505 19638.118180
524.554242 18749.616438 20180.943201
525.556664 18596.972315 19445.729987
526.559502 19753.331902 18789.611900
527.560015 18212.713646 19280.662651
528.560279 19303.658564 18488.891647
529.563112 19530.843615 18842.170333
530.563514 19065.686926 19304.570523
531.564226 18128.768132 19243.471374
532.566331 19551.787454 18465.786591
533.580795 19238.313778 19059.954077
534.581721 19990.322440 19244.890907
535.581964 19552.416872 19899.721537
536.585151 18700.914653 19921.357901
537.588604 19303.116210 19201.314162
538.591707 19241.195219 19167.843583
539.593113 19370.171761 19138.485707
540.595280 20122.231300 19246.216554
541.612492 19536.860540 19895.115433
542.614476 19255.026002 19837.315770
543.617418 19290.636444 19521.926227
544.620310 19090.425796 19324.214231
545.622535 19533.710661 19066.805800
546.624215 19135.379111 19276.470232
547.625761 18078.317209 19146.863893
548.625906 18162.859558 18286.393101
549.642301 20067.909808 17867.545495
550.644431 18761.058947 19160.737894
551.644953 18821.747616 19053.988927
552.660676 19108.959211 18972.898450
553.662891 19449.185923 19109.974199
554.664935 18719.331596 19433.428361
555.667171 19219.158495 19051.704087
556.673588 19445.020373 19152.619002
557.674822 18985.999599 19389.107741
558.676349 19302.827668 19177.064688
559.679228 19620.356899 19260.897941
560.680856 19542.553473 19551.443923
561.683687 19685.189840 19655.592588
562.686001 18953.083836 19786.384417
563.689675 19855.771921 19277.402185
564.691875 19578.104112 19618.847545
565.695079 20457.211401 19640.550462
566.696905 18991.098605 20295.120800
567.717811 18475.060622 19563.344022
568.720166 19639.935305 18667.365791
569.720527 18848.858514 19044.956396
570.724041 18937.955322 18789.188832
571.728286 19145.561216 18743.045077
572.731042 18978.141557 18924.405181
573.732851 20041.368406 18944.809498
574.735127 19052.143518 19760.764808
575.735935 19666.541470 19496.974696
576.738489 19628.015714 19714.670310
577.738907 19039.694755 19782.591590
578.739610 18799.850488 19336.667542
579.742505 18989.593906 18859.579120
580.744705 19533.883061 18748.410315
581.746535 18846.823343 19161.338676
582.747479 19343.484263 18945.644165
583.750432 18962.230085 19185.587394
584.751870 18985.820341 19059.092592
585.755459 19143.391604 18989.322257
586.758329 19969.782245 19071.740057
587.759419 18634.761210 19750.654825
588.761935 18975.244548 19143.628287
589.763958 18767.581095 18968.260753
590.764686 19340.091832 18726.575345
591.766901 19129.834027 19045.367131
592.769126 19239.120325 19120.750846
593.769432 19242.885942 19242.678222
594.770975 19108.862657 19305.576648
595.771494 19013.696908 19220.835721
596.774120 18337.743988 19079.097680
597.778267 18996.439965 18484.913776
598.781315 19662.309926 18645.051360
599.782278 18551.945405 19312.369774
600.784726 19654.471745 18900.740628
601.785766 18939.213575 19434.622005
602.785870 19411.266367 19220.081501
603.788063 19077.482796 19396.633861
604.791031 19493.380788 19238.230490
605.794719 19708.873664 19430.765374
606.798083 19206.638188 19704.306327
607.801315 19033.353670 19465.542031
608.803859 19345.967854 19151.470534
609.804939 19052.799223 19199.366207
610.805227 19995.853114 19040.087982
611.807544 18195.810723 19670.917098
612.808965 20015.295114 18717.533867
613.812165 18566.890880 19475.024759
614.813862 19148.005134 18902.534618
615.817509 19084.276499 18968.214304
616.818701 18964.767386 18998.205378
617.821526 19025.083852 18945.086860
618.824961 18630.101777 18968.685082
619.825575 19583.374887 18698.347329
620.826277 19935.151519 19261.071897
621.828801 19676.292196 19886.842403
622.831220 19383.495387 20017.660442
623.834865 19044.948094 19778.129794
624.836941 19058.466855 19305.795398
625.839592 19249.418264 19014.555445
626.843323 19368.457785 19023.126877
627.844726 19585.644003 19173.265081
628.845878 18477.464752 19460.022022
629.847235 19104.434453 18803.671550
630.850462 18995.760776 18864.171891
631.850965 18828.092125 18872.982443
632.855015 19899.269883 18782.330815
633.855869 19594.874318 19551.828646
634.855999 18991.656601 19795.141198
635.859620 18248.821427 19414.317465
636.863162 19588.669031 18561.114003
637.863785 18881.993066 19061.324831
638.867299 19125.829145 18913.259321
639.870635 18873.879903 19014.287062
640.872862 19566.589927 18903.724521
641.873534 18609.479932 19360.514615
642.875006 18861.928586 18922.595993
643.877505 19172.023120 18814.694158
644.878600 19093.150305 19005.122748
645.879841 19251.048913 19082.907525
646.881992 18635.103454 19242.784564
647.884947 18910.293585 18862.830077
648.885888 19525.278800 18822.313776
649.889387 19718.814780 19285.289489
650.890952 18572.046360 19721.926658
651.891201 18978.001943 19079.390958
652.894142 18999.264059 18935.753646
653.897861 19648.776587 18890.443651
654.901007 19145.339449 19382.128151
655.901641 18887.624125 19317.054657
656.905152 19139.549375 19048.302615
657.907850 19222.948757 19062.700909
658.908232 18858.943177 19151.661709
659.910728 19310.667939 18940.959686
660.912069 18247.960579 19153.898119
661.915298 18727.639559 18502.529270
662.915856 19297.425989 18472.961908
663.918146 19786.172727 18949.187462
664.920411 19464.025236 19640.919925
665.921311 19196.458315 19781.488738
666.922701 19096.299538 19571.732079
667.923423 19194.200391 19297.916226
668.925291 20560.170002 19184.029767
669.927512 18748.290685 20154.106402
670.928483 18995.013021 19381.751131
671.931050 19868.688605 19022.250136
672.933687 19035.577344 19490.947048
673.935864 19413.042486 19194.897448
674.938202 19418.942827 19290.141478
675.941643 19063.435332 19372.914000
676.942416 20225.471301 19159.176848
677.946238 18743.464916 19899.899869
678.950128 17906.489761 19240.149449
679.950779 18909.914727 18158.371739
680.951455 18863.427338 18307.081114
681.954872 18833.262881 18497.278663
682.956786 18756.678793 18661.291263
683.956898 18935.538501 18728.852402
684.958709 19088.919283 18903.734351
685.959174 19210.049945 19114.161949
686.963721 18590.075863 19303.913078
687.965631 19452.147634 18910.342298
688.969601 18912.317150 19280.044128
689.971200 19230.917828 19103.048056
690.971940 19336.159226 19205.817802
691.973963 19775.018235 19342.408730
692.975410 18665.458973 19738.286075
693.975544 18506.822090 19113.238341
694.976450 19114.812001 18569.791970
695.979100 18725.317889 18738.318747
696.982735 18492.099496 18624.584865
697.985015 19728.556322 18417.987385
698.988189 18715.518899 19260.559293
699.991765 19489.209457 19039.066436
700.993664 19610.590680 19427.701042
701.998211 19784.847093 19728.431366
702.999026 19696.031339 19980.028666
704.001779 19617.753620 19990.420107
705.004236 19166.076264 19863.310347
706.004511 19094.970920 19399.608268
707.005783 18875.002141 19056.045219
708.007084 19178.762992 18729.018536
709.011042 18669.454236 18829.821734
710.014143 19163.274093 18585.477081
711.014770 19117.533378 18854.663936
712.018036 19320.339345 19032.104366
713.018657 20134.252094 19294.286309
714.020133 19724.752009 20042.325102
715.022795 19550.949437 20132.201183
716.025797 18723.366964 19944.925000
717.027980 19220.240563 19132.106163
718.031371 18848.545823 18996.167144
719.032167 19059.805905 18705.444935
720.034970 19177.776091 18754.304114
721.036775 19521.228339 18943.586790
722.038317 19029.944631 19354.364640
723.040797 20194.195837 19233.006709
724.041951 19205.229547 19994.750628
725.044559 19695.087462 19683.759173
726.046305 18866.781916 19776.024475
727.047870 18721.253464 19180.693713
728.048319 19216.273980 18695.404044
729.048373 19158.384787 18830.486952
730.052242 19648.248364 18951.058268
731.054230 19724.292835 19430.573238
732.057904 19988.189579 19781.782858
733.059395 19361.408274 20140.937720
734.059906 19760.581755 19812.242137
735.062982 19527.233938 19834.565991
736.063551 19325.470791 19652.220996
737.066900 18848.193491 19378.479374
738.067238 19075.681397 18870.398442
739.070566 19141.892846 18781.422668
740.073996 19021.356358 18860.158050
741.076018 18286.747244 18879.557074
742.078619 18851.917112 18373.749571
743.081683 20179.915347 18522.972640
744.082793 18971.852284 19675.818968
745.083428 18661.835512 19472.218930
746.085837 19058.523033 19012.814670
747.086360 19177.909405 18992.883391
748.088620 18180.570211 19088.867441
749.089885 19385.756737 18411.115562
750.092219 19151.709838 18918.493179
751.094778 18942.528764 19113.462703
752.098494 19328.393887 19063.623443
753.100318 19000.544246 19297.828986
754.103486 19658.693389 19176.685752
755.106387 19391.143917 19565.690616
756.106613 19535.401306 19582.781637
757.109747 19304.601688 19651.610759
758.111510 18613.877389 19483.873244
759.113432 18699.422216 18837.143373
760.114092 18716.985456 18522.120562
761.116645 19243.288192 18422.107000
762.116974 19432.579185 18840.546885
763.120600 18411.947627 19292.420399
764.122698 20049.668705 18787.923184
765.123999 19257.557718 19669.971495
766.125881 18962.797099 19611.836714
767.127138 18984.775555 19273.129109
768.129358 19155.378259 19042.676147
769.131489 19467.034948 19040.926545
770.133023 19300.734798 19302.407190
771.135004 19246.260179 19349.579339
772.135185 19573.517633 19320.098315
773.138703 19902.318372 19532.341358
774.140301 19460.532851 19895.357504
775.142267 19661.813450 19747.266652
776.143589 18661.997033 19752.498226
777.144798 19474.464008 18982.580506
778.148309 18484.144952 19126.826009
779.151658 19452.970231 18543.118968
780.151885 20486.008389 18963.140903
781.155682 18380.415195 20070.387821
782.156602 19041.716519 19148.721526
783.157501 19369.073987 18991.787789
784.158945 18786.767004 19171.321204
785.160721 20071.935966 18873.795870
786.165815 19686.577332 19667.152708
787.166403 18940.110019 19876.007966
788.167885 18401.342356 19373.227451
789.169089 19905.769598 18609.482089
790.171501 19198.847157 19303.894906
791.173835 19562.610035 19271.378157
792.175446 18544.308960 19509.809190
793.175469 19132.309329 18878.499112
794.178069 19031.281553 18920.296812
795.178586 19191.272005 18918.427959
796.180457 19406.018338 19065.699770
797.181462 20124.681381 19331.788484
798.181678 18690.562683 20022.387586
799.183239 18886.315167 19317.671563
800.183428 18170.603028 18955.350694
801.184445 18698.075131 18220.147274
802.186352 19013.988317 18235.763580
803.186959 19049.979122 18596.084510
804.190917 18300.123250 18907.714031
805.194607 19087.243011 18536.703160
806.197990 19580.799203 18882.392568
807.200731 19364.131588 19476.617026
808.201517 18734.617991 19637.274089
809.203887 19224.657627 19177.181797
810.204391 18466.030077 19204.024426
811.205912 18347.656192 18653.633379
812.208981 19781.305426 18242.756616
813.211109 19557.225439 19138.780054
814.212649 19659.424635 19579.363126
815.213448 19403.124320 19870.769637
816.214996 19088.874252 19771.411406
817.216749 19662.017527 19393.972968
818.218771 19612.060420 19558.836526
819.221722 18896.271453 19629.595726
820.225398 18497.547342 19123.749773
821.227395 19809.478526 18514.914134
822.229528 19129.243205 19190.103004
823.230319 18924.964799 19172.364829
824.233006 19345.705486 18999.506531
825.236202 18994.769602 19209.997464
826.238462 18987.803498 19085.968023
827.240281 19080.247954 18995.929120
828.242380 19104.477644 19018.211604
829.242899 19200.223116 19063.034202
830.244541 20042.938702 19167.615465
831.245243 18481.484651 19860.094699
832.246095 18718.926058 19080.954778
833.248121 19690.736445 18719.598342
834.248570 19006.180031 19267.609843
835.250110 18728.863098 19133.979933
836.252303 18801.815763 18827.227303
837.253761 18860.413937 18703.974436
838.254030 19227.978885 18710.756964
839.255539 19310.212848 19027.236183
840.258737 18215.745929 19297.336940
841.260736 19171.941465 18614.756106
842.261128 19942.724862 18890.859797
843.262411 20156.707225 19677.269607
844.264709 19112.320614 20297.325098
845.267726 18762.725847 19788.908417
846.268770 19368.211475 19103.357051
847.271595 19602.651225 19129.537788
848.271728 19793.682493 19378.126391
849.273978 18920.440077 19701.825351
850.275009 18640.259721 19231.707305
851.277951 19264.697729 18708.696208
852.278380 18782.328823 18898.410044
853.280958 19323.289624 18723.062203
854.284702 18304.129265 19055.925539
855.289079 18918.352483 18524.827959
856.292545 19954.370597 18664.771909
857.293158 18894.913832 19575.152613
858.294324 19069.978811 19330.554887
859.296667 18751.096129 19230.644495
860.298642 19222.975732 18901.360866
861.301933 18649.333501 19053.062570
862.304379 18400.408394 18741.160039
863.306320 18978.269764 18375.558308
864.307466 19316.376788 18632.365992
865.308784 18743.879903 19100.826045
866.312242 19204.910262 18959.571094
867.313874 20094.861891 19180.793590
868.314772 19379.957187 19964.897727
869.316379 20169.025682 19853.262309
870.318651 18702.392822 20270.919690
871.320847 19111.173288 19354.300234
872.321216 19165.941923 19039.599002
873.323476 18675.602489 18941.218434
874.324879 19394.381111 18580.454447
875.325989 19607.461037 18962.943430
876.329810 19778.268842 19421.857286
877.330027 19351.764354 19825.821006
878.332602 19839.820684 19696.036459
879.335557 19041.478672 19911.118406
880.336137 19002.079796 19402.078441
881.338858 20426.666784 19027.859359
882.341641 18772.355121 19902.745168
883.346425 19303.129069 19230.434730
884.349059 19648.821389 19177.840069
885.349360 18570.482259 19442.134229
886.352556 18796.948221 18817.198751
887.354967 19226.470831 18612.901361
888.357067 19277.995617 18878.906338
889.357638 19296.716910 19137.443540
890.359373 19089.011316 19315.891130
