7.052512 18865.296327 0.000000
8.055687 19538.965991 18865.296327
9.057065 19528.631571 20212.635655
10.059118 20064.146281 20373.302256
11.062262 18929.431802 20644.103917
12.064392 19216.611123 19783.479480
13.067390 19174.807608 19355.039833
14.068802 19111.778234 19074.860195
15.068977 19238.879289 18912.485199
16.069091 19177.003872 18976.446752
17.072181 19759.269011 19027.629099
18.074935 19612.731729 19527.262820
19.076831 19339.552422 19725.178267
20.078148 18750.948227 19591.139876
21.081477 19282.132223 19019.770670
22.082841 19248.514574 19065.268454
23.083994 18329.002038 19117.020051
24.084671 19011.366120 18486.135079
25.086755 19375.071246 18643.182393
26.087179 19342.329076 19086.530827
27.089041 19698.717856 19355.783521
28.092208 19437.624668 19754.337842
29.093926 19767.485692 19743.890115
30.096737 19906.613163 19909.495658
31.098320 19761.082619 20061.141541
32.100168 18978.581082 19989.184480
33.104146 18678.777310 19309.304332
34.104652 19012.762804 18661.830616
35.104719 19423.301105 18592.819552
36.107099 19300.089936 18971.203559
37.110200 20039.315395 19181.011572
38.110302 19611.045197 19870.104264
39.112626 18850.719727 19935.750744
40.114348 18388.157497 19317.153495
41.133707 18992.000680 18544.324756
42.134778 19746.556820 18571.750959
43.137397 18607.451573 19256.443596
44.140026 19189.655685 18866.989285
45.141852 18924.686637 19044.030786
46.144102 18726.624836 18970.230975
47.169104 19214.090631 18773.398634
48.169917 18629.220825 19028.888360
49.171938 19027.794973 18764.281437
50.174585 18341.411734 18897.143433
51.176120 19531.603978 18481.449887
52.176449 19373.875972 19131.237759
53.176633 18960.016000 19437.927245
54.178305 20002.283825 19264.864191
55.179293 19217.722605 19883.821485
56.182016 19255.534795 19634.494802
57.182737 18987.584855 19433.997553
58.183622 19077.049203 19088.170785
59.184675 18755.294591 18957.209179
60.186246 19462.933706 18680.372423
61.186504 19889.570430 19091.413923
62.187035 18895.581438 19709.792162
63.188651 19233.176323 19318.434105
64.189916 19192.954920 19270.238073
65.192013 19294.203206 19206.708567
66.192516 18561.266469 19247.441617
67.192606 19486.235306 18729.795986
68.193807 20094.311221 19122.567420
69.194746 19011.202512 19865.927044
70.195550 19456.865550 19482.371368
71.199756 19560.125707 19507.048595
72.201307 19381.219254 19584.286565
73.211331 19819.790719 19482.685495
74.213650 18527.746839 19735.446999
75.214825 19634.566531 18913.880771
76.214838 19984.333917 19236.678943
77.215663 19695.547277 19759.875466
78.218437 19790.416565 19860.998359
79.235043 18383.682486 19941.349002
80.236879 19494.996269 18888.740655
81.240384 19537.097652 19069.657276
82.240948 19279.590078 19298.026373
83.242262 18908.513667 19278.848060
84.244640 19324.663214 18991.137100
85.267928 18883.441455 19138.737921
86.269844 19183.118460 18928.103336
87.274028 19558.856904 19036.378327
88.281463 19230.240932 19409.004689
89.287065 18357.154580 19386.318944
90.290221 18661.386995 18681.141805
91.292979 19193.321621 18475.730741
92.295412 19492.611059 18818.390242
93.297304 18944.440106 19307.919915
94.297664 18111.637347 19187.729323
95.305787 18338.473218 18442.209653
96.325077 18624.308833 18156.933645
97.352275 19996.833754 18274.057246
98.352413 18785.871151 19449.575633
99.354876 18966.529795 19265.927405
100.356810 19655.479184 19189.583211
101.360622 18930.447837 19612.359801
102.375270 19464.977935 19290.754432
103.377847 18307.894648 19440.772672
104.381040 18978.438138 18654.020642
105.394110 19769.811956 18677.020747
106.397473 18740.760022 19357.405510
107.398469 18712.575866 19028.910553
108.401957 19720.718726 18771.487324
109.404099 18949.728987 19384.154991
110.423815 20173.509060 19196.387453
111.426564 18775.403978 19958.674123
112.429602 18597.339521 19344.947380
113.431535 19137.991241 18762.149816
114.435092 18866.977948 18835.037250
115.436490 18803.604348 18743.959494
116.443542 18919.004277 18681.645031
117.444333 19790.454501 18767.527575
118.446941 18781.781288 19501.925690
119.448580 19000.548080 19184.752041
120.448688 18444.730913 19089.497622
121.448917 19171.029580 18602.770152
122.451256 19697.888557 18864.620608
123.451674 18934.341558 19467.292311
124.454661 18868.500598 19253.616975
125.455457 19126.734135 19017.579733
126.456641 19427.481962 19055.966481
127.459412 19616.096822 19318.412639
128.459758 19162.457211 19618.364194
129.460960 19131.992649 19427.543420
130.462347 18490.638133 19243.013059
131.481938 19859.092757 18641.976889
132.482224 19968.681183 19329.965084
133.486319 19619.864942 19888.432418
134.486413 19821.285983 19926.116096
135.488498 19351.151239 20019.460927
136.488978 19279.671507 19663.988549
137.489033 18749.974666 19354.433233
138.490649 18920.051391 18783.692513
139.491748 19703.676000 18617.450235
140.494387 18329.937666 19197.697842
141.495241 19151.373564 18584.012434
142.512133 19019.392419 18829.727962
143.514258 19036.767381 18934.011267
144.517982 19120.982694 19020.529429
145.518307 18472.144049 19131.009483
146.521257 18459.476089 18697.113829
147.521360 18678.287132 18414.422587
148.521410 19896.697702 18448.448624
149.524143 19133.812724 19436.729197
150.525426 19269.635884 19473.697876
151.528555 19003.772517 19509.078298
152.530742 19009.564368 19267.510380
153.533352 19419.129901 19085.135843
154.535289 19194.484695 19282.229856
155.537921 19898.916560 19246.517969
156.559618 18845.111716 19743.977606
157.563194 18278.667510 19241.088530
158.563467 18584.380117 18465.816634
159.567284 19549.848267 18260.677860
160.567742 19227.500616 18963.135150
161.570640 19392.408875 19219.281336
162.571277 19574.136017 19473.090443
163.573961 18820.105059 19716.119961
164.574830 18870.474122 19236.615516
165.582551 19504.817640 18930.512476
166.583245 18902.024652 19238.209006
167.584721 19307.198650 19006.614689
168.585410 19129.020256 19168.550519
169.586012 19493.338137 19150.546672
170.600359 19144.071096 19409.401555
171.601459 18968.269987 19297.862861
172.604271 19870.593472 19071.794741
173.607805 19120.835724 19609.622106
174.609080 19507.633500 19381.460319
175.611497 19235.448993 19492.321609
176.612726 19226.367483 19347.441847
177.615714 19165.289020 19240.192619
178.618287 19408.933893 19137.302875
179.619275 18746.448239 19275.588193
180.621455 18351.080901 18881.203037
181.622090 18299.163509 18353.796256
182.625806 19057.452207 18050.475982
183.626294 19220.502834 18529.704251
184.626339 18346.038690 19023.543344
185.642050 17780.966623 18663.854656
186.646389 18357.255309 17980.752270
187.649009 19201.721354 18021.471180
188.649851 19148.437604 18759.126200
189.649918 19375.936041 19198.639687
190.650736 18722.962612 19576.469737
191.653912 19436.126945 19225.521266
192.654820 19210.036125 19459.280617
193.655915 19776.084895 19400.803759
194.657311 19350.939809 19748.409999
195.659510 19262.549722 19610.273029
196.659763 19695.411257 19410.078673
197.660913 18776.179898 19597.745409
198.663073 19316.083200 19026.571719
199.666336 19236.113727 19083.314396
200.669023 18764.039460 19109.900830
201.669223 19142.536384 18800.691572
202.672241 18731.183911 18920.796607
203.672317 18823.707323 18727.769715
204.674221 18165.126935 18701.502376
205.675254 19653.731137 18224.984653
206.676088 18902.177170 19088.214514
207.676982 19624.331549 19097.543125
208.678551 18703.314518 19594.981725
209.681496 19228.044593 19160.275709
210.684685 19676.096118 19222.229959
211.685982 18208.650114 19590.699386
212.688277 19200.526582 18695.698780
213.688877 18944.017841 18870.343662
214.691032 18716.703612 18847.830277
215.692212 19197.460968 18690.134804
216.693346 18616.548982 18978.497286
217.695051 19068.442182 18741.735458
218.695198 18357.749316 18930.977825
219.695532 19297.130670 18526.945448
220.696605 18295.544240 18987.166243
221.696996 17727.780644 18543.577924
222.698305 19085.434645 17833.952647
223.699446 19548.428047 18470.837508
224.700747 19564.329273 19290.174274
225.701647 18350.795747 19776.332020
226.703375 19317.335457 19056.260062
227.703936 19511.832045 19244.762786
228.705120 19091.118574 19503.029758
229.706915 19664.377395 19318.828711
230.706922 19045.262043 19599.744770
231.707385 19647.939513 19292.024442
232.709456 19125.797534 19528.481780
233.711503 19486.184897 19284.968399
234.713427 19185.851928 19393.709514
235.714559 18157.537020 19245.949191
236.718404 18742.644523 18385.808532
237.718606 19453.083572 18337.500952
238.718776 19186.852768 18947.462342
239.719920 18975.932976 19179.175241
240.720766 19048.276748 19138.761229
241.722416 19001.959306 19132.104988
242.741033 19323.619730 19073.081726
243.743841 20222.251916 19267.034808
244.744389 19317.595413 20052.131719
245.745511 18949.069276 19808.717847
246.746078 19473.468311 19287.835699
247.748393 18747.126335 19336.002296
248.750522 18735.717944 18849.695616
249.752167 19538.100724 18572.343663
250.754381 19165.975551 19076.298341
251.754708 18854.392352 19164.632397
252.757632 19626.522818 18975.447813
253.759792 19579.420338 19429.689506
254.760249 19520.272114 19670.691820
255.760984 19121.929538 19724.013938
256.762430 19262.519897 19400.982610
257.763926 19072.506057 19275.146447
258.767460 19440.838338 19066.561348
259.769706 19337.121281 19240.004186
260.771849 18828.846702 19299.146350
261.773182 19536.919780 18957.005231
262.776200 19457.887596 19284.949848
263.778761 18768.860175 19452.640501
264.780213 18748.925611 19021.027035
265.781655 19183.414172 18727.227665
266.783809 19368.783618 18911.618886
267.800330 19677.758900 19210.790403
268.802992 19142.103079 19631.605927
269.803126 19224.536929 19451.810066
270.803567 18785.603599 19346.310777
271.806483 19210.508736 18933.917673
272.810402 19018.531238 19009.321455
273.811079 18972.651161 18953.337043
274.813572 19432.709293 18907.233328
275.816285 18434.484740 19245.579528
276.819462 18964.289915 18712.866654
277.822094 18532.333894 18774.268620
278.824781 19372.926248 18528.507911
279.825850 19039.708352 19037.028318
280.826054 20029.895450 19125.349582
281.828041 19773.487605 19890.740230
282.831054 19722.974077 20115.918475
283.832928 18824.796683 20105.014734
284.837275 19462.001587 19330.419654
285.837445 19832.148324 19294.620049
286.859056 19914.420403 19596.175684
287.862622 19535.754344 19867.650720
288.864131 19736.057855 19731.081115
289.865769 19342.558121 19764.192253
290.867759 19132.846911 19478.589422
291.869933 18492.821260 19144.496774
292.872362 19055.724111 18494.518746
293.874455 18183.042470 18591.282499
294.876757 18152.095800 18101.263547
295.876897 18909.474299 17853.488800
296.879366 19331.161520 18372.287050
297.881430 19600.608346 19082.248403
298.881982 18887.412312 19701.542479
299.883057 19546.596476 19451.058958
300.883148 18960.057267 19679.293658
301.883311 19926.348189 19320.332307
302.887806 18866.816796 19775.501062
303.888413 19117.141376 19246.148677
304.889563 18469.115677 19074.382949
305.890100 18462.381735 18513.170418
306.892700 19087.736464 18216.500010
307.893906 19080.501637 18598.651285
308.895794 19456.641436 18906.572096
309.896344 18440.350122 19386.119736
310.898138 18763.563683 18881.305496
311.900847 19317.615640 18761.069703
312.902005 19489.929000 19117.114269
313.905179 18914.966006 19474.496915
314.907599 19380.038221 19225.824014
315.907730 18881.427272 19372.577222
316.909057 19234.921661 19073.860865
317.910987 19335.915272 19141.515079
318.939406 19524.620900 19274.439040
319.941766 18823.942776 19497.799300
320.944337 18655.531886 19090.676237
321.964724 18980.780800 18694.123173
322.967069 18856.533279 18730.135504
323.967161 18518.042787 18717.617353
324.969478 18555.927427 18492.219390
325.970900 18965.070155 18414.389738
326.973554 19759.701847 18717.716380
327.974014 18565.312575 19527.191914
328.976261 19371.088899 19094.265210
329.978805 19419.108904 19349.895943
330.979307 19417.990578 19519.024552
331.982192 19116.801472 19577.771200
332.984604 19301.713392 19341.307539
333.985954 19135.350759 19305.633132
334.986087 18627.230475 19162.044018
335.987901 17704.074527 18702.485934
336.988182 19195.878114 17761.526066
337.989134 18665.086720 18395.535937
338.989354 18332.821124 18514.532872
339.990477 18983.905189 18362.470604
340.991817 19048.335009 18767.340149
341.994207 18817.960987 19072.238547
342.995629 20029.375119 19045.931345
343.995783 19280.125023 19884.345753
344.997283 19363.567224 19777.872727
345.998099 18420.346554 19662.780939
346.999964 18823.242245 18823.016113
348.000431 18859.185680 18604.638079
349.000449 19253.879022 18577.057680
350.001095 19572.370170 18929.819487
351.003625 18774.681979 19426.083635
352.004175 19035.449655 19112.521199
353.005296 18558.945007 19066.855934
354.015681 19287.374918 18678.793245
355.016042 20033.620529 19001.122275
356.017587 19187.717011 19793.534158
357.020900 19044.030720 19615.334054
358.022606 19119.927232 19311.565024
359.023639 19182.703044 19149.719316
360.023645 19468.268825 19108.430301
361.024087 18532.756997 19320.528314
362.026636 18905.276490 18761.878578
363.028238 19351.521861 18704.662934
364.030158 19117.713010 19060.892530
365.030168 19110.163146 19136.308022
366.031112 19652.010590 19163.704617
367.033733 19678.975633 19570.403130
368.036091 18830.220205 19814.378034
369.037935 18945.023208 19265.948314
370.041143 19202.904367 18968.903680
371.041805 18602.323677 19007.822114
372.044758 19346.523509 18625.616377
373.046793 19037.628458 18986.840207
374.048126 19149.759904 19025.701659
375.049868 18970.563148 19132.212670
376.050738 18647.327172 19055.457417
377.053557 20089.247602 18753.429241
378.054009 19840.238600 19657.329959
379.056963 19039.429610 20030.502976
380.059107 19115.199005 19568.916649
381.061522 19344.862183 19262.578772
382.063056 20162.135591 19244.812275
383.064276 19351.576168 19873.896560
384.065378 19740.054943 19652.578892
385.065786 19379.627675 19758.028459
386.066856 19198.766488 19535.939412
387.098362 19030.826502 19250.171065
388.101375 18938.785051 18968.480757
389.101706 18972.006117 18774.190951
390.105177 20132.968042 18743.110372
391.107399 18322.653048 19655.515463
392.108697 19377.564356 18873.344908
393.111125 19014.492122 19135.770146
394.113654 19331.661360 19055.127142
395.115485 19251.784492 19242.523814
396.117126 18833.230619 19298.598885
397.123615 19143.517042 19001.017418
398.126146 19206.423469 19042.994802
399.127086 19700.294951 19136.293874
400.128389 19641.426674 19570.879421
401.324565 19376.951027 19776.374868
402.325421 20348.650468 19647.028809
403.326520 19095.131863 20243.610914
404.327595 18539.390127 19628.022902
405.329677 19005.980625 18770.199834
406.332404 19555.546282 18633.528747
407.334433 19636.625346 19070.480416
408.337248 18920.120006 19471.032014
409.340101 18995.953177 19175.327142
410.342131 19012.717968 19020.547799
411.342473 18904.036108 18949.583066
412.343210 19287.511127 18848.373030
413.345953 18783.127881 19099.290045
414.348739 18750.291796 18893.516389
415.350569 18563.546743 18738.405371
416.353102 20256.923001 18523.762678
417.353407 18968.465801 19696.419541
418.353582 19497.245329 19456.530938
419.366780 18039.512531 19611.154998
420.370852 19283.239349 18566.690012
421.371864 18668.646627 18845.458263
422.375002 18485.182670 18633.343118
423.377480 19156.385484 18398.513455
424.379616 18983.926755 18806.168038
425.379900 19355.565994 18968.205644
426.380773 19382.968515 19331.884154
427.384351 18884.515917 19540.195760
428.385469 18622.148548 19231.205303
429.386437 18964.195978 18793.262201
430.388713 19717.031760 18788.047810
431.391086 19185.999841 19394.104492
432.393343 19205.904501 19379.590711
433.395471 19590.060643 19338.864599
434.396453 18833.468118 19573.378624
435.414494 18889.238164 19127.361747
436.416895 20240.146493 18872.707437
437.419362 19228.749012 19762.694210
438.420398 19202.353326 19568.502557
439.424600 19771.644960 19366.671579
440.425857 18997.741104 19651.645253
441.427091 19330.592618 19243.704125
442.429808 18781.887057 19227.881441
443.432767 19569.949599 18834.118722
444.434758 18784.394323 19215.226353
445.435194 18603.532135 18905.294523
446.436477 18478.365554 18584.456917
447.437422 19035.677978 18334.931983
448.437475 19486.471661 18664.012226
449.438386 19151.648954 19259.564048
450.447099 19183.620842 19362.949832
451.447720 19784.030302 19385.796420
452.449653 18477.037266 19796.982915
453.450477 19299.039803 19019.093232
454.452727 19679.108916 19111.136302
455.454124 18499.640504 19489.185547
456.456355 18387.260494 18841.089703
457.458776 19361.123295 18347.394473
458.459538 19231.933274 18840.910464
459.460644 19095.739762 19120.829152
460.463073 19507.044476 19186.419392
461.464676 17906.385003 19505.023140
462.466030 19092.889209 18464.335744
463.469663 20004.286020 18694.382515
464.473053 18479.627103 19592.580182
465.473364 19561.110172 19001.111287
466.473477 18631.131908 19386.118096
467.495838 19078.888526 18924.885821
468.497872 19240.001334 18956.648669
469.499897 18757.077428 19123.924663
470.502827 19104.755945 18874.388899
471.506157 19681.403550 18981.052036
472.507967 20177.581711 19497.795286
473.525335 19455.092284 20174.202598
474.527998 19471.621331 19971.383962
475.531659 19623.376795 19753.298510
476.539836 19346.745796 19687.653086
477.539966 18465.927111 19431.288053
478.541971 18730.342433 18621.355958
479.549586 18454.389033 18375.844190
480.550960 18847.928760 18134.747817
481.551636 18244.949045 18389.264730
482.552040 19280.189495 18178.954407
483.554731 18982.631175 18866.728243
484.557516 18335.832459 19090.811734
485.558954 18815.623620 18690.709302
486.561571 18659.292081 18761.782247
487.564406 19743.245502 18693.530408
488.566644 18787.236613 19463.809972
489.583600 19311.725884 19201.801971
490.585380 18195.846331 19360.523583
491.589210 20049.533611 18590.775300
492.591945 18599.532726 19497.434376
493.592780 18759.883806 19001.288059
494.594275 19498.438064 18773.039377
495.594386 19303.065769 19209.541837
496.597343 19210.398077 19353.487902
497.603906 19111.953828 19343.354633
498.606268 18959.386186 19231.215672
499.607959 19458.515650 19030.904999
500.610124 19342.140009 19287.217058
501.611014 19578.988548 19370.916004
502.618202 19296.881040 19583.207883
503.619456 18615.857079 19476.718358
504.620961 19524.881513 18867.746295
505.622963 19660.865673 19182.056285
506.624201 19446.314168 19526.905707
507.626496 19000.350390 19571.906781
508.628226 19762.128138 19228.536331
509.629135 19513.948070 19571.137932
510.632440 19170.729666 19604.051232
511.633013 19698.209502 19340.568289
512.636031 20268.759303 19561.977039
513.637014 19267.001040 20134.651880
514.639433 19812.323818 19703.197459
515.641213 19699.950357 19787.413227
516.642749 18690.613927 19751.468664
517.644356 19399.604699 18963.614483
518.668807 19841.761638 19033.180332
519.669583 18783.597049 19491.187053
520.670301 19262.367316 19014.210618
521.670402 19386.824028 19077.146708
522.672417 18795.150799 19248.262439
523.674506 18895.648960 18924.705781
524.679082 18641.445298 18805.912326
525.679550 19237.508533 18578.297011
526.682539 19539.255451 18927.323851
527.683305 18895.330731 19405.693631
528.683410 19306.203043 19195.325435
529.683956 18537.729082 19323.296896
530.687409 18504.543710 18806.653692
531.687878 18785.562845 18456.211908
532.689995 18721.572900 18503.838319
533.691795 19047.423880 18550.090197
534.692810 19171.454539 18860.475046
535.695440 19162.670278 19155.427674
536.698289 19540.512125 19300.322508
537.698624 18905.234678 19621.738252
538.700388 19616.142442 19285.681508
539.702185 19223.037706 19555.722251
540.704816 19288.592629 19411.019119
541.705024 20148.804187 19340.838391
542.707819 18823.606239 19937.845256
543.708659 18473.438481 19295.189960
544.709623 19117.402974 18593.340563
545.709660 18504.135872 18695.413714
546.711968 19446.887201 18391.997278
547.713703 19272.323752 18975.387205
548.731242 19475.907836 19254.034581
549.733420 18302.413455 19550.618624
550.735779 19629.124066 18800.112163
551.737076 19730.719057 19295.467214
552.739029 19008.912940 19702.755195
553.739398 18254.695303 19372.035563
554.739966 19411.204485 18550.231864
555.742104 19418.450953 18932.827761
556.743222 18938.676958 19249.154741
557.744744 18527.478092 19089.811788
558.749045 18850.826108 18663.957454
559.750111 19432.851361 18659.421459
560.751490 19526.580543 19141.523564
561.753090 19711.118192 19525.703452
562.753588 18900.034721 19856.415905
563.755580 19403.593343 19377.135100
564.755938 19320.847496 19395.888570
565.757309 18828.034628 19345.132113
566.758830 20441.136769 18944.073079
567.759708 19356.891253 19924.360555
568.760661 19514.360070 19730.514209
569.764589 18999.973714 19658.286910
570.766370 19226.219595 19200.401784
571.766933 19652.474225 19091.036614
572.770404 18919.431513 19389.840747
573.773221 19102.270617 19055.119149
574.775501 19108.385887 18990.965769
575.777693 18360.529055 18991.301743
576.780012 19806.501143 18459.848142
577.782255 18441.767671 19253.770636
578.786667 18754.806383 18765.364405
579.787392 19040.360178 18675.041140
580.790207 18818.517400 18863.986165
581.791473 18354.522906 18836.170097
582.791768 18622.926914 18469.853018
583.792368 19428.678550 18459.164957
584.794376 19182.996036 19099.075143
585.797794 19431.596293 19317.169202
586.801279 19115.096970 19579.123133
587.802306 18037.337711 19435.843896
588.803574 19020.591882 18475.698102
589.806359 19193.857827 18623.475735
590.808036 20090.923106 18926.593047
591.809669 19603.610045 19817.766857
592.810705 18827.791037 19966.158029
593.813879 19206.028471 19367.852362
594.816289 19039.310685 19217.362274
595.817778 18249.561550 19014.245439
596.819212 18895.925960 18326.641482
597.820041 18893.248944 18448.342828
598.821788 19069.913620 18619.081522
599.823680 19605.070728 18905.491231
600.826404 19420.005422 19491.169514
601.827138 19637.938891 19673.684980
602.829162 19858.512311 19864.972925
603.831828 19004.944061 20069.288454
604.834582 18745.619793 19478.575995
605.836304 19322.425950 18870.318581
606.837409 19681.921048 18967.619795
607.839645 18771.879675 19374.593264
608.842596 18505.963789 18972.380915
609.843448 19281.749351 18521.712516
610.844662 19357.305150 18874.280306
611.845456 19675.330080 19209.098312
612.846718 18969.683209 19652.077722
613.847296 20161.144475 19350.145363
614.849928 19445.479337 19997.659595
615.851009 19168.470906 19825.539077
616.854933 19571.816495 19436.707560
617.857100 19117.573854 19477.741830
618.858562 18981.981584 19181.095650
619.859896 19059.569556 18915.197909
620.862469 18773.552117 18857.135936
621.863705 18178.898965 18664.200276
622.864676 18832.042446 18149.080542
623.868024 19214.673002 18388.832891
624.868969 18845.758437 18906.484372
625.869938 18716.502620 18965.671346
626.871179 19246.308135 18868.344743
627.873022 19495.726738 19179.075047
628.876200 20180.006268 19538.312423
629.876232 18501.889930 20220.494337
630.877049 20190.686391 19292.876023
631.881370 19145.165515 19897.917689
632.881682 18758.565292 19489.490040
633.883687 19939.772453 18909.244917
634.884268 19325.780167 19467.357820
635.885424 18610.135764 19404.023715
636.889429 18915.821556 18816.062474
637.890958 19984.149482 18699.864520
638.892725 18698.985338 19497.000746
639.894639 19405.683289 19053.482935
640.895859 19318.283265 19273.123094
641.898736 19086.646552 19350.533204
642.901076 19944.686172 19207.448239
643.902264 18342.450560 19749.235051
644.903849 18830.095787 18867.314528
645.905697 18637.876645 18660.872194
646.908376 19017.335269 18455.792569
647.909958 19545.813336 18683.367744
648.911093 19367.084822 19277.005763
649.915091 19890.734722 19506.980280
650.915437 19323.814756 19979.731099
651.915884 18838.975409 19768.667440
652.916635 19298.067861 19188.292929
653.919486 19107.157653 19155.095633
654.919494 19115.525487 19031.057386
655.924721 18144.236239 18994.339204
656.925733 19382.013910 18277.809749
657.926592 18349.829293 18814.484896
658.929820 18124.899398 18450.566260
659.932388 19143.649347 18074.725279
660.934561 19008.557433 18663.410780
661.938723 20162.468134 18976.494237
662.940508 19377.598089 20006.484791
663.942262 19029.590233 19971.823369
664.944863 18537.351315 19544.930446
665.947581 19501.688116 18833.469743
666.952086 19212.006965 19126.962386
667.953138 18602.969727 19150.129276
668.953976 18382.763597 18720.404215
669.957288 19446.492440 18311.028465
670.958856 19548.090773 18922.071005
671.961748 19530.346768 19434.896384
672.961883 19344.892127 19706.299667
673.964100 19977.990756 19658.922103
674.964562 19193.228033 20031.549799
675.966419 19409.376794 19615.901843
676.967096 18725.716181 19464.520984
677.968609 19424.118075 18862.299048
678.971880 19285.734614 19050.843783
679.976981 19094.212570 19134.647128
680.978336 19045.287196 19070.679139
681.978568 19626.088069 19007.884471
682.980356 18965.752312 19421.438474
683.982302 18908.516508 19184.126056
684.985811 19014.833863 18967.949558
685.989990 19993.629702 18924.741063
686.992081 19003.194871 19659.756895
687.993499 19372.404360 19367.906889
688.996852 19543.084452 19407.710998
690.000731 19087.807216 19546.796463
691.002422 19724.653111 19273.953265
692.004951 18910.907133 19568.629575
693.008420 18938.207117 19144.664131
694.009525 18640.232080 18894.717147
695.009743 19433.720973 18557.134870
696.010893 18744.958926 19004.234703
697.011868 19491.760480 18818.584652
698.012011 19246.149787 19267.454361
699.014340 20222.150905 19363.757725
700.014688 18929.948014 20114.508261
701.016423 18293.433239 19547.642022
702.017141 19551.492210 18632.399319
703.019082 18977.876399 19033.580676
704.022677 18807.493940 18933.437379
705.023418 19475.986591 18766.688642
706.023808 18628.999856 19194.885086
707.025835 19357.123958 18844.018633
708.027827 19934.660167 19160.923789
709.029502 19246.262832 19801.578566
710.031473 19543.663924 19638.878353
711.034346 18534.162192 19682.425186
712.035681 19640.978912 18912.381988
713.037265 19457.703491 19262.917979
714.038713 18795.285615 19395.244643
715.039030 19439.877105 18980.209279
716.039815 18442.672028 19209.904299
717.041353 19340.983250 18634.341202
718.042098 20135.773438 18972.375777
719.043412 18688.624263 19829.637574
720.045252 20078.947097 19249.440557
721.046857 18148.148146 19861.880100
722.047179 19015.793338 18774.267408
723.050396 20275.292776 18724.665141
724.050581 19250.721410 19717.270634
725.051356 18517.966934 19584.650392
726.052009 19424.407885 18885.292169
727.054269 19323.565804 19123.612462
728.058245 19631.974329 19242.339903
729.058428 19207.013589 19553.316493
730.059960 19545.650305 19409.748691
731.061559 18903.718592 19541.258552
732.063109 19711.502960 19126.662636
733.064510 19168.506175 19469.466943
734.066462 19071.099154 19294.130512
735.068251 19103.299103 19102.000947
736.071830 19222.335768 19022.360678
737.073570 19993.544280 19092.052648
738.074931 19055.145482 19737.875797
739.075614 18321.106300 19420.905394
740.080460 19980.111602 18620.450828
741.083920 19600.036637 19389.641389
742.084623 19066.924621 19636.797999
743.086354 19284.798757 19351.351952
744.090062 19963.251330 19300.927698
745.092311 19862.503689 19780.522765
746.093158 19539.585822 19990.441709
747.094925 19367.056923 19821.228276
748.096904 19011.394677 19536.814271
749.100219 18084.016448 19085.421248
750.102812 19202.695298 18145.684422
751.104774 18774.265541 18499.408152
752.106556 19673.875276 18530.769486
753.108703 19344.572581 19282.031468
754.111417 19392.540303 19508.646390
755.114675 19505.096850 19616.911190
756.115337 19459.057403 19699.368279
757.116324 19178.023404 19657.499381
758.118476 18420.691436 19376.178938
759.118983 19427.557981 18617.980857
760.122262 18928.924641 18944.709370
761.125588 19154.148712 18854.810774
762.125647 18959.077556 18997.307996
763.127132 19663.717022 18961.463419
764.130248 19192.550392 19471.424265
765.133416 18659.910995 19421.102904
766.136567 18991.079487 18939.324548
767.137361 19272.512079 18876.958351
768.139155 19343.011544 19085.379980
769.140520 19501.808490 19289.248418
770.141102 18737.718024 19523.721128
771.144011 19811.020335 19062.411474
772.146953 18902.847065 19555.560018
773.147323 19032.192061 19184.869416
774.147484 19013.277784 19026.027275
775.149068 18664.432454 18933.961693
776.149836 19792.818514 18646.123927
777.151328 19033.835870 19353.071721
778.154905 18587.251374 19247.245333
779.155907 19191.229427 18806.041401
780.159034 19004.957586 18983.725468
781.161207 19007.874527 18984.739611
782.164672 18285.321478 18992.488881
783.166317 19018.875729 18458.295142
784.169712 18922.937043 18698.120544
785.169894 19049.438446 18826.268027
786.170146 19303.436641 19009.385075
787.171337 19503.930693 19301.455588
788.175040 19462.553742 19598.356647
789.176984 19431.054874 19692.167974
790.179905 19427.252359 19658.045929
791.180540 19705.522718 19581.385256
792.184020 19544.100721 19713.224465
793.184427 18148.447323 19656.152135
794.185287 19053.513975 18552.863068
795.188273 19504.858194 18578.914587
796.189840 19371.595198 19049.098358
797.192101 19584.232949 19298.182955
798.194615 19087.360968 19600.556628
799.197186 18958.433723 19375.008559
800.197871 18707.784278 19093.627192
801.199067 19271.734248 18731.151059
802.201126 18722.732605 18967.033774
803.202812 19397.322002 18749.399018
804.202957 18942.000862 19139.857084
805.204738 18636.385148 19057.961492
806.206396 18937.592757 18758.811753
807.208618 18410.634541 18804.535939
808.209981 19123.461255 18465.443574
809.210891 19827.840150 18816.815169
810.211314 18511.475033 19597.446659
811.214300 19450.872109 19058.086940
812.216055 20106.872821 19356.301910
813.218609 19050.940671 20021.052479
814.220516 19471.524554 19582.933736
815.222221 20044.486690 19546.314011
816.224616 20183.084580 19939.028386
817.227084 19245.953225 20265.698567
818.228978 18927.600584 19705.531644
819.231209 19252.673897 19071.789098
820.232885 18944.419574 18962.675681
821.235540 18841.340502 18749.427784
822.238044 19426.256870 18614.242479
823.239360 19404.749830 19042.111608
824.241054 19693.697517 19335.952208
825.243559 18826.429785 19716.782679
826.244882 19131.630943 19250.975825
827.245168 20028.392876 19140.836757
828.246747 19864.177817 19756.037218
829.250046 18524.867482 20008.565069
830.250147 18460.943887 19094.249430
831.253595 18986.343144 18446.803428
832.254478 19089.033192 18520.664984
833.258057 19141.075748 18751.032838
834.259128 18796.099272 18989.748771
835.262668 19673.401923 18888.206124
836.264551 18256.531157 19472.385076
837.266984 18896.986650 18752.075689
838.268210 19168.046745 18748.376482
839.268886 19128.549992 18986.974492
840.270285 17786.336878 19121.918996
841.272461 20339.622934 18184.389161
842.273926 18283.621045 19531.075714
843.276893 19084.956151 18864.554380
844.279242 19146.742474 18987.061708
845.281961 18501.696189 19119.128725
846.282419 19138.887845 18708.280957
847.282449 19172.408816 18929.104623
848.284315 18994.688885 19117.102990
849.285960 18692.657301 19091.638681
850.289769 19562.496914 18828.145390
851.290798 19203.659201 19314.906432
852.293381 19469.711469 19351.056289
853.293988 18967.899695 19531.821146
854.294979 20159.985861 19230.317325
855.297984 18928.511059 19908.025631
856.298600 19770.411562 19386.263740
857.302393 18884.755846 19642.370002
858.304704 19565.122997 19138.191735
859.306574 20044.056742 19333.018993
860.307111 19459.244895 19847.658932
861.309751 19551.899355 19715.469468
862.309758 19414.535776 19654.809438
863.312822 19914.614164 19495.729218
864.315681 19522.342867 19770.949538
865.317504 19077.786352 19650.272382
866.318757 19239.320481 19224.534039
867.319797 18694.159099 19096.128543
868.324036 18961.497609 18658.852742
869.325215 19936.559606 18649.545314
870.327069 19310.876927 19454.176171
871.330099 19862.276764 19507.825449
872.333324 19247.601116 19898.962835
873.333623 19125.617971 19624.353274
874.334770 19332.641927 19301.373096
875.335824 18014.506623 19251.212192
876.335837 18898.700898 18257.887696
877.337990 19631.826432 18363.525886
878.340748 18704.098266 19099.982885
879.343047 19099.155425 18905.376146
880.345843 19479.993463 19054.046176
881.349599 20120.636861 19425.287032
882.350628 19151.848320 20105.066616
883.352647 18700.398839 19722.257563
884.355900 18599.925160 19049.663615
885.358860 19296.479273 18550.695189
886.359707 19205.524828 18835.934052
887.360625 18636.593227 19025.473956
888.361569 19196.201097 18738.557925
889.364802 18805.955914 18989.314637
890.365877 19360.382179 18873.730721
891.366988 19138.520185 19214.814760
