3.052591 18885.179210 0.000000
4.053158 18670.900427 18885.179210
5.056231 19374.831124 18456.621643
6.059299 19534.418129 18930.999971
7.061506 19297.447068 19398.837176
8.062689 19321.749779 19488.922721
9.063544 19244.745161 19504.323614
10.064942 18305.184926 19408.627138
11.065789 19239.816927 18615.138229
12.067370 19020.848944 18841.879450
13.069766 19989.865693 18890.508443
14.070468 18524.996642 19674.170626
15.075214 18615.903961 19046.273696
16.075993 19093.305413 18670.186457
17.079890 19712.324042 18826.623302
18.080114 18980.506391 19435.776225
19.083132 18725.912294 19260.626401
20.083389 19437.770441 18912.075915
21.084033 18940.142818 19225.153376
22.084731 19498.291356 19061.625656
23.085202 19246.739363 19368.102490
24.087137 18350.504707 19365.224129
25.089311 19451.576156 18661.987764
26.090086 20212.648786 19058.302405
27.090383 19111.820863 19925.582635
28.093782 19135.253572 19605.368346
29.095034 19270.059041 19339.448863
30.096377 21124.573812 19256.544400
31.099563 19672.349723 20609.356907
32.100546 19022.348024 20325.399321
33.104847 19196.767269 19532.656854
34.107427 19334.859308 19139.522846
35.110296 19515.800061 19060.835978
36.111854 18834.536941 19225.703941
37.112990 19113.714196 18869.714612
38.115227 19484.406407 18892.308471
39.118687 18771.334049 19236.975990
40.119127 19630.109507 18936.363085
41.134392 19210.235860 19388.880968
42.137161 18814.119264 19360.541808
43.138523 18757.515977 19011.708294
44.139379 19121.450542 18745.441814
45.142329 19656.943502 18888.278039
46.144777 19308.741747 19419.608997
47.169563 19907.900713 19483.456786
48.172634 18891.922403 19921.071145
49.174732 19547.383002 19374.601984
50.175314 19629.327754 19472.292958
51.176571 19496.435989 19601.369520
52.177700 18837.734039 19573.228535
53.178639 19643.315931 19045.933444
54.179231 19328.774367 19334.422467
55.180800 18673.230415 19319.984170
56.182960 19554.703609 18823.304608
57.185695 19120.778030 19198.551174
58.188240 19576.204044 19149.768381
59.188492 19297.238586 19459.698908
60.191284 18576.216461 19434.566361
61.193106 19833.484468 18846.901551
62.193256 19235.597270 19428.348879
63.196240 19720.724018 19371.941041
64.196358 18439.622722 19673.496241
65.199978 19597.118314 18875.254813
66.200335 20304.062253 19235.347770
67.201401 19709.676332 20036.044839
68.204021 19622.974040 20057.608286
69.208166 20190.806121 19916.380302
70.210263 19467.866059 20198.288805
71.213379 18529.048265 19795.167339
72.216664 19239.415175 18807.667941
73.218117 18659.122348 18777.038505
74.218358 18595.680768 18442.098335
75.221957 18717.709115 18281.303068
76.222714 19726.100683 18371.021120
77.225093 19360.114775 19258.845821
78.227067 18516.901245 19545.082456
79.235520 18488.462747 19009.548706
80.236150 19307.212683 18597.291092
81.238004 18995.737640 18978.017651
82.240335 19538.898049 19017.073406
83.240967 19515.801345 19438.637649
84.242650 19125.070703 19657.162343
85.268324 19683.762180 19438.036459
86.271248 19674.014858 19669.250685
87.272193 19097.837295 19781.175181
88.279891 19398.521686 19378.214176
89.281208 19281.737623 19332.152746
90.282256 19700.397066 19238.126219
91.285384 19580.732171 19516.010389
92.287109 18825.165232 19611.300472
93.289496 19346.182001 19084.628234
94.292139 18023.191599 19147.188941
95.306857 19131.836774 18235.974758
96.308592 19853.058451 18558.655758
97.311303 18773.296539 19404.207770
98.313036 19469.189862 19129.375012
99.316414 18910.678332 19424.859007
100.319649 19270.101425 19164.800071
101.320648 19534.411162 19240.807488
102.322340 19145.247650 19484.366983
103.325504 19756.955734 19326.785141
104.327780 18781.240501 19661.390910
105.329936 19157.591741 19120.798577
106.330664 19578.229734 19047.876321
107.332237 18040.624373 19354.322542
108.333159 18322.321923 18410.318430
109.334869 19220.207841 18057.166022
110.337046 19143.796777 18620.293232
111.337864 20179.981697 18994.527191
112.340455 19637.678446 19996.100257
113.344373 19391.035333 20136.129712
114.346869 18587.111545 19896.549288
115.347324 20047.683802 19047.437746
116.349760 18741.414091 19603.229618
117.350381 18438.585236 19012.536817
118.352793 18741.643287 18422.288093
119.354718 19269.196169 18358.531555
120.357042 18823.388321 18818.095881
121.360449 19200.458077 18826.297229
122.363596 19063.824053 19112.472994
123.364472 18050.306649 19175.081629
124.364721 19670.681239 18418.433499
125.366878 18686.692444 19163.358665
126.368821 19515.766542 18924.660295
127.369488 18607.813061 19367.624720
128.372219 18848.032719 18945.177278
129.373267 18633.827336 18829.777246
130.374737 19180.981738 18615.987061
131.375068 19635.144153 18923.917838
132.375673 19184.187839 19482.771014
133.375958 18844.407293 19462.073651
134.377513 18027.971861 19127.418107
135.378523 19183.526383 18277.011057
136.379901 18701.911249 18656.213625
137.382598 18979.774900 18616.431748
138.383685 18568.039913 18826.308423
139.386198 18711.698411 18660.812139
140.386231 19076.446703 18662.614814
141.387924 19929.197368 18949.348270
142.390539 19183.350878 19764.052605
143.392462 19977.905852 19653.306095
144.393171 19650.523225 20076.360267
145.396234 19740.008913 20017.736779
146.398199 18793.540164 19963.735912
147.399346 18838.773600 19170.952168
148.402386 19427.569889 18714.132372
149.405854 18100.213301 18958.479997
150.408806 19022.735101 18202.408842
151.410920 20327.047687 18490.715729
152.411579 18422.035592 19746.108455
153.412521 18188.309327 19090.280555
154.414479 19280.235388 18420.010665
155.416652 19326.265965 18845.894932
156.418414 19124.486669 19201.945112
157.419782 18971.580564 19259.715943
158.422441 18529.667861 19140.114461
159.424513 19526.684248 18706.745719
160.427340 19488.247913 19193.554174
161.429746 19213.171446 19491.413668
162.432061 18376.978983 19433.244627
163.432564 19384.282108 18721.997463
164.433962 19224.271625 19035.596605
165.436852 18565.127529 19159.559689
166.440903 19182.599730 18743.361144
167.441018 19361.043690 18953.807618
168.443871 18044.465669 19250.061853
169.444921 18800.939264 18438.500914
170.447318 19659.145514 18501.566829
171.449085 18775.426106 19251.597583
172.450682 18916.816984 19065.710387
173.452622 18525.693417 19006.238878
174.455663 19159.075114 18660.804974
175.456124 19317.720117 18929.346406
176.457443 19281.553279 19240.033051
177.460032 19293.816149 19387.673011
178.462462 18972.430418 19444.160211
179.464850 19048.625690 19193.778497
180.467319 19404.034799 19070.397074
181.467876 19225.005384 19269.820349
182.468117 19379.285100 19268.813537
183.469797 18848.625329 19373.067880
184.470856 19792.987125 19028.754528
185.472095 19460.156439 19519.836900
186.472543 19043.885744 19584.042627
187.474015 19762.571329 19272.970923
188.475679 19669.346780 19599.177964
189.487935 18762.893242 19733.211415
190.488559 19387.831582 19104.421828
191.489836 19386.145348 19173.348643
192.492167 18309.008898 19260.168109
193.495400 19329.434388 18527.219815
194.495679 19146.435712 18871.512056
195.497407 19590.705133 19020.889753
196.499575 19483.322209 19460.167157
197.503910 19496.266198 19631.903160
198.504119 19238.185101 19690.333915
199.506291 18563.615669 19477.471541
200.508465 19338.519046 18805.291670
201.509774 18995.010983 18989.960267
202.512143 20188.540983 18911.803213
203.514522 19769.055969 19788.674128
204.516558 20019.225843 20012.462539
205.516994 18846.346902 20251.132507
206.520017 19469.146877 19432.831620
207.521133 18863.165266 19344.159978
208.521754 19384.622113 18876.584674
209.523532 19238.958513 19030.534805
210.524107 19184.789475 19086.783997
211.551139 18715.196043 19112.325444
212.553708 18816.438132 18791.017101
213.554373 19042.204456 18687.339231
214.554523 18638.104609 18837.099765
215.557547 19220.218289 18660.181319
216.558232 18980.542452 19002.788179
217.561083 19521.793477 19048.692258
218.563274 18405.353633 19460.545115
219.566091 19506.994845 18844.453751
220.577641 18564.141821 19252.863949
221.579678 18945.940079 18813.462004
222.582530 18694.730033 18817.779679
223.586224 18805.683522 18663.571082
224.586631 18727.057347 18677.471638
225.590025 19750.975996 18657.505256
226.590856 18478.413036 19432.849074
227.592684 19453.216073 18945.630494
228.594045 19610.881200 19316.319117
229.595868 19509.100769 19654.136513
230.596570 19094.509726 19735.896059
231.600613 18506.570025 19409.133727
232.602228 18112.374619 18726.141786
233.605594 19290.588974 18034.106320
234.608352 18587.236593 18591.316428
235.611114 19340.382412 18517.225333
236.613846 19214.288185 19062.541965
237.615875 18998.902666 19310.089722
238.617030 19549.532225 19248.374077
239.619403 18851.102312 19568.120571
240.621001 18946.197627 19199.524297
241.621711 18898.876418 18999.442150
242.624490 18886.991302 18850.599039
243.624996 18587.159576 18779.332991
244.627309 19441.025286 18545.740751
245.629649 19379.610624 19079.698619
246.630996 19839.164206 19390.948223
247.631833 18336.195893 19888.403812
248.633802 18586.905059 18997.595470
249.637501 18858.708336 18574.873280
250.640558 19492.142756 18570.372587
251.641419 18966.995078 19115.281993
252.644085 18370.397843 19088.091128
253.645927 18994.295243 18596.773757
254.646526 18850.567429 18762.444143
255.649162 19057.656665 18795.446250
256.651425 19098.087859 18981.044526
257.652477 18364.245592 19123.320094
258.654983 19541.129658 18637.768119
259.659062 19347.765198 19209.274549
260.661513 19639.937599 19432.968196
261.663746 19286.950293 19742.643571
262.664145 19287.444478 19607.064286
263.665329 19305.125783 19459.616784
264.669633 18928.355783 19356.110936
265.672676 19009.403134 19009.034223
266.675110 19714.885866 18876.111770
267.676647 18791.807508 19372.085433
268.678945 19938.495424 19013.463605
269.680434 19875.533934 19638.754603
270.680903 19290.461905 19979.114191
271.682269 19016.022450 19684.594898
272.683821 18621.505708 19232.972412
273.693275 18653.557048 18657.036122
274.694044 18892.288281 18384.223878
275.697273 19398.107445 18494.199474
276.697556 19498.611016 19028.073846
277.719108 19613.991213 19462.897110
278.720883 18762.240670 19775.772367
279.740392 19558.794523 19252.951800
280.749901 20114.764349 19466.279123
281.752570 19156.161070 20013.049005
282.753453 19154.484123 19592.910322
283.753603 18877.180663 19272.395957
284.754950 20018.102573 18874.683221
285.758549 18818.282217 19532.142647
286.761340 20438.798121 19082.497074
287.762631 19091.408976 20007.007501
288.763441 19899.537060 19566.668511
289.765080 19312.687209 19833.780195
290.767714 18551.103762 19543.637865
291.798214 19583.143879 18769.641451
292.798569 19735.699211 19102.038909
293.799170 19382.082125 19502.930380
294.799601 20023.615268 19496.355508
295.802672 19797.349593 19945.649584
296.805736 18181.159427 20020.088786
297.807601 19199.559772 18789.480965
298.808968 19656.782937 18785.896929
299.816973 18959.092162 19230.437995
300.818970 18818.504134 19036.026682
301.819889 18888.044939 18814.146375
302.823322 18632.154645 18756.451265
303.825422 19678.935085 18568.584407
304.826954 18905.475091 19275.628868
305.827461 19067.614998 19149.882657
306.828429 19789.782722 19147.512591
307.829495 19428.441298 19667.978952
308.831209 18156.746021 19687.657008
309.832346 19080.412955 18678.920650
310.834012 18676.393968 18736.759014
311.835959 18843.387187 18548.577442
312.838505 19490.199468 18611.685701
313.841611 19711.352969 19186.274413
314.842791 19030.053041 19715.415159
315.846722 19635.389200 19467.995038
316.849103 19184.926619 19688.801598
317.852702 18541.575375 19448.004843
318.852776 19345.583181 18779.323476
319.853044 19583.081553 18988.551622
320.853582 18779.179062 19360.547364
321.855272 19172.444378 18999.251914
322.857293 19506.206444 19058.534963
323.860021 19908.192577 19366.975391
324.861030 18950.609238 19857.492968
325.861413 20063.013683 19397.239154
326.863386 19482.189270 19889.758102
327.865692 18521.073903 19743.713162
328.866352 18840.942623 18884.473193
329.866849 19049.775062 18603.904926
330.868584 19526.085825 18679.504546
331.870576 19245.691991 19167.105058
332.871155 19653.371294 19290.355129
333.871405 18795.462714 19646.573858
334.873690 19450.597340 19182.951146
335.875517 19071.920380 19345.618652
336.876773 19273.685480 19169.189357
337.876898 19004.368315 19207.981290
338.878581 19059.450568 19041.815430
339.879496 18850.668278 18990.682411
340.882060 19366.603178 18825.721223
341.883072 19485.375967 19136.428568
342.883096 18839.410241 19438.405485
343.884384 19762.262396 19116.662269
344.887178 18668.400560 19578.616770
345.889579 19703.056700 19035.109051
346.890566 19334.757453 19447.670173
347.893422 19283.379090 19441.572931
348.893521 19056.493198 19373.286668
349.894284 19168.042153 19146.502223
350.895815 19271.383757 19094.269461
351.898729 18675.434644 19164.102455
352.901188 18899.250017 18778.877443
353.903227 18987.239566 18728.265768
354.906384 18562.394099 18811.698153
355.906677 18786.813135 18578.665599
356.909435 19933.488037 18626.395724
357.912978 19061.427888 19550.371316
358.914541 19600.975660 19454.093181
359.917024 18211.846438 19712.448619
360.919092 18987.596667 18771.911182
361.919789 18703.454221 18743.438949
362.921582 19046.833564 18577.135428
363.924764 19318.851636 18783.097873
364.926059 19389.687366 19156.026571
365.945698 19458.743192 19436.323985
366.947263 19294.961977 19616.605407
367.949875 19539.321561 19544.444652
368.952657 18826.121660 19629.263294
369.954012 20426.115044 19114.287256
370.954610 19027.585812 19984.752876
371.955665 19487.167257 19481.429304
372.958082 19367.487050 19460.992729
373.960712 19360.541279 19367.557918
374.961719 20081.566329 19315.613468
375.961721 18975.069071 19841.641982
376.967638 19530.017453 19334.764383
377.970560 18086.854124 19407.613042
378.973876 19441.453674 18392.265977
379.987356 18248.267883 18824.189144
381.017885 19001.616347 18299.577517
382.035950 18896.252731 18589.455643
383.038780 18485.119209 18758.412170
384.041059 19130.956328 18569.000432
385.041346 18973.352323 18937.702096
386.041385 19766.647036 19052.163483
387.041703 19636.756302 19684.662421
388.044089 19139.723898 19923.989993
389.046392 19040.362206 19599.071053
390.048722 18794.992891 19247.253526
391.050044 19393.473207 18835.594946
392.052773 18566.888902 19068.475379
393.055065 19015.924489 18646.226824
394.058509 19251.016466 18752.044756
395.059369 19265.568958 19047.242638
396.060056 19368.599123 19256.699405
397.061245 18233.146135 19440.917801
398.062153 19156.575558 18663.357588
399.064513 19686.801463 18859.596686
400.064867 18958.763485 19429.630381
401.065790 18669.229093 19232.911516
402.067315 19340.531867 18848.864281
403.069847 19325.066246 19115.408948
404.072351 18474.838506 19293.362795
405.073669 18357.959984 18752.594776
406.073682 19059.445612 18325.112808
407.092013 18434.400725 18645.697839
408.092369 19467.130708 18440.643632
409.093253 19004.347228 19111.103290
410.094248 19177.564584 19188.252363
411.094895 18745.594331 19310.763633
412.095308 19570.203087 19014.741816
413.095760 19505.333914 19417.900603
414.098049 18071.017518 19608.903738
415.099844 18943.560049 18602.775553
416.100319 19056.153108 18621.178849
417.101696 18293.926932 18795.420592
418.103405 19363.418369 18376.054960
419.103908 19084.792931 18947.958715
420.104985 18881.762386 19128.806428
421.106316 18179.312515 19055.954001
422.108983 18667.889601 18449.142481
423.110060 19166.966706 18444.712043
424.111941 19072.119754 18872.599043
425.113514 19718.143907 19088.999244
426.114306 19125.876319 19677.497587
427.114708 18912.255170 19537.707648
428.114740 18995.762727 19204.638985
429.115604 19423.841556 19027.639366
430.116067 19139.774025 19252.229519
431.117382 18434.710901 19194.376957
432.120225 19231.671520 18623.002599
433.121977 19813.960750 18887.962961
434.122509 19503.139878 19543.087204
435.124058 19391.137669 19705.252058
436.124316 18887.672688 19651.804783
437.124870 19496.078438 19182.315631
438.126349 19275.050716 19330.214632
439.127078 19232.187745 19279.859293
440.127139 19653.225447 19221.332250
441.148893 18400.183048 19510.560880
442.168299 19301.085049 18751.059537
443.171906 19311.183055 18959.266244
444.172440 19948.051988 19156.397803
445.172773 19378.265848 19771.311595
446.174301 19321.098493 19695.613985
447.184901 19136.381498 19535.552629
448.187761 18710.612490 19263.370671
449.190106 19784.591924 18776.205643
450.191436 18442.752319 19321.709415
451.193638 18572.309754 18703.802226
452.195247 20063.754555 18426.754231
453.197022 19063.247597 19443.202714
454.197271 19698.179502 19356.184698
455.201235 18556.806016 19715.640344
456.202111 19218.138468 19034.972842
457.208288 19300.128710 19071.096723
458.212161 18861.543803 19187.411781
459.214435 18349.876442 18944.809862
460.218069 18953.702104 18418.941867
461.219763 19790.376983 18591.610760
462.226353 18861.191536 19395.974202
463.227692 18562.403667 19199.867533
464.230576 19108.588517 18793.054297
465.232857 17936.064633 18941.623659
466.233427 19610.055150 18178.256642
467.257581 19919.117482 18991.518019
468.258489 20056.433956 19784.579739
469.259484 19481.550789 20317.732390
470.262436 19023.407268 20087.821732
471.265456 18935.403328 19477.691026
472.280404 18877.329396 18993.051779
473.280432 19384.807907 18692.764593
474.292853 19130.957138 18969.371084
475.294920 18612.662650 19021.145459
476.307683 19417.840986 18685.764700
477.309519 19430.143297 19103.682560
478.310711 19463.487568 19400.407830
479.330844 19019.524173 19581.212535
480.332624 20252.071337 19309.211099
481.333673 19345.399616 20025.199023
482.336169 19243.139785 19759.907273
483.339138 19631.628139 19446.939610
484.342811 19285.938260 19530.872088
485.343838 19293.291820 19338.759930
486.344191 19876.694628 19235.013604
487.344443 18946.890172 19635.262101
488.345750 19075.933114 19198.391139
489.348988 18664.258141 19013.862623
490.350436 19070.286949 18628.359758
491.353111 19749.510726 18749.104527
492.354168 18851.404156 19399.190350
493.356872 19399.811209 19138.233428
494.357012 18265.694789 19347.352938
495.359462 18743.998861 18614.439947
496.360411 18367.851425 18519.525216
497.362879 18630.796428 18246.075684
498.364555 19933.836039 18337.003606
499.365230 19305.712914 19433.195481
500.368443 18564.230220 19635.359214
501.371387 19302.457141 19097.917485
502.372568 18615.738958 19249.444995
503.373490 19660.463854 18823.423149
504.375934 19355.762991 19342.034850
505.376602 19769.012425 19452.422304
506.377140 19086.789173 19793.388279
507.379485 19349.850793 19446.109864
508.380357 18821.929189 19379.936698
509.381104 18297.797474 18943.387437
510.381161 19180.448952 18301.649458
511.381930 18960.252668 18641.806080
512.383658 19343.880838 18781.397897
513.386818 19031.196640 19183.628626
514.390225 19443.449310 19190.293894
515.392020 19123.011404 19463.041717
516.392953 19260.528257 19354.189098
517.397073 19145.258055 19345.106004
518.399246 18869.129916 19232.967369
519.400474 19773.685250 18947.874619
520.401463 19029.279596 19464.058569
521.404189 18810.708448 19241.252973
522.406297 19264.763223 18912.928470
523.409135 19304.071785 19063.752294
524.417911 19343.011321 19218.898360
525.419791 19577.350652 19346.969401
526.422468 19140.818610 19585.769900
527.424491 19282.822787 19375.666306
528.424537 19882.303031 19318.405718
529.438890 18678.699457 19730.489874
530.457634 19279.131785 19071.782561
531.460044 20259.331913 19094.482375
532.461806 19454.403036 19887.144730
533.462297 19170.592163 19772.826045
534.464600 18152.641777 19423.202797
535.467020 19440.848464 18421.775724
536.467966 19755.913154 18819.933716
537.468316 18942.559837 19410.539916
538.470350 18989.526551 19182.171339
539.471935 18224.389694 19043.309210
540.473357 19493.216609 18386.579838
541.474044 18762.342794 18969.287802
542.474209 19003.635439 18843.468625
543.476441 18414.803721 18941.247062
544.477277 19400.738340 18564.109587
545.479849 19584.096300 19077.665347
546.482039 19646.443108 19552.729945
547.484330 19504.738974 19844.863939
548.485250 19491.038287 19835.047628
549.485271 20044.160693 19737.286794
550.487366 18826.633087 20041.686054
551.489911 18704.621716 19281.358640
552.490987 20182.369664 18696.005016
553.494073 19496.517684 19513.793340
554.497242 19722.345378 19575.442598
555.498215 18884.360995 19755.906769
556.500447 19232.425386 19209.260219
557.501095 18717.598446 19115.760432
558.502611 18682.635637 18712.056572
559.503929 19679.740695 18485.368003
560.506745 18632.668726 19169.169421
561.523381 19138.043229 18853.408971
562.553844 19618.706997 19019.374563
563.554261 19419.602515 19492.522351
564.554529 18584.536925 19611.314045
565.557950 18922.804945 18996.482817
566.557979 19857.467710 18839.781745
567.559718 19587.402800 19483.184082
568.560369 20717.334557 19695.907476
569.561220 19528.800416 20622.591821
570.564285 18706.728393 20218.219072
571.568724 19766.062652 19227.124016
572.571579 20065.296923 19395.978277
573.573976 19134.596433 19797.352204
574.576074 19404.834865 19366.999980
575.576169 19335.463245 19296.401805
576.576333 18345.264867 19236.182267
577.577060 20036.655617 18488.243960
578.577778 19059.793407 19347.073095
579.581126 19619.126947 19216.236636
580.584015 19072.028914 19531.207754
581.587791 19279.513159 19300.349587
582.590360 19468.172858 19283.453518
583.593433 19333.474632 19415.515168
584.594509 19370.327218 19393.686747
585.597343 19807.358819 19395.358947
586.599756 18847.452263 19717.710815
587.600378 19303.425363 19181.368833
588.602384 19262.076737 19171.698525
589.605879 19494.256155 19168.783610
590.607923 20490.033805 19364.783999
591.610574 19425.364547 20241.985469
592.612678 20304.490410 19944.096345
593.615409 20260.151980 20324.813231
594.618216 18801.649831 20476.837146
595.619853 18862.599135 19404.801200
596.622192 19348.488019 18763.707363
597.625861 19925.629252 18832.300050
598.628824 19608.649959 19428.499311
599.629671 19074.823197 19613.146957
600.635319 18386.248962 19303.976459
601.636595 18637.812868 18575.672218
602.636663 18720.575050 18352.837213
603.637120 18711.587756 18374.735261
604.640168 18930.149198 18465.403761
605.642385 18428.275309 18736.205092
606.643690 20045.013583 18543.686367
607.646240 19733.210598 19631.127946
608.649730 19705.842393 20044.467905
609.653158 19623.296371 20152.797404
610.654704 18969.625584 20033.313885
611.656781 19467.530559 19380.814656
612.657548 18826.763751 19325.196505
613.659007 19813.033679 18852.395837
614.659305 19023.615635 19349.289928
615.661762 19689.661661 19121.609378
616.664911 18986.288539 19482.805186
617.665241 19617.920720 19187.587368
618.665853 20039.624570 19463.377887
619.667326 19314.440917 19956.186742
620.670847 19612.401018 19679.562888
621.672307 19039.428759 19673.440543
622.674465 19374.713598 19225.390296
623.676675 19111.246887 19206.338417
624.679090 18995.022161 19041.306239
625.679970 19683.646470 18889.106768
626.683505 18252.672459 19355.954113
627.683907 18754.376517 18598.070366
628.684045 18641.576938 18509.057059
629.686274 19294.744991 18441.280586
630.687442 18623.460216 18947.342477
631.689121 19463.181353 18783.760469
632.689165 18963.293202 19291.685255
633.692714 19039.356405 19213.605560
634.694658 19704.714896 19169.035025
635.696671 19998.587484 19613.348970
636.701202 19624.030250 20078.751866
637.704819 19134.480444 20010.494292
638.706511 18387.288091 19512.587140
639.709430 19961.357010 18608.712626
640.711648 17996.596500 19281.970924
641.713226 19990.318477 18314.876212
642.715020 19348.982544 19247.050411
643.716150 19060.639642 19417.952577
644.718596 19608.083158 19269.903975
645.718893 18935.241560 19554.146228
646.721197 19516.474418 19205.120388
647.721974 18811.414251 19399.062405
648.724637 19475.522912 18996.591291
649.725384 19427.229189 19247.142970
650.726337 18388.154298 19393.293503
651.727496 18536.447849 18695.546522
652.727819 19098.976332 18381.045139
653.728822 19734.842502 18684.541487
654.731308 19421.725040 19416.798000
655.734124 19462.636284 19627.599286
656.736096 18768.184268 19712.214800
657.737181 19183.668160 19171.288916
658.739699 19415.500535 19111.662731
659.742939 19415.754188 19273.725277
660.743447 18726.569596 19390.390604
661.744960 18688.829717 18938.175719
662.748154 18478.170047 18630.861838
663.751250 19556.962505 18333.702114
664.752711 20177.108988 19030.333578
665.756046 19940.932971 19975.416405
666.759693 18942.438475 20321.248951
667.760727 19737.634634 19650.215358
668.764202 19151.476755 19734.151459
669.765628 18572.947291 19337.371894
670.767984 19102.631596 18658.611229
671.768642 20059.915147 18695.078141
672.771653 18926.317972 19533.162624
673.773994 19425.929320 19233.695115
674.775342 19243.352744 19381.825586
675.775351 19360.322342 19329.984322
676.778767 19476.572653 19370.132994
677.779263 19922.830827 19474.942401
678.780881 19888.925882 19862.448298
679.783353 19075.916321 20045.868169
680.785092 20176.137942 19488.585363
681.787600 18882.874649 19931.942914
682.788807 19627.328563 19244.722978
683.789152 19382.997799 19368.991363
684.791800 18973.851937 19312.461782
685.794303 18474.583304 18994.971600
686.798190 19676.130794 18456.495118
687.800259 19046.461279 19092.939541
688.803456 18800.780186 19084.707430
689.804126 19650.376266 18886.769016
690.806577 19677.693678 19403.499662
691.808347 20130.276360 19744.072195
692.811154 19119.976466 20237.200843
693.815264 19359.292535 19699.309127
694.816380 19034.201577 19465.017155
695.816626 19377.582194 19077.621795
696.817433 19828.135528 19130.604524
697.820319 18452.826928 19556.755306
698.823911 19486.997734 18806.194303
699.826293 19195.855662 19118.200062
700.827797 19743.324414 19148.045806
701.828921 18644.655741 19585.522706
702.831463 18873.876333 19019.710078
703.832487 19643.481989 18814.955623
704.833963 18754.522345 19304.512815
705.834336 18999.402501 18967.313972
706.834915 19640.366845 18929.176761
707.836007 19430.315740 19408.387848
708.838528 18611.987988 19548.449812
709.840425 18976.887215 18975.201462
710.842263 19323.993417 18871.448339
711.843816 19441.736310 19106.261148
712.846863 19418.041487 19366.407789
713.848057 19269.418840 19497.542123
714.848356 17918.221856 19431.767146
715.850195 19596.817955 18344.894843
716.854203 18255.314673 18953.737519
717.856359 18882.705698 18412.801504
718.858050 18919.801478 18573.505058
719.860681 19164.840664 18758.978830
720.863353 20124.513397 19075.700767
721.865109 18594.923688 19976.101260
722.867448 18757.058786 19316.212259
723.870290 18756.088342 18927.546939
724.872635 18480.829158 18689.864408
725.873849 19300.636290 18381.134738
726.877246 18719.973031 18866.548857
727.879760 18676.458805 18782.280331
728.881130 19230.798940 18691.933573
729.884248 18882.939550 19058.646604
730.884839 20002.791820 19024.146660
731.887598 19357.765452 19811.484113
732.889472 19459.118291 19769.209991
733.890554 17989.876538 19721.226424
734.892495 19255.412039 18529.776293
735.896464 19251.501107 18748.227914
736.900146 19463.143966 18981.316557
737.902978 20126.476159 19324.139160
738.905385 19735.512680 20027.800808
739.907199 19209.297488 20111.077861
740.907888 19476.938899 19664.163697
741.910750 19262.649604 19527.721122
742.912200 19333.908572 19286.087307
743.913873 18272.124954 19212.855200
744.916949 19619.998566 18410.164776
745.917478 19182.377144 18985.214817
746.919168 19056.868364 19103.219709
747.921097 19782.521213 19087.879928
748.922648 18655.363046 19616.696784
749.924939 17902.485005 19077.192694
750.930289 19131.857948 18137.324706
751.932202 18682.830721 18530.710494
752.933952 18786.621821 18540.919832
753.936235 18691.437997 18659.345548
754.938010 20337.602046 18678.989606
755.939189 19284.520740 19926.546769
756.942230 19197.550077 19863.278191
757.942250 19795.390262 19621.726542
758.944207 19160.236612 19843.286740
759.945261 18776.591296 19465.727482
760.948967 18832.728564 18912.841148
761.952230 20106.110950 18644.438470
762.953981 18837.650796 19512.346444
763.956322 18780.093252 19143.396442
764.956365 18506.682991 18839.316872
765.957112 18934.300372 18467.413486
766.957648 19204.242725 18611.992205
767.959547 18327.032064 18967.315371
768.962032 19377.595434 18546.300796
769.966525 18913.830338 19068.898854
770.967387 18297.884919 19059.548206
771.969991 18774.483338 18556.484351
772.970222 18883.144186 18597.751379
773.971586 19390.779747 18744.063519
774.971955 18699.140886 19232.716427
775.975620 19116.608105 18997.829565
776.977070 19627.823459 19118.814378
777.980189 19716.510604 19562.166732
778.982474 18743.588948 19866.772450
779.985525 19118.577045 19251.818605
780.989187 19015.812412 19098.525341
781.990826 20201.735142 18949.818160
782.993045 18208.511861 19781.405180
783.994751 18778.718251 18807.363720
784.998541 19213.726640 18598.284818
786.000558 19104.081422 18865.110017
787.000563 19728.024775 19003.442859
788.002448 19209.210309 19565.726435
789.002732 19446.561664 19498.331959
790.003461 19418.179392 19570.367824
791.003612 19249.828912 19554.147513
792.004308 18936.500377 19385.782467
793.004467 18587.002857 19032.615154
794.006852 19581.366545 18569.879664
795.007037 18796.513278 19088.565482
796.007517 18981.795137 18882.468707
797.008694 18489.707100 18896.892857
798.011796 19276.484849 18556.264474
799.012778 19465.434395 18959.394250
800.015129 19460.645857 19381.943948
801.015323 19250.476837 19610.500005
802.018202 19326.296537 19529.687731
803.019930 18307.685958 19476.343646
804.020703 18618.541709 18648.201892
805.023510 18313.522175 18382.143845
806.026258 20003.615857 18079.449637
807.028762 19379.653343 19254.190929
808.032486 18272.488168 19560.945921
809.036497 18493.503888 18838.626391
810.038213 19562.316013 18501.693861
811.040667 18967.306370 19132.789196
812.043266 18263.135529 19109.461336
813.047034 18055.079228 18534.130533
814.049738 18922.796245 18022.674155
815.051853 19741.617314 18425.834997
816.052880 19026.334937 19365.771532
817.056445 19434.425000 19393.239462
818.056912 19314.680642 19621.314843
819.060639 19680.881748 19598.821804
820.061237 19202.342370 19791.190824
821.061686 18712.814664 19500.893531
822.330048 19032.311086 18913.961315
823.331026 19574.528555 18809.830861
824.334287 19079.242194 19220.048792
825.336951 19455.029770 19142.312928
826.338687 18777.360218 19369.517994
827.338761 18237.156677 18996.246307
828.342441 19149.323767 18349.736285
829.344980 19122.833643 18682.461690
830.348384 19315.116464 18945.672319
831.349728 19179.906927 19265.780080
832.350089 19857.122102 19336.760904
833.350732 19086.837084 19840.949203
834.354659 20199.049790 19519.372813
835.357576 19495.341931 20084.610216
836.358046 19623.821386 19868.057916
837.358521 19004.107918 19762.962361
838.361132 19001.845044 19210.844239
839.363267 19055.069011 18881.403942
840.365617 19283.537756 18786.712044
841.366833 19166.501401 18977.806896
842.368095 18955.578911 19062.009770
843.368349 18932.770307 18972.042248
844.372044 19187.110388 18905.836200
845.372522 18812.676131 19070.221763
846.372997 19563.936379 18900.811008
847.376228 19160.285714 19357.517097
848.379746 19236.078698 19334.736963
849.381754 19792.899346 19336.578822
850.385516 18883.715227 19729.990206
851.386099 18741.896611 19260.535094
852.387928 18922.354284 18825.238609
853.390534 19022.294836 18722.098122
854.390970 19072.829127 18795.547333
855.391832 19799.868455 18926.859532
856.395174 18430.047977 19574.287527
857.398622 19274.835645 18927.031397
858.401078 19446.381969 19112.748229
859.401435 18867.923778 19374.788242
860.401663 19465.454589 19089.863037
861.404330 19596.128314 19340.063728
862.405194 18617.738650 19594.517082
863.408620 19300.986882 18988.354320
864.411173 18375.784628 19105.055195
865.415184 19592.713817 18518.486864
866.416128 18659.962680 19102.224031
867.418293 19543.403682 18817.151708
868.418584 19464.831955 19297.899042
869.420980 18965.462298 19540.720073
870.422718 19559.752105 19268.631317
871.424701 18964.189945 19502.512039
872.425227 19071.107636 19187.090797
873.426611 19480.965848 19053.843230
874.428070 19733.133234 19298.929208
875.430496 19751.249205 19656.106896
876.431695 18792.989205 19867.539303
877.433789 18137.801288 19225.487982
878.434386 19215.274815 18304.946690
879.436820 19765.558713 18610.994838
880.437804 19187.652318 19327.801830
881.440155 18721.985083 19362.214750
882.444373 19086.275428 18986.530176
883.446658 19457.712786 19005.769375
884.450434 19331.650356 19314.093506
885.454067 18874.698480 19409.613569
886.456565 18577.816477 19095.168890
