2.051357 18033.365455 0.000000
3.051493 18964.143017 18033.365455
4.054112 19257.300551 19894.920580
5.055700 18849.959546 20347.483121
6.056681 18935.603212 19995.712995
7.059978 19623.560018 19597.622319
8.062113 19353.549052 19749.039809
9.062824 19189.419259 19590.870382
10.064492 18686.177991 19329.357991
11.067499 19047.466210 18786.186162
12.069635 18890.521860 18760.564368
13.072711 19159.501180 18701.770670
14.074680 19160.281693 18921.296108
15.078393 19439.605159 19091.195480
16.078913 18708.927015 19402.909319
17.081727 18129.467620 19019.931590
18.085506 19521.410764 18316.097036
19.085626 18835.402846 18961.479763
20.087692 19160.442170 18909.647938
21.090196 19414.012817 19108.950245
22.092363 19180.588972 19411.652365
23.094300 19994.388237 19388.525654
24.096186 18847.320397 19935.327577
25.097425 19011.192114 19363.192824
26.099657 18609.511828 19071.061128
27.100645 18413.895086 18608.767812
28.100829 18574.379868 18231.094602
29.101461 15602.581499 18208.321704
30.102122 10862.035466 16059.601020
31.107403 7964.404007 11315.576272
32.757192 7592.218168 6656.955103
33.760994 9574.064449 4375.367365
34.764538 11666.046512 5525.170908
35.768540 6336.469004 8681.282611
37.166718 4674.737663 7008.346308
38.181255 6539.925292 4757.610324
39.185324 5553.515919 5010.414889
40.186930 5160.104012 4779.387742
41.314984 3726.256152 4562.347283
42.317022 6095.087742 3527.880341
43.324595 7629.549576 4836.864515
44.334105 4582.879981 6956.758784
45.339375 5848.503396 5899.901421
46.348575 4376.747789 5991.434940
47.365564 4752.104031 4897.652109
48.369790 4172.334535 4502.051794
49.492710 5386.224625 3931.937574
50.498668 5424.987097 4617.397272
51.577756 4375.263538 5181.405813
52.602094 5229.996551 4737.012735
53.603239 4065.070823 5065.428657
54.612793 5642.624293 4397.084295
55.615010 7271.714369 5163.073848
56.619052 7403.110441 6887.773794
57.631150 6543.499024 7944.655964
58.638401 8822.741464 7693.002106
59.639023 9579.956461 8989.231236
60.645768 6424.303266 10163.634606
61.671697 4957.399713 8238.176858
62.697293 5223.845107 5721.801922
63.744340 4616.534478 4472.347947
64.745855 3402.594968 3580.012277
65.785034 3842.201946 2482.520360
66.802121 4912.125192 2493.498287
67.820526 4145.165987 3638.605600
68.826409 4138.473721 3954.319751
69.909693 4312.423848 4154.869186
70.922056 4839.515786 4381.507632
71.943357 3945.593229 4872.874863
72.955686 4760.263967 4439.776791
73.984835 3792.007729 4710.684919
74.988402 4741.988791 4132.341566
75.998823 6535.004769 4470.572226
77.001271 4364.218111 6052.303681
78.014953 5614.377667 5335.754687
79.017034 7653.783466 5672.215714
80.020375 3894.063902 7355.541064
81.033904 4328.346218 5451.974667
82.035119 5155.060950 4436.425514
83.044984 6080.390078 4521.667162
84.066866 6733.458408 5416.633280
85.072995 7172.521673 6519.856785
86.079834 6088.020170 7454.166392
87.083452 5147.255614 7037.533889
88.096466 4729.280595 5886.265791
89.122263 3571.648672 4812.397933
90.137317 5385.255808 3386.460727
91.362905 2774.957311 4079.994463
92.372679 4945.975543 2795.352794
93.377508 3320.883318 3776.196763
94.383683 4064.374663 3340.244273
95.387048 4783.445239 3675.046299
96.402779 3502.926581 4479.082334
97.403950 3973.056338 3996.802085
98.408216 3885.240844 3984.790402
99.418169 3974.119596 3909.989424
100.424289 3377.912475 3933.060854
101.461424 5007.729535 3507.705914
102.471838 3590.908754 4484.942879
103.474172 4056.022023 4041.642440
104.485399 3434.948016 4056.143751
105.572999 3115.746462 3597.558469
106.573876 4556.818570 3088.212049
107.582789 4001.467018 3921.226524
108.598239 4031.527709 4080.118108
109.667926 3453.573903 4162.446647
110.685120 3441.895057 3737.415827
111.686319 4538.000220 3445.180801
112.740488 2947.318243 4120.320725
113.792689 3522.818498 3369.299077
114.793788 3738.605561 3319.918236
115.800837 5198.282760 3507.793179
116.811228 3897.345541 4754.191644
117.821050 2745.925663 4512.710742
118.834474 3753.190108 3374.564082
119.851130 3659.770094 3403.779481
120.892133 4714.162365 3435.674827
122.031946 3708.592494 4298.440519
123.053644 3916.237487 4079.576424
124.069160 5327.668082 4033.132138
125.078977 4211.930493 5039.259279
126.109945 3329.546006 4777.621858
127.112130 3910.321639 3843.591941
128.114053 3383.265746 3683.647224
129.181371 4079.269565 3265.051549
130.190341 4256.106139 3607.310126
131.201184 4755.774014 4029.056704
132.211113 3573.222064 4671.443258
133.272354 4038.015283 4126.805262
134.275293 3292.729916 4064.685378
135.308440 3324.254764 3467.993887
136.308445 5210.657776 3149.475785
137.338609 4415.319518 4448.713738
138.340134 3758.268897 4692.315031
139.357358 3508.126249 4252.078833
140.368181 4544.544043 3720.901264
141.390540 4018.772429 4179.432071
142.433635 4065.246034 4105.646757
143.433886 3378.391625 4081.890722
144.449220 4197.887564 3550.710726
145.456352 3672.840463 3856.662906
146.472974 4000.727778 3701.159836
147.484284 3928.331492 3862.243943
148.495890 4135.152552 3923.109741
149.497640 3431.372141 4109.963873
150.511374 5048.131766 3681.852800
151.514619 3676.187080 4617.746818
152.517117 3817.387934 4164.331550
153.520402 5258.380321 3921.488438
154.574572 3390.960542 4854.786047
155.588650 3456.402375 4021.768585
156.596709 4144.454498 3496.639218
157.607033 4295.340091 3740.054416
158.769028 2901.600804 4076.026230
159.772061 3812.835815 3253.536138
160.784007 3626.148768 3437.733516
161.796885 4542.469271 3483.592494
162.798269 3455.748442 4229.401430
163.828363 4397.353297 3865.532236
164.840170 4569.302301 4287.355332
165.845457 4063.653019 4654.728124
166.850834 3588.053390 4437.821103
168.354396 4004.070019 3879.125850
169.365815 3512.630378 3839.022580
170.478750 4787.318787 3491.653074
171.506843 3145.999821 4279.228953
172.515270 4068.986150 3569.050127
173.570828 1529.143972 3800.437884
174.608360 3913.012028 2078.387196
175.611002 4273.528435 2867.952088
176.634795 4008.670684 3794.386823
178.351809 4421.627647 4178.746281
179.364006 3397.084121 4638.124833
180.366637 4107.863268 4045.282168
181.379658 4313.384479 4119.895684
183.368803 3642.964964 4308.335247
184.372198 3905.333533 3901.002699
185.380791 3516.894444 3829.603419
186.399289 5067.100806 3521.506990
187.571194 4422.408842 4528.960411
188.575224 5222.667603 4683.703247
189.587936 3456.012391 5295.945135
190.604521 3733.896524 4258.755287
191.617012 3993.017581 3747.887738
193.350712 2913.229830 3683.296954
194.367367 3767.306278 2918.590905
195.470230 3040.564234 3175.454948
196.489403 3422.155738 2906.793269
197.501707 4251.280073 3092.098798
198.639112 4072.543444 3889.109049
199.654051 4606.776966 4244.104459
200.663460 4103.451687 4779.387052
201.675809 3338.945094 4626.381867
203.354907 3737.533831 3845.766786
204.370433 2748.083392 3627.695375
205.372765 3752.791702 2804.031454
206.386659 3860.651233 3131.743711
207.403690 4005.070622 3531.756485
208.552047 3723.437909 3922.301101
209.558958 3695.667999 3927.041254
210.602791 3679.021137 3857.683062
211.604067 4340.259375 3770.015054
212.673039 3526.583965 4199.361249
213.690946 3693.960204 3839.002321
214.823964 4290.658007 3706.250447
215.878970 3406.443988 4084.325302
216.901075 4538.809994 3661.785391
218.350857 4119.278048 4235.954589
219.361242 4023.485402 4284.104080
220.457876 3410.937973 4195.127833
221.465250 4118.306439 3648.318530
222.469327 4430.048834 3846.095089
223.585220 2094.226058 4246.843002
224.591093 4480.322587 2741.151334
225.598294 4649.510899 3616.146578
226.599097 3542.122423 4396.579436
228.351810 4150.274796 4019.487374
229.356262 3209.576731 4167.714385
230.364931 3328.667258 3531.944444
231.377931 4947.992404 3222.785441
232.385809 3846.002666 4309.170253
233.403138 11447.512525 4185.575893
234.410648 4071.652636 9740.017801
235.415080 3515.314526 7412.217519
236.455767 5591.317002 4995.922575
238.347363 3403.999393 4974.624947
239.362524 3623.784916 3477.660940
240.409578 4240.612900 2875.602692
241.417177 3838.632085 3224.240112
242.432878 4959.882022 3351.166408
243.515472 4723.811740 4377.433428
244.529488 3518.563880 4859.126375
245.538661 3958.942571 4162.208294
246.555708 3454.297710 3983.122169
247.560571 4278.212453 3509.050561
248.572477 4349.567277 3876.262602
249.576433 3307.578223 4213.872203
250.600874 4252.448883 3635.108982
251.612340 3768.405976 3972.497676
252.616780 4293.171755 3848.147645
253.619167 4559.089125 4159.611547
254.627337 3284.368598 4548.171577
255.643639 4619.596566 3789.140584
256.647340 4024.368721 4284.853067
257.662114 3710.332851 4169.974299
258.690964 4304.813179 3840.606618
259.697576 3538.177198 4089.214582
260.700989 4795.617500 3692.441227
261.716609 3581.426220 4398.568769
262.726412 4598.130654 3940.251263
263.734645 3936.420347 4383.914574
264.745527 4144.376489 4163.017520
265.746734 3594.683287 4151.886805
266.782360 3572.992876 3732.173968
267.799501 4071.535896 3471.677070
268.812106 4219.908146 3740.664839
269.819539 3798.015191 4069.155674
270.820934 3679.329295 3954.669493
271.822713 4219.519591 3769.248406
272.825537 3665.279308 4059.200806
273.832353 4141.332761 3828.576490
274.837712 3378.369355 4029.480127
275.851534 4407.515643 3585.672549
276.880791 3897.204487 4083.802677
277.893463 4079.699806 4031.062616
278.912005 2886.485948 4108.099543
279.927692 4181.500343 3244.607678
281.014336 3069.319008 3694.592109
282.031195 4204.424325 3207.175382
283.172705 3249.832891 3780.331913
284.213155 3826.874905 3456.989706
285.251635 5560.091900 3676.310909
286.291294 3915.464865 5123.525256
287.363153 3142.280513 4722.803814
288.367282 4331.963048 3740.720092
289.368430 3824.578577 3992.330237
290.429247 3862.677340 3822.505159
291.434029 3397.513550 3766.685047
292.477184 3313.842826 3413.900222
293.509370 3441.090657 3170.658098
294.535296 3670.054798 3180.269091
295.579653 3685.092437 3422.003085
296.606612 3061.111464 3616.161240
297.618510 5194.216013 3262.487387
298.619305 3425.012868 4635.134891
299.653148 3510.204782 4134.326565
300.663043 3240.040948 3770.487913
301.677562 3905.886881 3320.874929
302.712521 5160.035409 3575.244392
303.752621 3351.133089 4725.701141
304.757597 4377.983775 4052.836343
305.800622 4038.784901 4311.116145
306.845528 3780.215014 4202.573798
307.883224 4758.837151 3913.427985
308.891934 4651.806482 4469.518438
309.901707 3178.732499 4739.620342
310.910100 2959.665585 3747.912341
311.915762 4500.860800 2945.463194
313.052119 3389.524465 3703.685630
314.063277 4340.222109 3448.588389
315.068047 4784.891871 4019.297021
316.087268 4330.638901 4718.384930
317.096599 3964.925944 4743.865893
318.110135 3551.736671 4379.014908
319.113007 3648.562491 3783.175220
320.148913 3756.907968 3500.015104
321.158227 3503.105542 3476.831000
322.179666 3361.778118 3344.906371
323.189476 3593.272113 3212.498281
324.203922 4300.850630 3357.234691
325.230145 4510.549774 4019.296140
326.250347 3701.609333 4577.989844
327.257253 5886.399915 4233.771349
328.347754 4397.961671 5567.214533
329.360979 3060.781765 5197.403787
330.379201 4470.940818 3809.752956
331.389171 3908.075583 3986.304033
332.395691 3426.548298 3773.589841
333.396903 3604.297163 3339.708717
334.406298 4839.190290 3277.789699
335.433780 3540.915182 4254.626901
336.441619 4262.471952 3915.480019
337.460004 3938.234684 4193.432945
338.541441 3770.399982 4106.491209
339.544516 4519.759696 3895.080184
340.545507 3240.561089 4320.224406
341.562299 4139.868121 3623.281384
342.570634 4232.482868 3853.610074
343.625460 4214.873914 4109.799990
344.636543 4054.303258 4255.358953
345.648217 3244.460372 4197.589182
346.657477 4094.470418 3525.500651
347.662596 3475.988778 3756.703850
348.714601 3769.196755 3492.885862
349.722556 3266.024830 3576.658579
350.739796 3508.155811 3289.300538
351.756941 3531.973478 3321.400826
352.773023 4131.707462 3402.002966
353.897454 5155.839849 3924.597153
354.904091 3570.861252 5005.771114
355.908096 4668.534308 4395.141330
356.911746 3691.343381 4707.011210
357.929031 4016.445327 4120.433730
358.943152 3972.727357 3963.698862
359.953140 3714.565192 3865.729567
360.955716 3481.351733 3649.872743
362.051944 3738.115141 3383.207349
363.056550 4850.303640 3466.983304
364.068792 3024.624704 4410.795615
365.136291 4275.568857 3623.319575
366.136313 3367.600152 4018.115952
367.147707 4158.525317 3598.900838
368.200683 3655.292907 3924.661983
369.324457 3133.837862 3768.584081
370.326214 5467.965672 3271.131054
371.478910 3525.322096 4738.677099
372.486079 4195.344781 4197.789583
373.533948 6142.086353 4261.745967
374.537902 4080.207934 5737.180042
375.543905 3743.940035 5029.714842
376.559399 4074.770228 4186.404591
377.636321 3254.046418 3902.255972
378.636465 3355.773044 3187.767368
379.640960 4658.589040 2923.387799
380.642671 3782.065488 3876.406323
381.684522 3610.052941 3891.068599
382.692665 4142.731603 3742.139550
383.699969 3509.673615 4034.162369
384.705628 3296.347696 3732.522597
385.715278 3494.964268 3365.996026
386.733288 3224.422130 3314.283087
387.773151 3350.085046 3130.690309
388.783698 3587.286640 3156.574063
389.800075 4370.473472 3395.794880
390.801317 3523.831769 4150.668353
391.805410 3348.784131 3948.075092
392.827367 3775.639217 3609.431902
393.836137 3694.754179 3695.089679
395.001782 3872.228322 3697.392173
396.012206 3304.204946 3830.989529
397.017844 4528.482503 3482.080373
398.022632 3448.821333 4181.365106
399.107585 3260.212765 3808.040944
400.114537 3445.336754 3390.117534
401.123569 4103.278731 3287.522629
402.127533 6531.205792 3769.135190
403.285427 3796.812506 5914.422652
404.299769 3748.775702 5090.467203
405.304411 5069.951409 4319.048202
406.375073 3351.162347 4781.652356
407.391362 3951.191416 3795.937400
408.391372 4800.648635 3641.907961
409.405687 4883.117526 4279.307019
410.411281 3885.876593 4790.193620
411.425341 4032.308953 4320.937198
412.442416 3047.694759 4087.368105
413.467638 3354.788812 3218.358126
414.522573 4498.011994 2971.507833
415.528064 3686.477256 3801.320319
416.557770 5369.854645 3781.748427
418.347932 3977.205721 5010.677730
419.364412 3483.769910 4670.449917
420.377881 4197.084126 3956.948104
421.388365 3620.228522 4016.888310
423.553962 3800.731195 3659.265665
424.560192 4206.764979 3606.072061
425.577668 3251.769386 3932.665381
426.597313 3709.905683 3448.240245
427.612589 4036.273383 3500.512185
428.617002 4406.822244 3823.772305
429.623270 4485.120625 4316.439280
430.625226 3862.108549 4644.092294
431.652054 4336.532302 4300.916827
433.391468 3228.756613 4375.444839
434.437235 3771.584657 3572.148943
435.447538 3246.082293 3491.773946
436.455029 3214.051249 3127.412352
437.501453 4383.185995 2950.875758
438.533106 4228.640557 3805.252393
439.538274 3656.980388 4261.015033
440.549574 3903.268829 4052.057607
441.556657 3499.559456 4033.525920
442.571577 6653.372938 3688.913774
443.576686 4124.193457 5834.629233
444.579101 3315.642532 5215.288278
445.583746 4279.097209 4026.430902
446.603155 2744.970224 3976.896128
447.621481 4799.259628 2877.083773
448.624191 3860.232546 3834.866262
449.627364 3954.169333 3850.585536
450.655757 3148.757099 3931.309516
451.671279 3671.533046 3373.327285
452.674199 3760.119983 3430.275583
453.685055 4146.228246 3585.504300
454.688367 3472.259183 3996.353777
455.691217 3957.562951 3733.770336
456.708487 5603.945021 3901.078653
457.720281 3822.926707 5233.640438
458.727812 5571.893275 4656.733741
459.733897 3848.683716 5471.553560
460.783722 3792.337665 4611.641229
461.789401 3972.747320 3948.686147
462.792292 3984.447802 3713.428727
463.802367 3818.516788 3669.405027
464.802612 3130.301811 3601.705609
465.817877 3975.146880 3105.897463
466.830071 3426.895537 3497.728278
467.839970 3118.049550 3401.809830
468.928307 3878.580724 3128.487542
469.935319 4170.889062 3559.615280
470.936534 3236.310277 4074.151764
471.952310 3975.773088 3654.670242
472.964802 2723.721553 3894.936597
474.022729 3780.258969 3096.240247
475.033965 4481.657718 3396.165460
476.039957 3354.956104 4168.200505
477.043142 3637.652174 3787.556121
478.052061 5429.009141 3701.105977
479.054843 3691.261702 4985.535180
480.063682 4288.740893 4435.307692
481.069260 3535.306138 4422.291844
482.074999 3791.670255 3817.320116
483.078504 5045.825750 3636.603845
484.099158 3078.108037 4525.628934
485.111201 4489.798748 3624.402397
486.116398 3657.337686 4095.983572
487.119772 4639.054870 3805.882157
488.249619 3704.773337 4359.983219
489.311676 3190.238438 4006.090514
490.313627 3492.769304 3367.913692
491.363063 4816.606823 3231.304617
492.370213 4014.975949 4221.244391
493.376869 3943.936788 4263.831730
494.393341 3756.846716 4169.632084
495.448997 4497.787401 3925.790883
496.457372 4716.450432 4317.339754
497.457907 3712.587059 4722.223375
498.465625 3393.637367 4170.324420
499.502551 3674.822356 3540.728333
500.603481 4078.687372 3400.046289
501.619791 4144.350008 3701.298046
502.799060 3568.460170 3995.518234
503.806407 3369.721962 3747.918892
504.811058 4962.701574 3430.200885
505.814783 3893.818349 4450.956860
506.859464 3616.268492 4287.608607
507.865775 3620.777496 3899.324523
508.868647 3776.594348 3637.800226
509.960753 3381.092833 3619.645034
510.961398 5141.618276 3353.178630
512.100286 3819.363033 4547.318062
513.101688 6309.658354 4301.271398
514.109165 5580.615799 5925.492466
515.112799 7184.144796 6286.862556
516.118272 8382.181754 7493.632660
517.123081 7438.037263 8918.173464
518.123676 8891.080338 8788.337570
519.143332 5010.390583 9475.626853
520.172106 4390.460490 6762.617549
521.180277 4785.368663 4503.108586
522.183711 5592.882034 3641.373210
523.211906 3995.892007 4102.139414
524.224805 5432.734302 3507.465650
525.256675 3774.274601 4409.867079
526.268096 5021.014712 3872.939823
527.312698 3863.730396 4514.864973
528.326847 4338.236682 4094.401746
529.331485 4290.231987 4182.382009
530.337818 4803.149332 4229.332288
531.401984 3970.588678 4652.720361
532.406277 4674.937460 4277.601149
533.417797 3801.892965 4541.550012
534.436799 4251.390146 4052.087935
535.437201 4382.875617 4081.931039
536.465599 4506.721344 4237.831471
537.467947 4737.327116 4444.927019
538.563525 4277.367042 4736.877703
539.566378 6546.203472 4537.995343
540.573564 7133.860590 6075.024410
541.583084 7516.900804 7402.076548
542.589681 6623.788814 8285.828788
543.595413 7204.536789 7865.638920
544.646290 7934.454118 7780.642440
545.656231 5839.416076 8141.555784
546.800355 5463.528280 6698.958508
547.803123 6695.733786 5480.858415
548.859380 4912.098720 5791.629964
549.888396 4719.427022 4835.315395
550.892281 5059.853897 4231.850168
551.993514 5793.680036 4307.331925
552.996215 3734.762094 5083.572900
554.002237 5056.215398 4105.031715
555.009837 5865.371529 4514.283696
556.013890 5561.120774 5461.259710
557.016030 4443.573438 5807.587605
558.071851 6347.987982 5080.974344
559.223088 5008.486379 5986.628394
560.230181 5959.942141 5525.169114
561.238747 4291.701981 5878.860612
562.239569 4384.361813 4824.796624
563.240501 5981.134766 4233.985842
564.243441 3598.284564 5173.754159
565.252244 8330.198595 4058.345818
566.254023 9225.161802 6934.561857
567.259569 8257.843414 9392.801467
568.267957 6230.478374 9854.522564
569.268119 5760.389218 8165.689546
570.273219 9644.108989 6484.903377
571.275486 14104.653777 8376.171580
572.278100 16348.830846 12984.198625
573.278444 18193.245919 17251.458738
574.278861 18278.514129 20542.743126
575.279251 18651.459042 21664.962175
576.283442 19060.986085 21659.168374
577.287090 19752.589541 21211.489422
578.288146 20088.702156 20968.726704
579.289000 18753.037740 20795.395515
580.291571 19768.019260 19530.308270
581.293850 19893.126915 19464.683154
582.296978 19520.424346 19601.535364
583.298584 19481.779402 19463.332430
584.299304 19189.381016 19379.520234
585.302083 18359.563630 19143.880139
586.306951 18917.111515 18415.072271
587.311001 19286.723400 18454.952090
588.314477 19548.201827 18867.640770
589.315175 18720.654885 19374.864588
590.315199 18759.744161 19051.150600
591.317504 18971.219005 18835.986634
592.317570 19334.414345 18867.950166
593.340567 19434.307597 19182.145647
594.342517 19060.212223 19452.230501
595.343655 19517.347557 19302.220671
596.345821 20098.773800 19509.565145
597.347851 20031.010450 20051.252667
598.348411 20536.491415 20283.154199
599.349593 19185.808626 20715.179751
600.351082 19422.575462 19873.508352
601.353554 19382.701309 19458.322847
602.353583 18073.755516 19211.887634
603.354779 20142.713340 18149.664101
604.356163 19099.219518 19151.293557
605.356278 19220.730575 19117.342864
606.358210 18589.696229 19186.969974
607.361240 19566.666325 18756.947919
608.362313 18533.645753 19232.851542
609.364649 18539.472620 18779.491620
610.368338 19294.884800 18495.720342
611.371832 20172.770644 18931.331908
612.374747 19189.850117 19898.440297
613.378364 19126.464247 19713.386683
614.381211 18799.198903 19442.436332
615.382979 19371.286737 18982.519127
616.383882 18699.856432 19135.796344
617.387121 18959.587987 18767.734822
618.388094 19104.228988 18761.533130
619.388101 19123.817064 18916.426749
620.388225 19210.926345 19055.515175
621.388734 18697.622499 19207.466821
622.389318 19608.494770 18899.329641
623.392327 19772.219446 19377.988468
624.394049 18544.927765 19797.737965
625.395515 18314.463631 19080.764323
626.399513 18892.199372 18415.470261
627.400298 19769.057977 18490.873379
628.402099 18577.762750 19286.550390
629.403873 19166.283273 18911.544372
630.406019 20097.944113 19081.986350
631.410027 19300.555406 19887.027199
632.410319 19019.158477 19744.235322
633.412866 18771.288901 19350.871707
634.416101 18888.765518 18885.359411
635.419134 18329.793423 18712.193098
636.419761 18552.739708 18250.523975
637.421781 17891.059027 18206.716489
638.423756 19853.033993 17775.058040
639.427082 18487.467312 19059.710287
640.429103 19039.777075 18876.192326
641.432153 20570.030483 19101.484415
642.435674 18469.524719 20346.393680
643.436827 19450.430051 19449.378190
644.438223 18986.531165 19491.586076
645.443096 18964.665022 19154.476849
646.445252 19484.891576 18927.536206
647.449024 18773.613749 19213.518005
648.450337 19006.850406 18890.893926
649.450696 18250.975240 18875.189336
650.454212 19528.342213 18333.345933
651.454687 20142.165884 18999.856788
652.455981 19128.217273 19925.601326
653.457175 18470.536092 19682.153276
654.458627 18332.457117 18928.684364
655.461111 20342.967692 18333.853609
656.461625 19198.754049 19543.972040
657.465984 18785.441617 19490.619936
658.466056 19539.585042 19080.993088
659.469255 18976.505379 19367.899365
660.472193 19778.504681 19131.964176
661.473482 18952.444032 19576.631358
662.473863 19210.972991 19229.887794
663.476105 18848.469545 19181.051790
664.480584 18502.541459 18892.236504
665.484064 19013.083075 18477.441057
666.487911 19574.222015 18659.224645
667.489465 19192.616495 19259.435252
668.493663 18164.560396 19352.033107
669.496784 19173.932451 18587.435807
670.499323 18985.732310 18856.447345
671.500038 20020.484281 18929.174286
672.501944 19706.638439 19755.741240
673.504517 18099.138760 19999.826095
674.506567 18624.595253 18842.946850
675.509632 18510.446212 18472.647575
676.510381 19046.141555 18239.873076
677.512103 19361.346190 18592.900617
678.514323 19652.294707 19119.128099
679.515577 18497.579374 19661.007751
680.517586 18799.286110 19063.732816
681.519035 19792.871070 18849.837040
682.520041 18613.928876 19475.440139
683.523260 19647.883568 18983.392776
684.525771 18988.995447 19420.469139
685.526916 19552.199330 19201.694836
686.528640 18894.219728 19461.535750
687.531422 18635.330810 19120.637400
688.534947 19849.332754 18699.417119
689.536633 19050.694568 19383.286859
690.537278 19319.489017 19242.754563
691.538841 18968.661725 19326.069253
692.542560 20223.105432 19102.961070
693.545082 19285.706699 19898.664922
694.547925 19018.273679 19674.577927
695.549470 18903.990447 19264.741857
696.550267 19213.538304 18912.494353
697.550907 18856.211676 18966.405518
698.553085 19809.794652 18787.149325
699.556337 18881.074257 19429.974049
700.557235 18271.516732 19149.801265
701.557697 20147.861676 18485.364978
702.558493 19545.783205 19506.943480
703.559280 18731.362806 19726.403428
704.559928 19451.856839 19180.163046
705.563636 19573.997078 19335.213320
706.566211 19733.660948 19533.504516
707.567316 19155.358637 19762.521157
708.567403 19076.237818 19436.087692
709.567645 18933.516140 19143.348082
710.568167 18273.253523 18873.159452
711.570545 18983.981832 18257.957346
712.572425 19830.431893 18487.226570
713.572991 19162.285616 19360.887542
714.573787 19570.383058 19413.994409
715.576894 19240.972835 19683.693726
716.577754 19312.717772 19543.158050
717.578864 18936.082802 19451.152611
718.580087 18105.588339 19088.064954
719.581793 19381.685634 18245.654740
720.584987 19728.833621 18746.506004
721.587159 19035.639153 19416.087534
722.589448 18925.531482 19309.168970
723.592462 19024.592970 19104.746480
724.594558 19101.752869 19032.027601
725.596150 19228.551806 19051.679429
726.597109 19046.813006 19169.122905
727.597613 19884.935610 19106.397769
728.600418 18938.752873 19688.730963
729.604186 19872.977488 19319.311669
730.607204 18142.575822 19740.130784
731.607455 19740.388577 18685.950768
732.609734 19411.244669 19221.376590
733.610432 19198.888485 19371.984566
734.613333 18294.557407 19297.836442
735.614989 18625.788694 18557.777082
736.616041 19526.675092 18370.365949
737.617514 18912.999888 19016.180867
738.618864 19296.372977 19006.455480
739.621151 19610.424698 19265.758705
740.624695 18490.881719 19638.602676
741.626359 18927.299350 18978.322933
742.629193 18771.718562 18853.635981
743.632188 20077.851629 18693.022756
744.633220 18341.096958 19611.989896
745.634688 20037.945782 18885.372896
746.636778 19611.412481 19658.632029
747.638590 18474.701872 19820.190058
748.639516 19756.076912 18996.241722
749.641834 19165.058497 19414.913872
750.644373 18927.963819 19266.276895
751.648302 19281.153114 18988.832798
752.652401 18145.629987 19099.785477
753.653907 20515.109111 18348.961380
754.654961 18951.822586 19699.825827
755.657393 19266.225080 19406.613977
756.657537 19570.162084 19382.112076
757.657698 19106.845413 19568.842129
758.660662 18521.062900 19315.049641
759.662708 19131.919609 18696.765456
760.664252 19880.881614 18801.840256
761.664794 19374.006599 19498.618998
762.667187 18677.354512 19562.417761
763.670054 19738.407800 19024.725287
764.672398 20166.774582 19464.826323
765.674640 19796.064653 20074.547296
766.676607 19650.577601 20124.432158
767.676933 19376.393074 19958.167423
768.677556 19618.855783 19592.499205
769.680993 19379.949006 19537.485595
770.681486 19469.436804 19351.141254
771.682142 19388.658677 19332.286870
772.684710 18383.648660 19296.563567
773.685588 19564.157009 18547.968179
774.689180 19615.424091 19017.971868
775.689441 18704.110080 19427.970309
776.691420 18298.107563 18996.347466
777.693848 19057.822230 18402.974811
778.697165 18903.293560 18649.857671
779.700250 19155.748428 18759.393739
780.704211 19102.906612 19039.477879
781.707000 19314.516142 19168.956224
782.707187 19059.536262 19375.890141
783.710124 19791.482698 19272.778690
784.712486 19349.628927 19716.872185
785.713260 19955.673006 19626.181232
786.715922 19553.736835 19966.230738
787.718330 19393.930780 19832.163930
788.719862 18942.871012 19575.669211
789.719952 18825.055098 19063.692418
790.722273 18939.368682 18689.136734
791.724644 19005.471192 18621.573672
792.724828 19334.179267 18716.817775
793.728440 19556.304631 19083.134237
794.728693 19220.791661 19495.647749
795.731207 18936.785997 19465.433998
796.735343 18784.755076 19176.162290
797.737762 19147.910576 18857.659172
798.741577 18865.329042 18952.548215
799.744788 19452.587882 18836.897175
800.747490 18658.289293 19226.623752
801.749196 19981.105362 18882.254132
802.750747 19351.758173 19646.190163
803.753232 19704.890033 19639.876587
804.753415 19446.143464 19829.539090
805.753992 19129.245441 19699.148151
806.757009 19765.490843 19333.027992
807.757325 19368.018281 19576.206326
808.759309 19575.949715 19447.012201
809.761551 18971.362365 19518.615234
810.764823 19201.061857 19115.309859
811.768797 19443.619267 19049.944916
812.772088 19889.933288 19236.959737
813.775646 19290.509528 19716.867547
814.777580 18545.673262 19550.520066
815.780243 19394.419787 18843.716492
816.782104 18975.222047 19052.363791
817.783347 19984.530209 18927.803135
818.786255 19079.144652 19634.358656
819.786390 19378.395227 19396.140137
820.788797 18707.612362 19422.219938
821.793132 19195.412441 18921.216511
822.794573 18725.872383 18983.163820
823.797428 18868.490739 18715.044586
824.797998 20410.203076 18690.655686
825.801264 19564.409138 19879.204252
826.805261 18343.396103 19971.882787
827.807877 19323.094171 19000.593866
828.810399 19007.793358 19085.423516
829.813060 18914.953336 18950.780395
830.814818 18635.985910 18828.082058
831.815651 19060.098716 18579.225140
832.816369 19724.898636 18787.071478
833.819151 19306.786206 19457.851396
834.820223 19719.352782 19546.418843
835.820721 19009.130273 19840.219339
836.821789 18848.610082 19424.236066
837.822723 19020.791523 18992.077838
838.826121 18675.294315 18869.267866
839.829601 20479.489658 18586.620888
840.832577 18956.383983 19820.612263
841.835969 18498.632717 19459.998043
842.836535 18145.205614 18810.473968
843.836954 19607.492101 18142.681291
844.838362 18955.297288 18906.130898
845.839603 19302.129675 18974.049893
846.840594 18998.080240 19263.445530
847.843347 19131.469404 19189.777308
848.847579 20003.458263 19205.060803
849.848676 18394.150772 19848.296345
850.850282 18241.690243 19001.723977
851.851994 19846.657562 18312.199096
852.852841 19096.291183 19153.534931
853.852913 19772.421516 19184.708722
854.855045 19225.813076 19685.288982
855.856895 19482.311799 19547.405916
856.859167 19005.694397 19590.440215
857.859719 20359.886820 19227.462209
858.863302 19040.358987 20006.175570
859.865635 18947.029350 19494.314188
860.868525 19412.217803 19054.897470
861.871578 19476.544187 19157.113420
862.873323 18864.397650 19320.242279
863.876187 19170.595844 18981.772283
864.878149 18685.012227 19012.842272
865.879072 19629.129751 18703.627947
866.879467 19805.770059 19252.454997
867.881866 19481.419736 19753.517442
868.882836 19022.561438 19773.849077
869.883860 18753.311720 19366.763835
870.887471 18786.918768 18875.233326
871.889666 19174.255186 18624.192957
872.891378 18235.946057 18829.856538
873.893585 19437.666089 18315.056144
874.896343 18877.848895 18939.168449
875.898675 18994.054989 18955.986116
876.899971 19589.475324 19032.015215
877.902782 19295.024472 19507.104959
878.904368 19823.047423 19544.404283
879.907754 19389.947469 19896.726206
880.908562 18452.738456 19729.642506
881.909072 18891.255476 18858.270137
882.909183 19758.541709 18650.088797
883.912439 20037.623767 19256.754472
884.914607 19520.134501 19894.845662
885.915500 19100.134335 19861.468834
886.917152 19653.669954 19444.446712
887.917919 17882.005884 19565.009271
888.920287 18234.550632 18318.707669
889.921943 19266.404453 17850.789982
