10.000305 16885.396976
20.000653 19197.353519
30.000754 18989.616110
40.001080 17459.620875
50.001346 17467.061354
60.001409 17680.484522
70.001706 17054.856125
80.020790 17515.149033
90.020817 17070.778342
100.021152 17233.482084
110.021618 17120.376048
120.022222 17133.791285
130.022395 17274.797711
140.022744 17087.197182
150.022769 17136.946386
160.023079 17268.589805
170.023313 17425.784905
180.023656 17446.456487
190.024085 17551.140707
200.024828 17463.245848
210.026044 17500.567902
220.026177 17450.075857
230.027034 17515.075953
240.027487 17498.604069
250.027817 17248.511743
260.053738 17137.187557
270.054054 17339.190264
280.054188 17056.116316
290.054563 17337.951498
300.054861 17032.137709
310.055116 17129.999353
320.055590 17249.993062
330.055835 17304.274140
340.056499 16980.360316
350.056974 17131.125766
360.057384 17186.216373
370.057605 17341.899758
380.058018 17054.414378
390.058222 17201.370234
400.058397 17186.801540
410.058722 17277.359438
420.059463 17600.136448
430.059546 17380.951004
440.059788 17430.634417
450.060211 17134.988375
460.060563 17036.418117
470.061298 17214.925976
480.061542 17060.160102
490.066266 17224.497072
500.066365 17256.518737
510.066566 17086.344768
520.067077 17361.464179
530.067124 17273.695822
540.067811 17164.695672
550.067958 17582.497022
560.068687 17607.094907
570.069181 17308.842333
580.069341 19121.576604
590.069526 19197.646219
600.069701 19170.668140
610.069725 19177.093518
620.070188 19210.391637
630.070518 19121.284446
640.070679 19167.012867
650.071022 19216.673621
660.071690 19087.014352
670.071950 19182.286250
680.072248 19215.345875
690.072679 19130.416928
700.072764 19169.910836
710.073200 19178.852271
720.074039 19165.004151
730.074464 19145.154193
740.074518 19213.139936
750.074845 19114.664770
760.074882 19185.165558
770.075730 19226.560919
780.076119 19178.357267
790.076668 19231.182482
800.076854 19133.831690
810.076901 19102.926316
820.077166 19204.364918
830.077659 19166.808348
840.078004 19141.283538
850.078290 19152.387848
860.078957 19183.312964
870.079287 19211.355893
880.079772 19190.785994
890.080094 19153.054020
