# VLDDashClient mimuroto
156.230777 0.219902 2910.391856 2816
161.035514 4.754737 2961.257570 2816
165.840655 4.805141 2930.194752 2816
170.611865 4.771210 2951.033084 2816
175.453949 4.842084 2907.839081 2816
180.276728 4.822779 2919.478353 2816
185.094482 4.817754 2922.523625 2816
189.820644 4.726161 2979.162087 2816
194.518285 4.697641 2997.248877 2816
199.315393 4.797108 2935.101731 2816
204.039809 4.724416 2980.262482 2816
208.749299 4.709490 2989.707944 2816
213.540105 4.790806 2938.962515 2816
218.349553 4.809448 2927.571007 2816
223.037333 4.687780 3003.554077 2816
227.787972 4.750639 2963.811704 2816
232.421206 4.633234 3038.913906 2816
237.093870 4.672664 3013.270499 2816
241.513710 4.419840 3185.635978 2816
245.983498 4.469788 3150.037466 2816
250.460388 4.476890 3145.040492 2816
254.948067 4.487679 3137.479360 2816
259.465479 4.517412 3116.828580 2816
263.998863 4.533384 3105.847357 2816
268.387364 4.388500 3208.385224 2816
272.763325 4.375961 3217.579131 2816
277.197899 4.434574 3175.051022 2816
281.664205 4.466306 3152.493140 2816
286.180168 4.515963 3117.829118 2816
290.730853 4.450076 3163.990889 2816
295.547910 4.267133 3299.638984 2816
300.435664 4.154887 3388.780713 2816
305.507854 4.227077 3330.907113 2816
310.357792 4.077015 3453.507115 3072
315.215266 3.934489 3578.609506 3072
320.369103 4.088326 3443.952333 3072
324.781924 3.501147 4021.539456 3072
330.359821 4.079044 3451.789425 3072
333.780071 2.499294 5633.590741 3072
340.036950 3.756173 3748.495659 3072
342.695563 1.414786 9952.037627 3072
349.473328 3.192551 4410.265864 3072
352.676997 1.396220 10084.369070 3072
359.910524 3.629747 3879.057936 3072
363.972146 2.691369 5231.537483 3328
370.796966 4.516189 3684.522249 3328
375.363460 4.082683 4075.750998 3328
381.396692 5.115915 3252.594801 3328
386.137603 4.740911 3509.873905 3328
391.551513 5.270736 3157.054340 3328
396.374529 4.823017 3450.122897 3328
401.576122 5.201592 3199.020496 3328
406.454763 4.878642 3410.785480 3328
411.714184 5.259420 3163.846807 3328
416.537229 4.823045 3450.102597 3328
421.809632 5.272404 3156.055614 3328
426.727056 4.917424 3383.885609 3328
431.897915 5.170859 3218.034077 3328
436.801401 4.903486 3393.504170 3328
442.042657 5.241256 3174.811812 3328
446.935115 4.892458 3401.153115 3328
452.038946 5.103831 3260.295831 3328
457.090447 5.051501 3294.070450 3328
462.253615 5.163167 3222.828018 3328
467.221243 4.967629 3349.686769 3328
472.372316 5.151073 3230.394762 3328
477.433714 5.061398 3287.629487 3328
482.592366 5.158652 3225.648949 3328
487.685077 5.092711 3267.414884 3328
492.788658 5.103581 3260.455734 3328
497.783920 4.995262 3331.156613 3328
503.042961 5.259041 3164.074812 3328
508.142885 5.099924 3262.793935 3328
513.190826 5.047941 3296.393603 3328
518.439900 5.249074 3170.082721 3328
523.413924 4.974024 3345.379836 3328
528.706360 5.292436 3144.109921 3072
533.293820 4.587460 3348.257896 3328
538.110159 4.816339 3189.144251 3072
542.733254 4.623094 3322.450087 3072
547.272189 4.538935 3384.053799 3072
552.057647 4.785458 3209.724092 3072
556.568370 4.510723 3405.218901 3072
561.358300 4.789930 3206.727167 3072
565.940531 4.582231 3352.078942 3072
570.960596 4.679819 3282.178077 3072
575.545173 4.264396 3601.916750 3072
580.850565 4.569788 3361.205951 3328
585.773293 4.492516 3703.937617 3328
591.230955 4.950178 3361.495525 3328
595.866760 4.585983 3628.448051 3328
601.363273 5.082496 3273.982105 3328
606.066458 4.703185 3538.027891 3328
611.350163 5.069386 3282.448540 3328
615.924813 4.574650 3637.436678 3328
621.377750 5.096974 3264.682411 3328
625.995299 4.617549 3603.643520 3328
631.354497 5.073720 3279.644817 3328
636.110029 4.755532 3499.082990 3328
641.413157 5.132380 3242.160680 3328
646.191799 4.778642 3482.160940 3328
651.407777 5.127000 3245.562460 3328
656.023752 4.615975 3604.872140 3328
661.472758 5.191981 3204.942089 3328
666.249535 4.776776 3483.520869 3328
671.402704 5.121927 3248.777403 3328
676.115654 4.712951 3530.696788 3328
681.345572 5.064795 3285.424310 3328
686.124586 4.779014 3481.889785 3328
691.323573 5.042796 3299.756876 3328
696.112617 4.789044 3474.597377 3328
701.306982 5.026205 3310.648895 3328
705.920065 4.613083 3607.132119 3328
711.437133 5.156356 3227.084987 3328
716.627701 5.190568 3205.814682 3328
722.046029 5.418327 3071.058492 3328
727.304255 5.258226 3164.565510 3328
732.679211 5.374957 3095.838862 3328
737.870686 5.191475 3205.254761 3328
743.210557 5.339871 3116.180047 3328
748.673823 5.463265 3045.797431 3328
753.952622 5.278800 3152.231847 3328
759.291981 5.339358 3116.479355 3328
764.555495 5.263514 3161.385828 3072
769.561696 5.006200 3068.195251 3072
774.475061 4.913366 3126.166753 3072
779.492846 5.017785 3061.111451 3072
784.368973 4.876127 3150.041067 3072
789.416368 5.047394 3043.154318 3072
794.354964 4.938597 3110.195374 3072
799.356616 5.001652 3070.985403 3072
804.311929 4.955313 3099.703249 3072
809.362512 5.050583 3041.233082 3072
814.283413 4.920901 3121.379792 3072
819.270833 4.987420 3079.748647 3072
824.325745 5.054912 3038.628352 3072
829.355988 5.030243 3053.530396 3072
834.070417 4.714429 3258.082708 3072
839.100436 5.030019 3053.666314 3072
844.063865 4.963429 3094.634794 3072
848.975967 4.912101 3126.971500 3072
853.786833 4.810867 3192.771938 3072
858.751555 4.964721 3093.829162 3072
863.561577 4.810022 3193.332339 3072
868.507026 4.945449 3105.886011 3072
873.385756 4.878730 3148.360408 3072
878.421772 5.036016 3050.029763 3072
883.383537 4.961765 3095.672464 3072
888.393475 5.009937 3065.906606 3072
892.920145 4.526670 3393.222487 3072
896.590481 3.670336 4184.903489 3072
900.300229 3.709749 4140.442141 3072
904.061599 2.780822 5523.547162 3072
909.599054 3.318277 4628.908316 3072
913.955452 2.674675 5742.753027 3072
919.118549 2.837772 5412.696450 3328
922.230326 0.949549 17524.114964 3328
928.888481 2.607704 6381.091359 3328
932.234311 0.953534 17450.879038 3328
938.074864 1.794087 9274.910731 3328
942.233483 0.952706 17466.032728 3328
948.115091 1.834314 9071.509845 3328
952.235039 0.954262 17437.565167 3328
958.126723 1.845947 9014.345255 3328
962.238094 0.957317 17381.909129 3328
967.243795 0.963018 17279.012436 3328
972.240123 0.959346 17345.146702 3328
977.248802 0.968025 17189.644615 3328
982.238541 0.957764 17373.793760 3328
987.237557 0.956780 17391.664855 3328
992.236422 0.955645 17412.320576 3328
997.233242 0.952465 17470.458230 3584
1002.312943 1.032166 17361.549253 3584
1007.304367 1.023590 17507.013326 3584
1012.323981 1.043205 17177.840010 3584
1017.310406 1.029629 17404.324371 3584
1022.314721 1.033944 17331.687423 3584
1027.318958 1.038181 17260.962078 3584
1032.307504 1.026727 17453.522604 3584
1037.293500 1.012723 17694.865274 3584
