# AndroidClient mimuroto
1.089551 0.084288 7593.044455 5120
2.603494 1.463944 17487.011681 5120
4.076193 1.472699 17383.045827 5120
5.553812 1.477618 17325.175612 5120
7.622474 1.482924 17263.190831 5120
12.621851 1.482301 17270.446421 5120
17.620338 1.480787 17288.102285 5120
22.611715 1.472165 17389.359071 5120
27.611842 1.472291 17387.866937 5120
33.158189 2.018638 12681.817593 5120
38.999037 2.859486 8952.657540 5120
43.073116 1.933565 13239.792382 5120
48.091231 1.951681 13116.898099 5120
53.040774 1.901224 13465.011601 5120
58.112508 1.972958 12975.443156 5120
63.076219 1.936668 13218.577074 5120
69.953210 3.813659 6712.712931 5120
74.925977 3.786426 6760.992754 5120
80.013440 3.873889 6608.346124 5120
84.760738 3.621188 7069.503826 5120
89.445251 3.305701 7744.197446 5120
93.064273 1.924722 13300.620536 5120
101.123246 4.983696 5136.750115 5120
106.142962 5.003411 5116.509291 5120
111.894834 5.751872 4450.724987 5120
117.290487 5.395654 4744.559392 5120
122.770937 5.480449 4671.149968 5120
129.295736 6.524799 3923.492557 5120
136.454694 7.158959 3575.939046 5120
143.625628 7.170934 3569.967194 5120
150.827065 7.201437 3554.846091 5120
155.982159 5.155094 3476.173495 5120
161.591710 5.609550 2966.369643 5120
165.988942 4.347233 2944.401899 5120
170.404923 4.415981 2898.563355 5120
174.667275 4.262353 3003.036459 5120
178.953053 4.285777 2986.622879 5120
183.356593 4.403540 2906.752307 5120
187.688458 4.331865 2954.847276 5120
191.906830 4.218372 3034.345708 5120
196.320367 4.413537 2900.167983 5120
200.663443 4.343076 2947.219946 5120
205.052775 4.389332 2916.161420 5120
209.450948 4.398173 2910.299221 5120
213.773421 4.322473 2961.267699 5120
218.100043 4.326622 2958.428237 5120
222.470746 4.370703 2928.590761 5120
226.743049 4.272303 2996.041909 5120
231.045732 4.302682 2974.888635 5120
235.907929 4.266219 3000.314770 5120
240.693715 4.052005 3158.929823 5120
245.754145 4.112435 3112.511048 5120
250.748706 4.106996 3116.633151 5120
255.824789 4.183080 3059.946512 5120
260.835887 4.194178 3051.849835 5120
265.746897 4.105188 3118.005904 5120
270.734740 4.093031 3127.266889 5120
275.810815 4.169105 3070.203252 5120
280.878823 4.237114 3020.924395 4864
285.791319 4.149609 3084.627729 4864
290.804140 4.162431 3075.126342 4864
295.608935 3.967225 3226.436496 4864
300.560322 3.918612 3266.462485 4864
305.558052 3.916342 3268.355731 4864
310.499897 3.858188 3317.619922 4864
315.220358 3.578648 3576.769599 4864
320.529718 3.888009 3292.173499 4864
324.829150 3.187440 4015.761678 4608
330.493580 3.851870 3323.061140 4608
334.138632 2.496923 5126.310305 4608
340.042792 3.401083 3763.507459 4608
343.305942 1.664233 7691.232987 4608
349.552693 2.910983 4397.139410 4608
353.228697 1.586988 8065.593725 4608
360.003627 3.361917 3807.351226 4608
364.062941 2.421232 5286.565492 4608
370.450784 3.809074 3360.396463 4608
374.757588 3.115878 4107.990990 4608
380.612553 3.970843 3223.496869 4608
385.442734 3.801025 3367.512800 4608
390.694924 4.053214 3157.987490 4608
395.450494 3.808784 3360.652654 4608
400.734105 4.092396 3127.752240 4608
405.568592 3.926883 3259.582769 4608
410.794433 4.152723 3082.314823 4608
415.567752 3.926043 3260.280231 4608
420.800915 4.159205 3077.510966 4608
425.465505 3.823795 3347.459537 4608
430.762826 4.121116 3105.954429 4352
435.417753 3.776043 3389.791550 4352
440.802056 4.160346 3076.666967 4352
445.402198 3.760488 3403.813234 4352
450.754808 4.113098 3112.009433 4352
455.429304 3.787595 3379.453396 4352
460.781225 4.139515 3092.149606 4352
465.526843 3.885133 3294.610296 4352
470.770774 4.129064 3099.976019 4352
475.566836 3.925127 3261.041021 4352
480.731181 4.089472 3129.988797 4352
485.574681 3.932972 3254.536428 4352
490.816250 4.174541 3066.205519 4352
495.455153 3.813444 3356.545979 4096
500.853123 4.211414 3039.359521 4096
505.466561 3.824852 3346.535138 4096
510.764404 4.122694 3104.765696 4096
515.510596 3.868886 3308.445586 3840
520.800277 4.158567 3077.983218 3840
525.591550 3.949840 3240.637330 3840
530.696145 4.054436 3157.035971 3840
535.488923 3.847213 3327.083434 3840
540.781412 4.139702 3092.009931 3584
545.441969 3.800260 3368.190871 3584
550.800236 4.158527 3078.013068 3584
555.539506 3.897796 3283.906865 3584
560.705301 4.063592 3149.922649 3584
565.281552 3.639842 3516.635765 3328
570.562167 3.920458 3264.924815 3328
575.267233 3.625524 3530.524612 3328
580.561156 3.919447 3265.766918 3328
585.281331 3.639622 3516.849037 3328
590.544034 3.902324 3280.096391 3328
595.280174 3.638465 3517.967237 3328
600.588446 3.946737 3243.185753 3328
605.324175 3.682466 3475.932075 3328
610.660895 4.019185 3184.724951 3072
615.190767 3.549058 3606.591034 3072
620.565422 3.923713 3262.216449 3072
625.205270 3.563561 3591.913104 3072
630.615767 3.974057 3220.889892 3072
635.426381 3.784671 3382.063886 3072
640.725890 4.084181 3134.043487 3072
645.312152 3.670442 3487.318211 3072
650.661230 4.019520 3184.459538 3072
655.694885 4.053175 3158.018099 3072
660.639806 3.998096 3201.523880 3072
665.345838 3.704129 3455.603513 3072
670.617016 3.975307 3219.877281 3072
675.305275 3.663566 3493.863780 3072
680.584241 3.942531 3246.645105 3072
685.325928 3.684219 3474.278125 3072
690.528292 3.886583 3293.381622 3072
695.312520 3.670811 3486.968166 3072
700.664536 4.022826 3181.842483 3072
705.392976 3.751267 3412.180775 3328
711.899432 5.257723 3164.868252 3328
716.918722 5.019290 3315.210218 3328
722.356326 5.437604 3060.171425 3328
727.688603 5.332277 3120.617896 3328
733.063596 5.374993 3095.818133 3328
738.417876 5.354280 3107.793913 3328
743.791096 5.373219 3096.839824 3328
749.197597 5.406501 3077.776197 3328
754.562545 5.364948 3101.614353 3328
760.024389 5.461844 3046.589878 3328
765.254530 5.230140 3181.558951 3328
770.562495 5.307966 3134.910868 3328
775.903674 5.341178 3115.417339 3328
781.327727 5.424053 3067.816381 3328
786.610702 5.282974 3149.740756 3328
792.137051 5.526349 3011.029348 3328
797.361425 5.224374 3185.070541 3328
802.764796 5.403371 3079.559073 3072
807.624740 4.859944 3160.530244 3072
812.549822 4.925082 3118.729864 3072
817.451471 4.901649 3133.639158 3072
822.539913 5.088442 3018.605851 3072
827.381940 4.842027 3172.225211 3072
832.355251 4.973311 3088.485815 3072
837.218006 4.862756 3158.702864 3072
842.115518 4.897512 3136.286394 3072
846.976370 4.860852 3159.940105 3072
852.152491 5.176121 2967.473368 3072
856.956998 4.804507 3196.998173 3072
861.953392 4.996395 3074.216708 3072
866.762730 4.809338 3193.786865 3072
871.791377 5.028647 3054.499669 3072
876.713574 4.922197 3120.557683 3072
881.838504 5.124930 2997.114310 3072
886.627178 4.788674 3207.568438 3072
891.719855 5.092677 3016.095485 3072
