# AndroidClient simpson
94.181552 0.171938 5816.045615 4000
101.200344 6.968792 5739.875633 4000
109.581754 8.381410 4772.466477 4000
118.257432 8.675678 4610.590667 4000
127.369215 9.111783 4389.920320 4000
138.677956 11.308741 3537.087001 4000
149.962649 11.284693 3544.624412 4000
162.295429 12.332780 3243.388744 4000
173.670497 11.375068 2988.993183 3900
184.003273 10.332776 3000.161793 3800
193.196214 9.192941 2937.036225 3700
202.301445 9.105232 2965.328201 3600
211.385674 9.084228 2972.184270 3600
220.516217 9.130543 2957.107697 3500
229.606389 9.090172 2970.240715 3500
238.540682 8.934293 3022.063466 3500
247.095472 8.554790 3156.126421 3400
255.723538 8.628065 3129.322734 3400
264.441668 8.718130 3096.994380 3400
272.767681 8.326013 3242.848548 3400
281.314686 8.547005 3159.001160 3400
289.994117 8.679431 3110.803027 3400
297.744609 7.750492 3483.649920 3400
305.588744 7.844135 3442.062235 3400
313.018550 7.429806 3634.011554 3400
321.423921 7.192369 3753.978672 3400
331.005074 6.773522 3986.109447 3400
339.945129 5.713577 4725.586029 3400
349.076500 4.844948 5572.815058 3500
361.268698 7.037146 4973.607000 3500
372.740055 8.508503 4113.531972 3500
384.177843 9.946291 3518.899497 3500
394.854691 10.623139 3294.694781 3500
405.601366 10.746675 3256.821312 3500
416.197237 10.595872 3303.173187 3500
426.988822 10.791584 3243.268018 3500
437.643718 10.654897 3284.874623 3500
448.451638 10.807920 3238.366020 3500
459.270784 10.819146 3235.005869 3500
470.030381 10.759597 3252.909996 3500
480.691794 10.661413 3282.866854 3400
491.103854 10.412060 3265.444139 3400
501.428366 10.324512 3293.133877 3400
511.680778 10.252412 3316.292742 3400
521.861786 10.181008 3339.551286 3400
532.150680 10.288894 3304.534156 3400
542.357719 10.207039 3331.034469 3400
552.660194 10.302475 3300.177835 3400
562.815567 10.155372 3347.981627 3400
572.681032 9.865465 3446.365565 3400
582.189821 9.508788 3575.639528 3400
591.951299 9.761478 3483.078962 3400
601.728129 9.776830 3477.609765 3400
611.662997 9.934868 3422.290089 3400
621.588465 9.925468 3425.531025 3400
631.453655 9.865190 3446.461858 3400
641.482773 10.029118 3390.128528 3400
651.534303 10.051530 3382.569611 3400
661.383540 9.849236 3452.044265 3400
671.444380 10.060840 3379.439352 3400
681.409964 9.965584 3411.742010 3400
691.512961 10.102997 3365.337980 3400
701.443361 9.930400 3423.829789 3400
711.592344 10.148983 3350.089502 3400
722.403286 10.810942 3144.961694 3400
733.155000 10.751714 3162.286485 3400
744.116812 10.961812 3101.677056 3400
754.931989 10.815177 3143.730296 3400
765.991790 11.059801 3074.196287 3400
777.052938 11.061148 3073.822108 3400
787.966638 10.913700 3115.350453 3400
798.965328 10.998690 3091.277296 3400
809.743566 10.778239 3154.504314 3400
820.643757 10.900191 3119.211396 3400
831.705482 11.061725 3073.661765 3300
842.246794 10.541313 3130.539948 3300
852.917673 10.670879 3092.528715 3300
862.658662 9.740988 3079.769648 3300
872.309166 9.650504 3108.645960 3300
881.940186 9.631020 3114.934845 3300
891.662337 9.722152 3085.736640 3300
899.134306 7.471969 4015.006174 3300
904.319790 5.185484 5785.381130 3300
909.913917 5.594127 5362.766598 3400
914.781860 4.867942 6984.470642 3400
919.634754 4.852894 7006.128386 3400
929.027987 4.796435 7088.598240 3400
937.508395 3.276843 10375.839403 3500
947.641431 3.409879 10264.292411 3500
957.646567 3.415015 10248.856127 3500
