# AndroidClient simpson
63.147665 0.139328 7177.288834 4000
66.604222 3.406557 11742.060642 4000
71.934499 5.330277 7504.300268 4000
77.262593 5.328094 7507.375133 4000
82.730795 5.468202 7315.018180 4000
88.315788 5.118123 7815.364969 4000
99.829725 6.632060 6031.308468 4000
112.319476 9.121811 4385.094017 4000
122.213808 9.016143 4436.486712 4000
134.005972 10.808308 3700.856936 4000
145.318355 11.312383 3535.948149 4000
156.610811 11.292456 3542.187864 4000
170.134357 13.523546 2957.804129 4000
183.557885 13.423528 2979.842509 4000
196.964923 13.407038 2983.507570 4000
210.437778 13.472855 2968.932711 4000
222.855701 12.417923 2979.564353 4000
232.245082 9.389380 2982.092403 4000
241.328709 9.083627 3082.469100 4000
250.304267 8.975558 3119.583174 4000
259.214765 8.910498 3142.360738 4000
268.042589 8.827823 3171.789768 4000
276.795156 8.752568 3199.061188 3900
285.683861 8.888705 3150.065322 3900
294.193249 8.509388 3290.483583 3900
301.982364 7.789116 3594.759716 3800
310.219830 8.237466 3399.103576 3800
317.467116 7.247286 3863.515222 3800
324.860815 7.393699 3787.008361 3800
331.490836 6.630020 4223.214782 3800
338.874740 5.677075 4932.116911 3900
346.740552 3.542887 7903.158514 3900
358.283596 5.085931 5505.383026 3900
369.804733 6.607069 4237.885386 3900
380.860662 7.662997 3653.922885 3900
391.794443 8.596778 3257.034164 3900
401.949078 8.751413 3199.483156 3900
411.807742 8.610077 3252.003457 3900
421.763287 8.565622 3268.881113 3900
431.734913 8.537248 3279.745371 3800
441.751805 8.554141 3273.268521 3800
451.787808 8.590144 3259.549734 3800
461.845053 8.647389 3237.971657 3800
471.957786 8.760122 3196.302656 3800
481.952728 8.755063 3198.149392 3800
491.825028 8.627364 3245.487408 3800
502.005439 8.807775 3179.009541 3700
511.720688 8.523024 3285.219013 3700
521.920123 8.722458 3210.104267 3700
531.853725 8.656060 3234.727898 3700
541.783550 8.585885 3261.166471 3700
551.922267 8.724602 3209.315290 3700
561.868349 8.670684 3229.272180 3700
571.350247 8.152582 3434.494698 3700
581.218944 8.021279 3490.714979 3700
591.287927 8.090262 3460.950991 3700
601.454056 8.256392 3391.312001 3700
611.424653 8.226988 3403.432687 3600
621.460001 8.262336 3388.872113 3600
631.623386 8.425722 3323.157469 3600
641.732488 8.534823 3280.677290 3600
651.686776 8.489112 3298.342773 3600
661.676426 8.478762 3302.369051 3600
671.567948 8.370284 3345.167319 3600
681.662600 8.464935 3307.763116 3600
691.619482 8.421817 3324.698144 3600
701.614331 8.416666 3326.732781 3600
711.683415 8.485751 3299.649111 3600
722.393273 9.195608 3044.931771 3600
732.241686 9.044021 3095.967952 3600
742.457764 9.260100 3023.725484 3600
752.350098 9.152433 3059.295738 3600
762.386176 9.188512 3047.283552 3500
772.407234 9.209570 3040.315800 3500
782.316274 9.118609 3070.643616 3500
792.431776 9.234111 3032.235557 3500
802.315575 9.117910 3070.879016 3500
812.310850 9.113185 3072.471217 3500
822.390347 9.192682 3045.900912 3500
832.274348 9.076684 3084.827147 3500
842.404747 9.207083 3041.137020 3500
852.365518 9.167854 3054.149919 3500
862.274102 9.076438 3084.910712 3500
872.407281 9.209617 3040.300316 3500
882.329933 9.132268 3066.050930 3500
892.213003 9.015339 3105.817837 3500
900.092757 6.895093 4060.858997 3500
908.808940 5.611275 4989.953136 3500
918.540900 5.343235 5240.270631 3500
926.780602 3.582937 9768.521868 3500
