# AndroidClient mimuroto
1.005263 0.128000  1.089551 0.128000 
1.139551 5.120000  2.603494 5.120000 
2.603494 5.120000  4.076193 5.120000 
4.076193 5.120000  5.553812 5.120000 
6.139551 5.120000  7.622474 5.120000 
11.139551 5.120000  12.621851 5.120000 
16.139551 5.120000  17.620338 5.120000 
21.139551 5.120000  22.611715 5.120000 
26.139551 5.120000  27.611842 5.120000 
31.139551 5.120000  33.158189 5.120000 
36.139551 5.120000  38.999037 5.120000 
41.139551 5.120000  43.073116 5.120000 
46.139551 5.120000  48.091231 5.120000 
51.139551 5.120000  53.040774 5.120000 
56.139551 5.120000  58.112508 5.120000 
61.139551 5.120000  63.076219 5.120000 
66.139551 5.120000  69.953210 5.120000 
71.139551 5.120000  74.925977 5.120000 
76.139551 5.120000  80.013440 5.120000 
81.139551 5.120000  84.760738 5.120000 
86.139551 5.120000  89.445251 5.120000 
91.139551 5.120000  93.064273 5.120000 
96.139551 5.120000  101.123246 5.120000 
101.139551 5.120000  106.142962 5.120000 
106.142962 5.120000  111.894834 5.120000 
111.894834 5.120000  117.290487 5.120000 
117.290487 5.120000  122.770937 5.120000 
122.770937 5.120000  129.295736 5.120000 
129.295736 5.120000  136.454694 5.120000 
136.454694 5.120000  143.625628 5.120000 
143.625628 5.120000  150.827065 5.120000 
150.827065 5.120000  155.982159 3.584000 
155.982159 5.120000  161.591710 3.328000 
161.641710 5.120000  165.988942 2.560000 
165.988942 5.120000  170.404923 2.560000 
170.404923 5.120000  174.667275 2.560000 
174.667275 5.120000  178.953053 2.560000 
178.953053 5.120000  183.356593 2.560000 
183.356593 5.120000  187.688458 2.560000 
187.688458 5.120000  191.906830 2.560000 
191.906830 5.120000  196.320367 2.560000 
196.320367 5.120000  200.663443 2.560000 
200.663443 5.120000  205.052775 2.560000 
205.052775 5.120000  209.450948 2.560000 
209.450948 5.120000  213.773421 2.560000 
213.773421 5.120000  218.100043 2.560000 
218.100043 5.120000  222.470746 2.560000 
222.470746 5.120000  226.743049 2.560000 
226.743049 5.120000  231.045732 2.560000 
231.641710 5.120000  235.907929 2.560000 
236.641710 5.120000  240.693715 2.560000 
241.641710 5.120000  245.754145 2.560000 
246.641710 5.120000  250.748706 2.560000 
251.641710 5.120000  255.824789 2.560000 
256.641710 5.120000  260.835887 2.560000 
261.641710 5.120000  265.746897 2.560000 
266.641710 5.120000  270.734740 2.560000 
271.641710 5.120000  275.810815 2.560000 
276.641710 5.120000  280.878823 2.560000 
281.641710 4.864000  285.791319 2.560000 
286.641710 4.864000  290.804140 2.560000 
291.641710 4.864000  295.608935 2.560000 
296.641710 4.864000  300.560322 2.560000 
301.641710 4.864000  305.558052 2.560000 
306.641710 4.864000  310.499897 2.560000 
311.641710 4.864000  315.220358 2.560000 
316.641710 4.864000  320.529718 2.560000 
321.641710 4.864000  324.829150 2.560000 
326.641710 4.608000  330.493580 2.560000 
331.641710 4.608000  334.138632 2.560000 
336.641710 4.608000  340.042792 2.560000 
341.641710 4.608000  343.305942 2.560000 
346.641710 4.608000  349.552693 2.560000 
351.641710 4.608000  353.228697 2.560000 
356.641710 4.608000  360.003627 2.560000 
361.641710 4.608000  364.062941 2.560000 
366.641710 4.608000  370.450784 2.560000 
371.641710 4.608000  374.757588 2.560000 
376.641710 4.608000  380.612553 2.560000 
381.641710 4.608000  385.442734 2.560000 
386.641710 4.608000  390.694924 2.560000 
391.641710 4.608000  395.450494 2.560000 
396.641710 4.608000  400.734105 2.560000 
401.641710 4.608000  405.568592 2.560000 
406.641710 4.608000  410.794433 2.560000 
411.641710 4.608000  415.567752 2.560000 
416.641710 4.608000  420.800915 2.560000 
421.641710 4.608000  425.465505 2.560000 
426.641710 4.608000  430.762826 2.560000 
431.641710 4.352000  435.417753 2.560000 
436.641710 4.352000  440.802056 2.560000 
441.641710 4.352000  445.402198 2.560000 
446.641710 4.352000  450.754808 2.560000 
451.641710 4.352000  455.429304 2.560000 
456.641710 4.352000  460.781225 2.560000 
461.641710 4.352000  465.526843 2.560000 
466.641710 4.352000  470.770774 2.560000 
471.641710 4.352000  475.566836 2.560000 
476.641710 4.352000  480.731181 2.560000 
481.641710 4.352000  485.574681 2.560000 
486.641710 4.352000  490.816250 2.560000 
491.641710 4.352000  495.455153 2.560000 
496.641710 4.096000  500.853123 2.560000 
501.641710 4.096000  505.466561 2.560000 
506.641710 4.096000  510.764404 2.560000 
511.641710 4.096000  515.510596 2.560000 
516.641710 3.840000  520.800277 2.560000 
521.641710 3.840000  525.591550 2.560000 
526.641710 3.840000  530.696145 2.560000 
531.641710 3.840000  535.488923 2.560000 
536.641710 3.840000  540.781412 2.560000 
541.641710 3.584000  545.441969 2.560000 
546.641710 3.584000  550.800236 2.560000 
551.641710 3.584000  555.539506 2.560000 
556.641710 3.584000  560.705301 2.560000 
561.641710 3.584000  565.281552 2.560000 
566.641710 3.328000  570.562167 2.560000 
571.641710 3.328000  575.267233 2.560000 
576.641710 3.328000  580.561156 2.560000 
581.641710 3.328000  585.281331 2.560000 
586.641710 3.328000  590.544034 2.560000 
591.641710 3.328000  595.280174 2.560000 
596.641710 3.328000  600.588446 2.560000 
601.641710 3.328000  605.324175 2.560000 
606.641710 3.328000  610.660895 2.560000 
611.641710 3.072000  615.190767 2.560000 
616.641710 3.072000  620.565422 2.560000 
621.641710 3.072000  625.205270 2.560000 
626.641710 3.072000  630.615767 2.560000 
631.641710 3.072000  635.426381 2.560000 
636.641710 3.072000  640.725890 2.560000 
641.641710 3.072000  645.312152 2.560000 
646.641710 3.072000  650.661230 2.560000 
651.641710 3.072000  655.694885 2.560000 
656.641710 3.072000  660.639806 2.560000 
661.641710 3.072000  665.345838 2.560000 
666.641710 3.072000  670.617016 2.560000 
671.641710 3.072000  675.305275 2.560000 
676.641710 3.072000  680.584241 2.560000 
681.641710 3.072000  685.325928 2.560000 
686.641710 3.072000  690.528292 2.560000 
691.641710 3.072000  695.312520 2.560000 
696.641710 3.072000  700.664536 2.560000 
701.641710 3.072000  705.392976 2.560000 
706.641710 3.328000  711.899432 3.328000 
711.899432 3.328000  716.918722 3.328000 
716.918722 3.328000  722.356326 3.328000 
722.356326 3.328000  727.688603 3.328000 
727.688603 3.328000  733.063596 3.328000 
733.063596 3.328000  738.417876 3.328000 
738.417876 3.328000  743.791096 3.328000 
743.791096 3.328000  749.197597 3.328000 
749.197597 3.328000  754.562545 3.328000 
754.562545 3.328000  760.024389 3.328000 
760.024389 3.328000  765.254530 3.328000 
765.254530 3.328000  770.562495 3.328000 
770.562495 3.328000  775.903674 3.328000 
775.903674 3.328000  781.327727 3.328000 
781.327727 3.328000  786.610702 3.328000 
786.610702 3.328000  792.137051 3.328000 
792.137051 3.328000  797.361425 3.328000 
797.361425 3.328000  802.764796 3.328000 
802.764796 3.072000  807.624740 3.072000 
807.624740 3.072000  812.549822 3.072000 
812.549822 3.072000  817.451471 3.072000 
817.451471 3.072000  822.539913 3.072000 
822.539913 3.072000  827.381940 3.072000 
827.381940 3.072000  832.355251 3.072000 
832.355251 3.072000  837.218006 3.072000 
837.218006 3.072000  842.115518 3.072000 
842.115518 3.072000  846.976370 3.072000 
846.976370 3.072000  852.152491 3.072000 
852.152491 3.072000  856.956998 3.072000 
856.956998 3.072000  861.953392 3.072000 
861.953392 3.072000  866.762730 3.072000 
866.762730 3.072000  871.791377 3.072000 
871.791377 3.072000  876.713574 3.072000 
876.713574 3.072000  881.838504 3.072000 
881.838504 3.072000  886.627178 3.072000 
886.627178 3.072000  891.719855 3.072000 
