# VLDDashClient mimuroto
156.010875 0.128000  156.230777 0.128000 
156.280777 2.816000  161.035514 2.816000 
161.035514 2.816000  165.840655 2.816000 
165.840655 2.816000  170.611865 2.816000 
170.611865 2.816000  175.453949 2.816000 
175.453949 2.816000  180.276728 2.816000 
180.276728 2.816000  185.094482 2.816000 
185.094482 2.816000  189.820644 2.816000 
189.820644 2.816000  194.518285 2.816000 
194.518285 2.816000  199.315393 2.816000 
199.315393 2.816000  204.039809 2.816000 
204.039809 2.816000  208.749299 2.816000 
208.749299 2.816000  213.540105 2.816000 
213.540105 2.816000  218.349553 2.816000 
218.349553 2.816000  223.037333 2.816000 
223.037333 2.816000  227.787972 2.816000 
227.787972 2.816000  232.421206 2.816000 
232.421206 2.816000  237.093870 2.816000 
237.093870 2.816000  241.513710 2.816000 
241.513710 2.816000  245.983498 2.816000 
245.983498 2.816000  250.460388 2.816000 
250.460388 2.816000  254.948067 2.816000 
254.948067 2.816000  259.465479 2.816000 
259.465479 2.816000  263.998863 2.816000 
263.998863 2.816000  268.387364 2.816000 
268.387364 2.816000  272.763325 2.816000 
272.763325 2.816000  277.197899 2.816000 
277.197899 2.816000  281.664205 2.816000 
281.664205 2.816000  286.180168 2.816000 
286.280777 2.816000  290.730853 2.816000 
291.280777 2.816000  295.547910 2.816000 
296.280777 2.816000  300.435664 2.816000 
301.280777 2.816000  305.507854 2.816000 
306.280777 2.816000  310.357792 2.816000 
311.280777 3.072000  315.215266 2.816000 
316.280777 3.072000  320.369103 2.816000 
321.280777 3.072000  324.781924 2.816000 
326.280777 3.072000  330.359821 2.816000 
331.280777 3.072000  333.780071 2.816000 
336.280777 3.072000  340.036950 2.816000 
341.280777 3.072000  342.695563 2.816000 
346.280777 3.072000  349.473328 2.816000 
351.280777 3.072000  352.676997 2.816000 
356.280777 3.072000  359.910524 2.816000 
361.280777 3.072000  363.972146 2.816000 
366.280777 3.328000  370.796966 3.328000 
371.280777 3.328000  375.363460 3.328000 
376.280777 3.328000  381.396692 3.328000 
381.396692 3.328000  386.137603 3.328000 
386.280777 3.328000  391.551513 3.328000 
391.551513 3.328000  396.374529 3.328000 
396.374529 3.328000  401.576122 3.328000 
401.576122 3.328000  406.454763 3.328000 
406.454763 3.328000  411.714184 3.328000 
411.714184 3.328000  416.537229 3.328000 
416.537229 3.328000  421.809632 3.328000 
421.809632 3.328000  426.727056 3.328000 
426.727056 3.328000  431.897915 3.328000 
431.897915 3.328000  436.801401 3.328000 
436.801401 3.328000  442.042657 3.328000 
442.042657 3.328000  446.935115 3.328000 
446.935115 3.328000  452.038946 3.328000 
452.038946 3.328000  457.090447 3.328000 
457.090447 3.328000  462.253615 3.328000 
462.253615 3.328000  467.221243 3.328000 
467.221243 3.328000  472.372316 3.328000 
472.372316 3.328000  477.433714 3.328000 
477.433714 3.328000  482.592366 3.328000 
482.592366 3.328000  487.685077 3.328000 
487.685077 3.328000  492.788658 3.328000 
492.788658 3.328000  497.783920 3.328000 
497.783920 3.328000  503.042961 3.328000 
503.042961 3.328000  508.142885 3.328000 
508.142885 3.328000  513.190826 3.328000 
513.190826 3.328000  518.439900 3.328000 
518.439900 3.328000  523.413924 3.328000 
523.413924 3.328000  528.706360 3.328000 
528.706360 3.072000  533.293820 3.072000 
533.293820 3.328000  538.110159 3.072000 
538.110159 3.072000  542.733254 3.072000 
542.733254 3.072000  547.272189 3.072000 
547.272189 3.072000  552.057647 3.072000 
552.057647 3.072000  556.568370 3.072000 
556.568370 3.072000  561.358300 3.072000 
561.358300 3.072000  565.940531 3.072000 
566.280777 3.072000  570.960596 3.072000 
571.280777 3.072000  575.545173 3.072000 
576.280777 3.072000  580.850565 3.072000 
581.280777 3.328000  585.773293 3.328000 
586.280777 3.328000  591.230955 3.328000 
591.280777 3.328000  595.866760 3.328000 
596.280777 3.328000  601.363273 3.328000 
601.363273 3.328000  606.066458 3.328000 
606.280777 3.328000  611.350163 3.328000 
611.350163 3.328000  615.924813 3.328000 
616.280777 3.328000  621.377750 3.328000 
621.377750 3.328000  625.995299 3.328000 
626.280777 3.328000  631.354497 3.328000 
631.354497 3.328000  636.110029 3.328000 
636.280777 3.328000  641.413157 3.328000 
641.413157 3.328000  646.191799 3.328000 
646.280777 3.328000  651.407777 3.328000 
651.407777 3.328000  656.023752 3.328000 
656.280777 3.328000  661.472758 3.328000 
661.472758 3.328000  666.249535 3.328000 
666.280777 3.328000  671.402704 3.328000 
671.402704 3.328000  676.115654 3.328000 
676.280777 3.328000  681.345572 3.328000 
681.345572 3.328000  686.124586 3.328000 
686.280777 3.328000  691.323573 3.328000 
691.323573 3.328000  696.112617 3.328000 
696.280777 3.328000  701.306982 3.328000 
701.306982 3.328000  705.920065 3.328000 
706.280777 3.328000  711.437133 3.328000 
711.437133 3.328000  716.627701 3.328000 
716.627701 3.328000  722.046029 3.328000 
722.046029 3.328000  727.304255 3.328000 
727.304255 3.328000  732.679211 3.328000 
732.679211 3.328000  737.870686 3.328000 
737.870686 3.328000  743.210557 3.328000 
743.210557 3.328000  748.673823 3.328000 
748.673823 3.328000  753.952622 3.328000 
753.952622 3.328000  759.291981 3.328000 
759.291981 3.328000  764.555495 3.328000 
764.555495 3.072000  769.561696 3.072000 
769.561696 3.072000  774.475061 3.072000 
774.475061 3.072000  779.492846 3.072000 
779.492846 3.072000  784.368973 3.072000 
784.368973 3.072000  789.416368 3.072000 
789.416368 3.072000  794.354964 3.072000 
794.354964 3.072000  799.356616 3.072000 
799.356616 3.072000  804.311929 3.072000 
804.311929 3.072000  809.362512 3.072000 
809.362512 3.072000  814.283413 3.072000 
814.283413 3.072000  819.270833 3.072000 
819.270833 3.072000  824.325745 3.072000 
824.325745 3.072000  829.355988 3.072000 
829.355988 3.072000  834.070417 3.072000 
834.070417 3.072000  839.100436 3.072000 
839.100436 3.072000  844.063865 3.072000 
844.063865 3.072000  848.975967 3.072000 
848.975967 3.072000  853.786833 3.072000 
853.786833 3.072000  858.751555 3.072000 
858.751555 3.072000  863.561577 3.072000 
863.561577 3.072000  868.507026 3.072000 
868.507026 3.072000  873.385756 3.072000 
873.385756 3.072000  878.421772 3.072000 
878.421772 3.072000  883.383537 3.072000 
883.383537 3.072000  888.393475 3.072000 
888.393475 3.072000  892.920145 3.072000 
892.920145 3.072000  896.590481 3.072000 
896.590481 3.072000  900.300229 3.072000 
901.280777 3.072000  904.061599 3.072000 
906.280777 3.072000  909.599054 3.072000 
911.280777 3.072000  913.955452 3.072000 
916.280777 3.072000  919.118549 3.072000 
921.280777 3.328000  922.230326 3.328000 
926.280777 3.328000  928.888481 3.328000 
931.280777 3.328000  932.234311 3.328000 
936.280777 3.328000  938.074864 3.328000 
941.280777 3.328000  942.233483 3.328000 
946.280777 3.328000  948.115091 3.328000 
951.280777 3.328000  952.235039 3.328000 
956.280777 3.328000  958.126723 3.328000 
961.280777 3.328000  962.238094 3.328000 
966.280777 3.328000  967.243795 3.328000 
971.280777 3.328000  972.240123 3.328000 
976.280777 3.328000  977.248802 3.328000 
981.280777 3.328000  982.238541 3.328000 
986.280777 3.328000  987.237557 3.328000 
991.280777 3.328000  992.236422 3.328000 
996.280777 3.328000  997.233242 3.328000 
1001.280777 3.584000  1002.312943 3.584000 
1006.280777 3.584000  1007.304367 3.584000 
1011.280777 3.584000  1012.323981 3.584000 
1016.280777 3.584000  1017.310406 3.584000 
1021.280777 3.584000  1022.314721 3.584000 
1026.280777 3.584000  1027.318958 3.584000 
1031.280777 3.584000  1032.307504 3.584000 
1036.280777 3.584000  1037.293500 3.584000 
