33.002842 18832.087888 0.000000
34.002967 19039.297843 18832.087888
35.003483 19101.829557 19246.507797
36.004742 18834.346134 19345.209071
37.006435 19096.410976 19133.102263
38.007665 19313.174197 19148.908458
39.007904 19368.824774 19306.259601
42.143353 19042.819338 19428.401754
43.143466 19190.970354 19230.074509
47.142353 18800.233304 19195.210356
48.143037 18979.153543 18883.665491
52.143723 18804.780586 18841.225191
53.144344 19132.726559 18723.707412
57.142944 18994.720331 18931.176295
58.143168 19102.511716 18981.793632
62.142347 19113.079468 19091.177514
63.144232 19153.092061 19156.628820
64.145064 19169.772433 19208.476579
67.144136 19340.484818 19233.064609
68.144936 19086.737947 19357.569868
69.145651 19142.931911 19225.241082
70.145663 19374.890839 19166.596378
72.143323 18757.785524 19305.327106
73.144708 18825.979532 18929.254416
74.146480 19017.858526 18749.496355
75.146909 19369.561070 18822.647363
77.143662 19093.879240 19171.802567
78.144370 19102.783088 19189.058422
79.145862 19377.529840 19180.569440
80.145977 19278.743006 19362.938425
82.144468 19006.326930 19383.680646
83.144728 18890.397749 19163.505289
84.147705 19601.938324 18927.176135
85.147811 18421.878636 19333.472393
87.144535 19860.399459 18718.692239
88.145646 19408.162864 19415.989378
89.146391 19501.746848 19536.563022
92.142530 19129.655824 19634.937793
93.142780 19075.449762 19371.759174
94.143686 19351.289232 19138.989480
95.143821 19092.867850 19213.599307
97.145605 18494.244813 19091.510665
98.147301 18841.887385 18581.838362
99.149700 18426.239064 18565.835753
100.150458 19881.055384 18315.111115
101.151408 19185.258142 19308.643024
102.152213 18956.888110 19426.664136
103.154688 19502.300974 19254.045670
104.155061 18804.171602 19502.506695
105.157201 18461.012993 19103.088748
106.159821 18757.645679 18571.281532
107.160683 19024.389783 18500.285303
108.161651 19472.688584 18729.185360
109.161984 19341.643481 19253.660596
110.162604 18963.740833 19472.371383
111.164437 18882.978466 19265.617815
112.164549 18594.414468 19026.200011
113.165732 19059.632274 18654.262724
114.166519 18821.379246 18802.245371
115.168746 19084.972297 18761.893649
116.170150 18623.027046 18954.283975
117.170335 19024.890980 18736.692281
118.171852 19364.762795 18900.878076
119.173944 19189.872220 19268.878060
120.175405 18940.700466 19345.681305
121.177096 18653.439716 19158.251840
122.177544 19265.106535 18794.703702
123.178237 18734.269901 19036.363751
124.180193 18585.582802 18816.251996
125.180386 19465.163537 18574.185270
126.184444 19650.773807 19115.686841
127.186511 19749.616442 19613.014503
128.188296 19664.105558 19945.250137
129.189731 18742.634980 19998.326367
130.191471 19300.945523 19250.206346
131.193860 18440.977118 19167.986402
132.197643 19721.395337 18515.139906
133.198952 19094.627901 19130.489625
134.200184 19302.850053 19115.815336
135.200871 19380.419341 19259.347947
136.201024 18668.599257 19400.166745
137.203883 18492.781422 18931.774229
138.205920 18486.999910 18499.920853
139.208141 18312.443324 18277.873172
140.209095 19659.655227 18088.213577
141.209640 19665.001788 19059.850143
142.212009 18769.471684 19699.629618
143.212954 19252.490143 19339.214821
144.213897 19958.169979 19378.835481
145.214663 19637.384269 19896.319354
146.216383 19476.861227 19929.934664
147.217982 19207.491898 19753.212439
148.220879 19457.347195 19393.736527
149.222657 18966.044976 19354.828886
150.224891 19273.548613 18992.527979
151.227795 19194.816744 19035.384502
152.229912 19449.876991 19057.304890
153.231378 19654.858991 19293.938233
154.231577 20413.868530 19604.976093
155.231846 19560.541074 20342.222902
156.235026 20384.658497 20088.762122
157.236000 19757.691136 20448.064537
158.237595 18839.583182 20141.638714
159.241590 18871.114491 19203.857942
160.243727 18587.287698 18667.547348
161.247719 19787.689736 18237.413742
162.249683 18936.519124 19010.116956
163.250032 19472.452720 18952.483799
164.251942 19037.651115 19321.626249
165.254237 19403.961699 19217.802888
166.254952 18881.964760 19395.586203
167.255051 19239.000756 19095.074030
168.255404 18996.583396 19159.317622
169.258823 20528.348824 19029.547182
170.262267 18653.924563 20105.245087
171.265927 18881.308679 19343.051778
172.267222 18800.093207 18960.211406
173.268875 19333.155477 18688.153935
174.270085 18786.630449 18979.906720
175.270322 18562.807803 18804.201530
176.271849 19523.900650 18544.089181
177.274847 19619.887021 19139.532297
178.277942 18831.432818 19605.335722
179.278617 19242.459097 19250.534606
180.280465 20169.426888 19276.628311
181.282560 18906.161394 19976.358703
182.285999 19472.073112 19427.041825
183.289044 19329.166523 19446.597066
184.291732 18581.519067 19355.563757
185.294093 19033.974935 18742.712201
186.296823 19700.024327 18735.330041
187.298325 18120.634145 19305.837228
188.301152 19311.890991 18505.094961
189.301257 18530.736411 18902.051257
190.305552 18376.351754 18617.123404
191.306008 18273.730538 18337.274236
192.308788 19358.438125 18130.153120
193.310605 19229.542638 18876.017607
194.312827 18709.509868 19272.883364
195.314004 19387.502147 19070.456484
196.316291 19743.716541 19387.500599
197.317915 18941.366759 19813.183839
198.319531 18475.835434 19406.896298
199.320588 18964.748992 18738.221649
200.322366 18448.559435 18704.972939
201.327406 19202.572710 18366.150430
202.327993 18194.378003 18782.851383
203.328019 19840.624735 18339.986160
204.328681 19593.163068 19316.836559
205.331432 19336.497641 19750.612552
206.332388 19262.228566 19735.639108
207.333807 18549.349622 19572.665212
208.335011 19599.827851 18878.909895
209.336503 18995.377571 19237.500840
210.336960 19264.646534 19054.040355
211.339057 18774.751798 19149.596139
212.341451 19144.528194 18858.715577
213.341611 19071.238370 18969.616649
214.344683 19389.047106 19013.827703
215.346737 18668.306362 19288.642449
216.348279 19145.077942 18910.595428
217.349554 18049.483080 19018.578336
218.349822 19438.214133 18282.498545
219.353230 18893.120775 18897.753073
220.353596 19322.438666 18931.675583
221.353644 18660.762760 19260.986555
222.355844 19257.508524 18944.748139
223.358999 19000.105976 19163.191909
224.361958 18353.130752 19102.941037
225.364517 19401.476048 18561.875418
226.366028 18530.932899 19025.415414
227.366116 18959.217776 18698.293208
228.369495 19996.875891 18814.105686
229.370748 19206.992589 19686.533534
230.373476 18733.075189 19607.920570
231.374325 19462.890672 19112.944043
232.374804 19406.419783 19317.850178
233.376777 19287.663423 19414.210202
234.380264 19478.659667 19371.375340
235.383127 18756.649650 19472.277112
236.383537 18356.955939 18982.816124
237.384960 19273.085063 18381.773729
238.386319 19250.676253 18762.144926
239.388587 19075.322699 19063.258951
240.390660 20028.042397 19129.155125
241.393055 19448.366482 19863.184878
242.394833 19979.253858 19836.657198
243.396138 19516.511957 20124.486212
244.397337 18914.153780 19885.036204
245.399475 19763.274583 19221.411506
246.401608 20583.204468 19449.625327
247.403119 19511.271084 20257.091965
248.405721 18484.798483 19938.403372
249.405908 20313.097724 18902.421553
250.406174 19756.251904 19651.249307
251.407880 18477.358544 19773.490923
252.409459 18576.650633 18871.131956
253.409693 18647.645481 18395.978187
254.413986 18993.046765 18256.815549
255.414118 19127.860018 18543.992677
256.415861 18912.969473 18900.954703
257.418688 19766.624609 18974.994136
258.419217 18506.408367 19636.749038
259.422833 19367.111946 19054.933200
260.424841 19423.140726 19272.421758
261.427458 18928.017851 19446.860169
262.431888 19672.070436 19156.807357
263.433847 19371.575782 19512.623013
264.433871 18611.815918 19505.021707
265.435570 18272.413020 18898.039674
266.437099 19207.459894 18268.440546
267.437229 18225.859575 18655.919255
268.439663 19296.707161 18251.343530
269.440139 19124.938383 18845.820369
270.442096 19415.550230 19126.953902
271.444282 19046.357844 19484.975674
272.447607 20488.415040 19369.735910
273.448026 18717.281405 20312.814409
274.448982 19108.396755 19499.903589
275.451402 18758.974709 19191.129146
276.452599 19890.809620 18753.992292
277.454199 19905.339825 19385.545652
278.457690 19619.343967 19838.535979
279.459171 19207.851106 19867.235210
280.459819 19370.941441 19510.992369
281.461829 19090.040523 19379.403384
282.462043 19561.529051 19100.817718
283.464081 19824.596552 19312.446981
284.464621 19110.799327 19677.832756
285.468125 19275.978285 19361.868674
286.471038 19249.960976 19265.003515
287.474621 19329.023484 19199.801646
288.477320 19895.128403 19239.037425
289.478531 19345.233848 19705.730519
290.480212 19300.138126 19574.005620
292.197281 19150.500868 19417.128436
293.201348 18707.796972 19197.214323
294.202152 19213.995776 18743.550981
295.205448 19542.352026 18887.429911
296.205847 19569.546221 19287.278030
297.206150 19182.238609 19571.366234
298.207785 19828.162091 19422.474624
299.210599 18769.183235 19772.412427
300.212833 18789.337318 19167.084603
301.213775 19812.183318 18780.060910
302.218006 19255.630566 19356.002667
303.220668 18430.548555 19340.604143
304.222249 19153.291840 18692.849979
305.222959 19196.640183 18845.455004
306.224330 19588.542042 19031.227983
307.228181 18797.649521 19459.393917
308.229913 18573.734069 19112.594524
309.232632 18333.322813 18692.521988
310.235464 18589.560770 18272.480298
311.236363 18635.538310 18269.848550
312.236715 17461.547657 18382.943886
313.239384 19298.925980 17622.147170
314.240438 19221.467192 18579.632676
315.241599 19258.684556 19180.104664
317.197552 19954.725115 19518.594313
318.201218 18271.997696 20144.892117
319.202860 19668.953988 19148.453705
320.205938 19094.355413 19478.837716
321.207297 18833.875172 19260.609858
322.209325 18465.235852 18914.572137
323.210465 19948.818353 18444.899545
324.211817 19543.498336 19327.834201
325.212295 18771.548548 19620.557555
327.197559 20108.482814 19168.692086
328.200396 19010.810195 19846.174166
329.200647 19235.722461 19427.237905
330.200985 18819.627978 19282.347046
332.198547 20003.075479 18886.174608
333.199833 19335.767858 19559.037357
334.201251 19098.560286 19505.997546
337.197525 18888.227437 19259.014540
338.197890 19405.354755 18937.659837
339.198659 18604.350461 19152.469874
340.198767 18814.270056 18722.342892
342.195772 19014.268347 18635.220990
343.196341 19511.592321 18786.421023
347.198416 18683.140055 19291.975851
348.199851 19190.805646 18978.318184
349.201233 18724.131690 19128.444011
352.196934 18824.709778 18869.091866
353.197571 18998.355120 18778.609316
354.198193 19016.368024 18875.127163
357.197399 19055.257198 18967.702754
358.201540 18915.888069 19055.323747
359.202385 19823.495161 18994.590760
360.202549 19417.577339 19625.253912
361.203473 19073.863181 19685.707435
362.206085 19637.972527 19391.116053
363.206576 19251.592859 19587.589154
364.208240 19311.894729 19408.636797
365.209642 19429.308870 19325.126036
366.211443 19356.421927 19368.123435
367.211589 14600.689583 19350.253286
368.215956 19663.186943 15776.061113
369.217272 19438.964636 17491.995165
370.218544 19307.257939 18724.593404
371.219425 18923.901259 19420.705310
372.222143 19127.572092 19452.881910
373.223760 19324.799701 19489.478172
374.224951 19975.941024 19565.220490
375.225971 18857.726911 20031.342444
376.227644 18977.378931 19411.892481
377.228883 18820.358287 19053.365122
378.230478 19284.077658 18737.339412
379.230514 19160.327159 18947.870804
380.230729 18133.980872 19044.375339
381.232185 18923.854272 18351.855846
382.236117 19878.519646 18543.532407
383.237873 19972.546044 19450.450183
384.239240 19642.782984 20081.446236
385.241166 18669.012838 20122.396919
386.243796 18805.272586 19292.641168
387.244086 18868.705452 18824.051021
388.247069 18345.344876 18632.635987
389.247923 19437.906494 18203.425405
390.249563 18461.918663 18843.721195
391.252095 19109.941859 18580.424542
392.254131 19070.332129 18905.167142
393.257432 19732.913007 19089.024824
394.258451 19621.453398 19673.216150
395.261919 19205.607790 19896.641320
396.263322 19120.601636 19627.672719
397.265282 18639.784535 19323.917571
398.267850 18348.525611 18760.598187
399.268560 18971.140979 18230.290889
400.269473 18530.733183 18461.657446
401.271285 19854.520976 18374.405762
402.274429 18279.379529 19362.702619
403.274863 19301.709706 18798.449552
404.276286 18722.235227 19153.303145
405.276750 19010.127063 18933.225723
406.279026 18699.604982 18986.358265
407.282066 19529.173288 18785.975174
408.285389 17953.729667 19286.367311
409.286632 18673.405685 18415.682158
410.288470 18495.963711 18404.608472
411.290727 19377.618568 18333.189451
412.291025 18623.556847 18999.414649
413.293489 20204.745790 18861.531937
414.295791 18788.667854 19918.988516
415.300144 18493.184931 19457.097672
416.302599 19217.867297 18837.432603
417.306455 19173.061613 18985.049925
418.310425 19425.158659 19083.458666
419.314087 18975.075701 19344.136558
420.316290 19528.827145 19157.168810
421.318388 19381.600603 19433.475242
422.319801 18823.213248 19485.046528
423.322102 18491.445811 19066.180173
424.324485 18604.834297 18547.179687
425.324707 17787.895939 18358.787339
426.325832 19035.797750 17713.399136
427.327926 17823.428647 18345.255593
428.331894 19182.910378 17924.542534
429.333083 18151.349843 18708.518831
430.333280 18886.930227 18445.434465
431.335027 19147.524478 18792.056414
432.337038 19217.340402 19184.531530
433.337245 18928.780132 19423.879268
434.340710 18599.586075 19275.498218
435.342027 19386.447684 18867.732629
436.345226 18955.203697 19186.959402
437.347847 18585.575536 19073.011870
438.350025 19761.614809 18709.364939
439.351009 18578.934390 19378.623578
440.351106 19471.626726 18921.990391
441.353030 18847.053125 19277.429049
442.356242 19814.149715 19035.267596
443.360357 19029.455653 19592.455694
444.363259 18490.748196 19337.952702
445.364403 19182.497392 18729.546352
446.365872 19827.666136 18884.455534
447.368129 18882.371275 19520.297148
448.369945 19551.393315 19206.089056
449.371252 19313.798905 19469.822094
450.374351 18809.694460 19443.885612
451.377737 19290.331401 19020.317360
452.379290 20082.570672 19116.355215
453.382719 19282.090254 19802.047642
454.383600 19139.166943 19614.664300
455.385721 18380.780100 19330.636634
456.387400 19885.260302 18571.965246
457.388978 19387.985014 19273.193417
458.392275 20010.463670 19403.867757
459.393227 19305.261429 19932.093234
460.393651 19675.882381 19686.896901
461.394983 19198.341582 19746.855580
462.395405 19856.783633 19400.936021
463.396809 18408.437837 19671.159169
464.400347 19028.130294 18766.417512
465.402871 19350.896332 18689.321108
466.405565 19144.514505 18977.549731
467.408632 19345.590342 19060.214322
468.410062 19120.608846 19273.428541
469.412171 19700.056512 19229.339979
470.413511 19671.967367 19614.698664
471.416351 19844.696504 19807.650609
472.418915 19037.139045 19999.752624
473.420393 19813.347139 19451.371508
474.423472 18881.702641 19655.778904
475.426285 19323.361993 19098.641288
476.427469 19797.854985 19097.082332
477.427501 19116.896672 19508.742513
478.430098 19073.329414 19276.131987
479.430537 18675.850251 19087.342452
480.434445 18722.013510 18691.335053
481.437704 19316.368405 18524.082596
482.438470 19621.424228 18935.705268
483.441729 19108.828938 19465.474256
484.443634 18965.327855 19384.899775
485.444282 19454.004797 19167.969013
486.445523 19206.751680 19375.351049
487.447245 18775.734063 19313.265667
488.447695 18998.997117 18932.331266
489.448065 19863.591460 18870.162055
490.450489 19926.990384 19519.731973
491.453997 18431.598080 19978.030996
492.456283 19456.834468 19072.876127
493.459179 18762.758009 19228.906471
494.462958 18745.163699 18843.346299
495.463785 18695.420754 18617.223407
496.466892 18859.297672 18498.839826
497.469542 18585.794352 18611.700955
498.470058 18741.752185 18524.903210
499.473202 19754.596210 18613.695497
500.474526 19304.400771 19449.738832
501.475350 19380.423412 19606.328264
502.478133 18862.647132 19666.158088
503.482925 19181.874653 19236.307121
504.485706 18842.320789 19167.387281
505.486651 17901.620749 18881.883806
506.490000 18649.818946 18023.716284
507.493342 19947.821425 18125.257288
508.495183 18226.251169 19280.670063
509.495809 19017.839675 18733.986599
510.496847 19978.809549 18927.402389
511.498274 18930.730426 19767.447011
512.498374 19193.254995 19454.250614
513.502088 18799.394003 19363.665795
514.503796 19485.342555 18980.374942
515.507611 19212.274388 19257.945695
516.509317 19821.099495 19248.779161
517.509855 19690.452615 19691.688531
518.513459 18383.390280 19847.510797
519.514764 19798.070216 18905.860633
520.516589 19050.976336 19365.427915
521.519547 18864.518527 19143.051722
522.522528 18510.839749 18869.001422
523.522587 18683.549649 18465.596464
524.522607 18797.586610 18404.737232
525.522921 19371.028345 18529.538440
526.526253 19303.131093 19089.032388
527.529796 19314.226739 19388.355412
528.532623 19236.334729 19525.032579
529.533549 19398.284882 19482.250695
530.533955 18808.417255 19520.843376
531.537235 18858.359951 19067.099373
532.537268 19517.561569 18813.013864
533.539252 18759.307152 19191.708844
534.542227 18927.751758 18893.828703
535.542938 19512.229417 18837.591699
536.543710 19827.226568 19270.371456
537.547193 18497.923018 19783.473688
538.549604 18844.258648 19053.985362
539.549676 19190.061738 18809.977335
540.552909 18788.233336 18955.895967
541.556795 18037.389491 18786.025425
542.558154 18660.345956 18138.509247
543.560732 19041.728885 18256.688568
544.561880 19913.710880 18702.729773
545.562275 19222.196110 19664.486649
546.563694 19017.324326 19689.035068
547.564209 18749.272184 19430.945699
548.568423 19785.883843 18997.456566
549.571157 18504.191385 19496.124647
550.572115 18296.603577 18856.629144
551.573203 19734.598283 18293.081097
552.575167 18647.626408 19090.683722
553.576849 19564.216989 18835.234769
554.579434 19082.526643 19348.051138
555.580138 18579.943212 19297.233026
556.580507 18806.646929 18841.209801
557.581441 19604.028344 18717.909329
558.584579 19539.132125 19276.479555
559.587582 19316.155741 19588.979700
560.591343 18427.944959 19565.535591
561.594030 18918.589514 18825.310487
562.595857 19427.104254 18723.839970
563.596330 19042.958258 19103.178152
564.598080 19494.819318 19085.719272
565.599734 19462.663432 19405.195373
567.198677 20030.191659 19563.222495
568.199556 18969.347460 20042.742461
569.200538 19526.129761 19483.731594
570.200814 17477.486138 19493.216853
571.203216 19326.342010 17969.704992
572.205340 19540.865324 18471.536253
573.206051 19536.795720 19097.045808
574.208309 18521.720161 19517.703261
575.209208 19169.322529 18971.498433
576.210913 19118.723350 19071.653227
577.211315 19739.683644 19108.198565
578.214791 18859.944665 19594.822651
579.215962 18728.122046 19214.545708
580.218653 18897.599921 18836.890011
581.219141 19128.227076 18747.978578
582.219185 19924.775014 18913.898563
583.220395 19026.144222 19647.851637
584.220428 18993.895633 19410.085925
585.221678 18210.837448 19171.031201
586.222773 19642.430062 18419.926309
587.224231 18806.520030 19065.796108
588.227775 18668.376237 18905.956972
589.230631 19370.366033 18697.570324
590.231267 20278.456939 19112.570825
591.231935 18529.656641 20065.588057
592.232621 19781.943403 19283.713671
593.235976 18958.125411 19643.477291
594.236766 18712.255326 19240.112135
595.239079 18882.701164 18783.530313
596.239561 19249.359587 18665.255033
597.243032 18574.065540 18935.472744
598.244162 19706.484002 18642.582774
599.246255 18898.084524 19328.322328
600.246708 18864.832272 19159.432915
601.247600 19807.813628 18984.711921
602.248480 18253.892861 19574.617529
603.250423 18915.270881 18762.428783
604.252912 19122.416896 18725.233944
605.255108 19424.182399 18909.505270
606.256894 18668.343223 19281.192967
607.257753 18926.342433 18935.904791
608.261799 18873.868467 18889.869719
609.263875 19394.422386 18836.614887
610.265853 18911.327973 19209.716305
611.269482 19283.612550 19080.122724
612.270365 18762.410502 19252.340679
613.273260 19374.164461 18955.366089
614.273770 19129.209236 19217.455365
615.276123 19775.050557 19203.960859
616.278753 18670.467501 19662.906691
617.278885 19573.363756 19091.978282
618.280081 18810.240547 19378.308573
619.281178 19191.629130 18997.895107
620.281347 19830.951359 19046.816172
621.282428 18904.734269 19586.971616
622.285352 19580.924901 19223.381456
623.289020 18589.949379 19469.067553
624.290075 19743.971472 18876.643298
625.292353 18718.064629 19374.274260
626.294204 18945.006704 18946.083912
627.296308 20161.210627 18845.190474
628.298247 19289.145844 19731.850754
629.298500 19181.836900 19628.472276
630.300203 19072.650175 19411.469720
631.303266 18661.722153 19163.670193
632.304235 18800.801978 18708.819410
633.304380 18430.891601 18573.929572
634.305767 19996.608100 18285.769972
635.307143 20170.905394 19352.257953
636.307926 19148.922316 20177.312452
637.308285 19543.630937 19821.750628
638.311530 19961.487415 19771.794104
639.314169 18379.589865 20003.167409
640.316890 19135.035343 18922.010900
641.319064 19375.114610 18812.411495
642.320750 18830.407640 19018.327205
643.322477 18930.949180 18801.951684
644.324459 19646.887953 18776.284067
645.324877 19284.483510 19339.070617
646.326930 18970.117830 19425.614893
647.328118 19663.113739 19197.829926
648.328212 20018.933156 19546.756350
649.330314 19043.035702 20017.173472
650.334102 19465.792637 19520.898864
651.336288 19575.246246 19470.363470
652.338033 19338.366994 19526.043272
653.338717 18234.276746 19388.524478
654.339189 19219.508781 18479.158024
655.339903 18874.504685 18702.178503
656.341609 18904.622886 18684.268240
657.342098 19542.270132 18745.460871
658.343904 19283.491141 19294.083125
659.343927 19299.836027 19436.356760
660.345122 19089.206083 19481.535838
661.347627 19314.117722 19300.727966
662.348742 19578.826272 19326.127288
663.349011 19634.361351 19534.355971
664.351337 18764.482917 19691.239196
665.352387 19025.044361 19103.052523
666.352589 18911.347564 18919.737868
667.354397 18295.538739 18769.134566
668.355934 20124.905986 18267.529545
669.356831 19286.115280 19395.754769
670.358456 18605.498356 19513.062156
671.359285 18743.302990 19004.516437
672.362392 18942.190483 18753.842533
673.365947 19929.511920 18775.036315
674.367390 18867.188623 19567.912826
675.370310 18981.081033 19258.008382
676.370877 19306.130394 19090.770527
677.373967 19301.433349 19223.516248
678.376548 20023.518893 19307.019860
679.377343 19910.530220 19888.939197
680.378850 19145.337864 20128.802285
681.380360 19457.227462 19620.271545
682.383036 18881.394322 19481.189954
683.383272 19823.753586 18973.783680
684.385994 19823.768994 19403.752652
685.386030 18567.282648 19723.748927
686.386329 18818.522330 18966.387322
687.389097 19555.333472 18676.360113
688.392568 19763.759914 19119.495419
689.394274 18213.403774 19606.342416
690.395895 19253.875433 18726.353184
691.398966 18922.373456 18938.474960
692.399667 18015.519852 18874.759484
693.402870 19598.788752 18174.665036
694.403686 19539.527319 18972.283191
695.405645 18662.372923 19483.272583
696.408778 19287.895621 19094.965167
697.412914 17225.007844 19261.805421
698.413911 20276.325124 17804.582266
699.414500 20867.492559 19219.565042
700.416379 19471.684651 20634.622027
701.419206 19460.832037 20353.512222
702.419787 18415.129660 19984.360966
703.422601 19053.954739 18884.626323
704.423177 20102.672481 18696.503645
705.424771 18963.319080 19478.343386
706.427485 19321.985990 19170.830480
707.430579 18583.755601 19234.196359
708.431761 19730.661217 18734.153915
709.433010 19339.857491 19306.712326
710.436131 19145.025346 19405.875960
711.438451 19804.586838 19292.829051
712.440740 19141.487439 19694.025790
713.443576 19135.118421 19424.939872
714.445727 19370.853154 19214.757041
715.448671 18858.783471 19266.557020
716.448870 19532.858978 18934.478781
717.453091 18464.981267 19255.072464
718.456064 19728.090148 18683.907651
719.458879 18541.503212 19290.925309
720.462380 19546.661541 18813.785146
721.463145 19564.378559 19261.013328
722.463994 19565.855220 19569.327235
723.465065 19352.930240 19723.354516
724.468693 19597.342326 19601.299597
725.469025 19913.477535 19661.488863
726.471404 18847.344489 19912.648268
727.472814 19538.264629 19238.835503
728.473060 19301.536917 19322.246473
729.476310 19074.708024 19240.410712
730.479302 18711.030349 19044.652713
731.480666 19242.851497 18681.529286
732.481189 19715.340558 18906.208699
733.482801 18686.191512 19457.075900
734.485175 19086.197081 19025.213881
735.485399 18962.246606 19024.531456
736.488292 18028.957269 18946.643794
737.491654 19288.264642 18211.633663
738.493422 18583.861075 18742.940028
739.495239 19250.141407 18616.621690
740.497396 18389.412718 19044.982616
741.500786 18981.732208 18664.906260
742.504132 19019.676095 18850.234314
743.507436 19357.919951 19004.230730
744.509276 19201.473318 19338.773171
745.512407 18856.531696 19393.496112
746.514589 19386.408798 19114.145667
747.516642 18387.662496 19307.474779
748.518427 19209.668152 18674.813113
749.518536 19267.050747 18903.198868
750.519023 18948.471348 19137.046013
751.519132 19482.672090 19047.536219
752.522123 18861.977658 19378.665661
753.522351 19311.990956 19104.711166
754.523711 19823.075359 19244.560514
755.523848 19566.064674 19714.656101
756.527045 18268.265449 19784.050695
757.528226 19330.001820 18790.902069
758.530227 18732.916176 18959.970879
759.531519 18545.895032 18689.198786
760.533195 19964.412213 18424.476229
761.533321 19211.158060 19386.357537
762.535474 19336.474830 19446.871245
763.535542 18051.996373 19512.187381
764.537536 19455.618825 18537.558468
765.538109 19793.338049 18981.570327
766.539416 19031.081704 19575.377799
767.540354 19053.802938 19355.079339
768.543607 19774.936008 19180.971626
769.547503 19064.386366 19602.975400
770.549210 18546.284702 19324.055207
771.553410 19398.790488 18731.101653
772.555352 18468.169226 19027.799977
773.560438 18624.600079 18570.930821
774.561106 18804.314403 18434.128983
775.564398 18890.299983 18548.131581
776.565023 19178.821357 18733.667771
777.566855 18840.357513 19081.984949
778.568875 19152.798404 19026.504757
779.569845 19239.288785 19186.558518
780.572175 19664.451762 19323.013156
781.575140 19567.526068 19689.181615
782.578312 18618.782260 19793.389111
783.581007 18896.888750 19077.469242
784.581088 19328.712679 18813.417430
785.581487 19567.031556 19026.127300
786.582045 19142.948193 19386.867738
787.583055 19399.179364 19294.216389
788.583238 18969.176143 19402.247044
789.584551 18958.411170 19132.993036
790.585805 19285.203480 18949.338079
791.587046 19673.233435 19104.873105
792.588590 18756.606957 19518.745679
793.591375 18612.685157 19076.834046
794.591832 18565.223288 18667.880107
795.595399 18836.598932 18414.007999
796.598533 18190.567106 18528.407499
797.599005 19109.954704 18178.131239
798.599898 20491.685480 18695.642773
799.601330 18668.439221 20094.274605
800.605043 20647.092279 19525.508546
801.605311 19475.615474 20510.847978
802.605613 19158.688609 20158.971166
803.608241 19057.027153 19574.498688
804.610014 19154.841184 19102.063837
805.611195 18612.162377 18927.947764
806.611963 18722.745871 18490.603977
807.614217 18284.281591 18385.259304
808.617340 19029.496349 18088.110400
809.618909 18820.225260 18547.489814
810.619214 19936.346378 18740.727837
811.619263 18643.263664 19694.312044
812.621983 18921.904080 19261.800695
813.623761 18552.611285 19099.891075
814.628434 19694.147406 18697.469920
815.630678 19170.559986 19316.196775
816.633184 19117.405403 19327.357294
817.634050 19913.962305 19253.872290
818.636052 18619.849538 19780.430742
819.638522 19481.480752 19106.508284
820.640461 19220.310805 19294.105780
821.641106 19770.879124 19238.870809
822.643657 18758.354722 19619.539563
823.646849 19329.308772 19088.315529
824.649541 19096.745464 19168.428847
825.650610 19054.359473 19074.283006
826.651785 19088.762361 19001.036208
827.654046 19368.869329 19003.545790
828.655420 18862.755489 19236.184951
829.656046 18991.266983 19006.090245
830.658720 18242.435600 18951.592824
831.663068 19661.899779 18372.639116
832.665374 19013.019188 19115.209517
833.666041 19195.771611 19136.506840
834.666429 18926.727757 19253.347905
835.667637 18825.515406 19095.591474
836.669256 18489.556989 18898.588067
837.671012 19219.047624 18529.849384
838.671596 19557.508822 18882.524920
839.672060 18593.862656 19396.839263
840.672493 19670.496235 18971.429200
841.673321 18813.908654 19471.807716
842.677080 20029.917965 19129.228419
843.677904 18300.100926 19791.115812
844.678220 18097.040015 18884.397268
845.681960 19548.593610 18132.668227
846.685380 19781.668913 18836.561849
847.689199 19303.984899 19541.323078
848.689426 19329.768322 19595.527141
849.690597 19330.368118 19569.081178
850.693886 19468.457889 19496.479830
851.695250 19059.319737 19522.218556
852.697749 18910.908388 19214.794138
853.699501 18422.746741 18910.904817
854.702529 19644.579967 18392.839814
855.704587 19508.895971 19057.658964
856.705658 18630.467086 19435.035792
857.707358 19034.824110 18983.367587
858.709979 18911.569154 18972.576127
859.713032 19614.327921 18890.301177
860.714121 18610.008177 19381.549770
861.714362 19578.284941 18932.128797
862.714646 19541.092091 19353.095729
863.716575 19379.454781 19591.981860
864.717096 19067.442241 19577.474500
865.720976 19085.095749 19286.706486
866.723621 18779.756667 19099.746548
867.724904 18516.224753 18773.599568
868.725536 19982.621405 18414.416417
869.727422 19148.207121 19360.074415
870.730907 18463.718435 19362.729448
871.733140 20098.271626 18797.059868
872.735238 19785.044066 19656.804613
873.738334 20084.680178 19962.123069
874.740186 19364.387916 20295.239631
875.745624 18736.162783 19868.938851
876.749128 18855.644464 19058.481878
877.752476 18842.120120 18662.284878
878.755281 19424.008918 18502.383017
879.756477 19078.857662 18943.782961
880.760124 18506.845112 19025.675980
881.763108 19097.040474 18650.908498
882.766057 18771.055380 18870.155432
883.768651 19140.684530 18792.011339
884.771807 19225.241446 19024.922165
885.772016 19768.719204 19233.735856
886.774587 19057.067388 19743.627418
887.777762 19813.118477 19471.107283
888.778598 18843.769226 19798.375559
889.781571 19814.908182 19238.683488
890.784182 19625.515575 19588.463104
891.787457 18835.536323 19677.919726
892.787458 18928.034015 19117.062560
893.788963 19270.935144 18835.625687
894.789127 19457.516603 18975.185179
895.789479 19738.194717 19258.838511
897.197111 21045.137263 19660.843286
898.198426 19720.743011 20861.390440
899.201002 19399.167510 20514.305034
900.201099 18856.592558 19901.190199
902.196184 19164.378644 19062.195896
903.197975 19438.918168 18822.137474
904.199653 19316.134486 18993.573198
907.198105 19048.689836 19098.539542
908.200061 19323.985343 19004.837962
909.200100 18991.167413 19175.421771
912.196517 19125.608501 19048.241121
913.197334 19183.756854 19071.213185
914.197684 18778.340100 19139.909310
