157.002450 18801.001762 0.000000
158.002935 18495.360848 18801.001762
159.006727 19878.806933 18189.719935
160.007820 19376.079336 19150.894270
161.010755 18839.329308 19436.413905
162.014209 19504.458325 19161.527560
163.017647 18647.715576 19442.381587
164.018677 18049.590980 18955.770723
165.020953 19709.140928 18186.858057
166.021814 18913.565874 19012.747416
167.024353 19877.275817 19003.109183
168.025813 18817.025678 19698.686697
169.026253 19148.765702 19295.935129
170.029307 19069.723831 19223.637000
171.032913 18345.085353 19109.488709
172.035643 19268.138324 18498.994485
173.038782 18486.700859 18847.559818
174.040438 18755.986474 18540.909013
175.043952 19366.758645 18575.995783
176.047373 20056.336105 19096.615969
177.050180 17982.741303 19941.644826
178.050641 18729.347208 18837.635973
179.051254 18817.228235 18631.862308
180.051957 18487.527300 18619.257471
181.052726 19441.838187 18415.172042
182.054816 19114.001315 19046.951307
183.055988 18764.671591 19215.685006
184.058611 18802.542264 19012.633640
185.058928 18972.106829 18877.520449
186.061757 19634.169093 18918.392731
187.064981 18808.726659 19448.804095
188.068871 19257.042468 19141.269201
189.070615 20331.801282 19240.602975
190.074245 19398.927493 20100.448846
191.077659 19611.630925 19888.554549
192.080250 19391.550580 19819.728210
193.080568 18967.781261 19568.230461
194.082719 19747.749149 19080.484627
195.084194 18791.174910 19393.411785
196.085808 18963.365029 18921.029025
197.088136 18715.173391 18781.516706
198.088389 19177.470298 18571.078898
199.090591 19409.578931 18848.606298
200.090786 19075.153927 19243.667472
201.092540 19695.131440 19231.857171
202.096233 19086.841512 19651.759345
203.097410 19535.371728 19416.336009
204.097763 19952.835420 19552.648379
205.100501 19193.386615 19929.583171
206.101714 19282.007952 19554.277025
207.104791 19406.343259 19342.867352
208.107864 19286.733748 19315.199146
209.108699 18944.140597 19234.443938
210.109097 18793.906747 18950.193923
211.111211 19499.952109 18693.880196
212.114085 18986.260011 19120.263992
213.114962 18934.433868 19043.108846
214.117316 18862.530678 18951.449457
215.118305 19790.739538 18847.438472
216.119386 18383.592999 19495.362677
217.120179 18745.278504 18837.809090
218.122537 19369.934309 18666.742403
219.125898 19858.652023 19069.334938
220.130045 19307.356141 19712.319334
221.133774 19613.881632 19656.922792
222.133783 19316.974229 19771.726977
223.135399 19794.284729 19566.987181
224.136224 18506.245785 19760.096920
225.139355 19344.364781 18899.169534
226.141582 19586.754434 18999.064151
227.141721 19022.796777 19317.128856
228.144454 18555.269285 19120.599361
229.144879 19833.818710 18647.238348
230.147165 19583.284853 19346.477645
231.149237 18685.695416 19630.032167
232.152330 19176.092225 19086.930521
233.153854 19316.852884 19082.868529
234.156327 18744.691123 19209.713951
235.158929 19293.923594 18870.800075
236.159459 18527.287915 19081.740252
237.164569 19645.024197 18665.279417
238.166721 19347.442505 19260.853335
239.169726 19516.436415 19431.496741
240.172300 19391.015499 19622.550317
241.174741 19181.612782 19597.482943
242.176647 19091.264917 19376.280357
243.177275 19449.676756 19149.251271
244.180581 18906.010230 19290.049019
245.181032 20067.612761 18992.604933
246.183985 19092.267160 19693.436112
247.186852 19289.300497 19405.886663
248.187762 19011.695082 19331.482066
249.191369 19152.418853 19075.530314
250.192475 19153.636141 19037.138458
251.192476 19494.387179 19047.675595
252.194553 18803.514968 19334.997578
253.194607 19307.161686 19000.351812
254.198441 18869.029919 19161.554757
255.200086 18377.954745 18949.959136
256.200451 19029.635214 18455.622641
257.202189 19318.237443 18677.797771
258.205706 20244.492271 19093.296369
259.209212 18787.740270 20051.972057
260.212162 19265.202632 19486.875954
261.213086 18837.048218 19387.640753
262.215230 18532.382563 18986.297811
263.216655 18767.109629 18519.814702
264.219152 19837.710863 18465.760411
265.219250 19751.120044 19317.021496
266.219807 19025.594399 19807.881265
267.220993 19141.692364 19494.976611
268.224156 19701.081087 19308.252205
269.226461 18637.299610 19592.791583
270.228575 19056.875726 18964.297541
271.228576 19473.966668 18882.983124
272.229823 19761.664029 19198.617273
273.232677 19160.910163 19641.044716
274.234398 19027.817720 19441.847867
275.234731 18630.886363 19172.195683
276.234906 19941.871695 18703.576583
277.237160 18097.880843 19434.333477
278.238574 18885.071042 18543.603340
279.240544 19241.791262 18577.200296
280.243542 19426.138199 18938.506625
281.246566 19559.101207 19333.241152
282.247281 19037.173634 19653.554933
283.249197 18920.628105 19398.652713
284.249530 19307.059000 19093.422686
285.252956 19139.740581 19187.432199
286.286106 19571.747920 19138.854841
287.287537 19865.364225 19438.793101
288.290237 19221.446335 19842.213165
289.291603 19195.474056 19566.772544
290.293539 19421.399550 19323.241472
291.293780 19161.045922 19338.978203
292.296002 19702.451180 19172.186684
293.296172 18846.092903 19492.059678
294.298686 19029.304834 19062.325342
295.301377 19574.294560 18930.809013
296.304758 19050.943270 19298.417098
297.305295 19537.941879 19158.677038
298.305756 19871.062190 19427.122523
299.307645 19264.749677 19838.890338
300.309439 19342.164951 19598.082824
301.309764 18799.937818 19452.407236
302.313321 18872.479260 18945.338520
303.314013 19289.969463 18709.860069
304.317708 19131.427916 18945.893293
305.320934 18729.862042 19031.022787
306.323950 21127.149240 18797.514411
307.325676 19365.546137 20461.812530
308.328464 19305.160193 20139.093439
309.330147 19341.594148 19739.057610
310.331095 19780.209240 19457.890808
311.331878 18611.843106 19617.194561
312.331973 19354.779515 18861.325507
313.333627 19358.415075 18978.222686
314.336509 18646.784097 19133.537153
316.288301 19538.740760 18733.690634
317.289076 18740.057671 19181.008237
318.289300 20266.249926 18895.087852
319.289999 19636.725527 19858.014306
320.293765 19034.981162 19969.393139
321.294674 17814.874817 19490.607378
322.294681 18456.665450 18222.228185
323.297644 19836.570540 17967.543221
324.298139 19557.913092 18997.410114
326.285845 19647.061038 19513.140581
327.285928 18853.673559 19849.059902
328.287867 19929.489774 19371.479237
329.290688 18781.921544 19810.099646
330.292224 19019.027955 19198.581210
331.293133 21543.994128 18966.486884
332.293835 19306.899322 20757.299619
333.295491 18684.163060 20171.558509
336.285029 18995.365738 19195.470961
337.286174 18936.296749 18813.002220
338.287334 18838.589115 18623.056987
339.289313 19077.298456 18533.113586
341.281947 19368.860975 18743.542773
342.282516 18772.444517 19150.868176
346.284027 19398.551072 18961.716735
347.285983 19216.285510 19289.402875
348.286627 19370.991015 19343.833824
349.287604 19379.159267 19455.191348
351.281947 19120.163852 19495.946216
352.282469 19077.473970 19292.880351
356.286457 20045.272862 19116.150883
357.286685 19185.668220 19743.966090
358.287675 19263.542961 19488.496905
359.288541 19266.055468 19343.461197
361.284800 18378.680914 19252.848164
362.285696 19070.649212 18545.312558
363.288017 19249.156816 18668.863068
366.284830 19226.147361 18964.965562
367.286525 19274.841977 19166.807531
368.290399 19628.294657 19319.084435
369.291971 19898.961331 19649.251783
370.292487 20063.720933 20012.096181
371.294369 19840.723655 20288.804368
372.296499 19188.195445 20203.639645
373.298259 19034.591583 19580.932128
374.298945 19558.964040 19056.191302
375.300402 19288.033468 19181.700302
376.305090 16179.527698 19135.572808
377.308040 19418.870240 16819.244898
378.309429 18711.332896 17930.658550
379.313146 19597.225023 18327.765290
380.314166 19348.029135 19286.629657
381.314292 19870.335649 19656.813766
382.315420 18351.326938 20156.439548
383.315458 18976.734713 19195.469931
384.316832 19562.291550 18973.005206
385.317013 19605.081007 19301.872847
386.317616 19331.585439 19563.503436
387.321944 19202.575160 19499.591448
388.325713 18482.874715 19328.876242
389.327239 18975.562272 18672.168035
390.328116 18124.423577 18666.006270
391.329964 19267.275418 18101.960366
392.330614 19803.370943 18682.692098
393.331824 18745.525296 19521.275437
394.332980 20515.931135 19217.706749
395.336455 19303.191097 20275.681420
396.337988 19167.029784 19955.176156
397.338089 19328.077237 19529.806274
398.338374 18303.527754 19347.212801
399.338963 18922.293987 18482.720061
400.340691 20307.628183 18469.750289
401.342110 18781.876917 19615.401975
402.343289 20079.923522 19216.970920
403.345750 19177.768709 19882.516846
404.349020 19429.111239 19588.025368
405.351513 19481.412436 19526.722362
406.351910 18697.845413 19510.893976
407.352972 19088.908687 18907.934131
408.354295 19363.306113 18847.229484
409.356604 19080.364496 19083.095031
410.357192 18748.825517 19058.874362
411.358597 19682.242217 18803.482327
412.360736 19572.056128 19362.184632
413.364064 19128.887505 19638.910614
414.366339 19444.683014 19428.183517
415.366802 19415.665683 19484.842597
416.367622 19999.808414 19481.369243
417.369934 19503.482700 19901.313724
418.370224 19017.346144 19763.665352
419.372193 18688.575000 19265.193086
420.374203 18973.358254 18707.416859
421.376337 18177.123389 18637.405722
422.378932 18923.972796 18089.212137
423.380257 19256.333033 18397.230213
424.382270 19369.651344 18932.195075
425.382679 19080.950244 19365.700728
426.385748 19542.259165 19366.915384
427.386884 19248.892820 19642.013117
428.390490 19318.505514 19534.598738
429.392589 19551.520980 19461.674588
430.394471 18959.171697 19564.181845
431.396409 19116.883628 19168.008295
432.397090 19090.047395 19035.996318
433.398355 18845.905528 18970.084983
434.398455 19514.773525 18784.013518
435.401987 18810.321323 19208.101786
436.402577 19846.688911 18968.474703
437.403769 19258.361869 19586.398507
438.403952 18968.965218 19519.187729
439.405653 19131.977390 19203.328387
440.408012 19272.493526 19109.067052
441.408184 19134.588323 19173.051071
442.408969 19116.515727 19126.474792
443.409813 18858.173569 19091.660588
444.411018 19225.469040 18886.710653
445.413521 19418.795674 19052.573017
446.417371 19353.059315 19323.723180
447.419425 18761.339531 19433.764117
448.420054 19426.425338 19024.818546
449.422051 20644.788265 19253.290363
450.425432 19735.017841 20324.582209
451.425483 19517.375184 20257.951829
452.425484 19104.354052 19930.671149
453.427724 18943.877469 19353.940969
454.430861 18532.558813 18882.821712
455.431977 18546.222440 18354.037031
456.434034 19131.646580 18144.522856
457.434637 19746.553764 18579.258770
458.439056 18502.623818 19395.904067
459.441687 19356.079096 18958.941680
460.442192 19482.862269 19266.472480
461.445035 19576.171877 19537.726914
462.447600 19531.480069 19729.620175
463.450568 19597.380752 19753.685876
464.452719 19263.600220 19759.592786
465.453990 18749.612365 19471.657833
466.454522 19258.444785 18890.185063
467.455298 19087.652612 18945.929818
468.457326 19084.089480 18923.836808
469.459421 19734.779916 18951.071905
470.459921 19774.239163 19485.961674
471.460313 18531.712431 19845.205554
472.462763 19101.234185 19075.190848
473.463041 19115.138113 18981.455206
474.465471 19237.879186 18974.960075
475.468293 18955.133712 19098.812824
476.469754 18985.369358 18983.446684
477.472493 18849.242024 18941.362105
478.473914 19304.354212 18829.226129
479.474633 18367.613887 19119.496255
480.474712 19267.045858 18608.290564
481.477177 19165.811252 18967.092527
482.478222 18929.837278 19145.555887
483.478454 18609.886292 19062.870927
484.481459 19446.672336 18748.306796
485.482516 19191.028946 19184.009137
486.483185 19630.145428 19275.793565
487.483935 19391.685967 19629.831986
488.486402 19131.627533 19628.084961
489.488189 19856.327695 19373.067875
490.489816 18659.871521 19728.724367
491.490974 19080.164814 19041.111315
492.493478 19538.282040 18917.214810
493.494226 19203.060103 19239.591978
494.494414 19213.855746 19224.036625
495.494595 19397.282986 19219.111550
496.495178 20139.424282 19352.905492
497.495484 18735.827000 19987.502808
498.496879 18934.560341 19290.083873
499.498508 18233.372034 18951.860193
500.501783 18711.424364 18252.532160
501.502110 18803.546599 18256.617359
502.502503 18729.904219 18441.453387
503.503220 19586.432041 18569.162918
504.506298 19358.337318 19315.598876
505.507779 19128.939726 19585.454104
506.508863 19111.094985 19491.554328
507.511189 19325.697248 19340.567233
508.514030 19194.334541 19368.657321
509.514382 18374.461229 19273.440316
510.517934 18854.562930 18591.150386
511.520626 18795.500566 18555.909408
512.521870 19072.999822 18568.655526
513.524808 19030.788101 18839.864287
514.524880 18455.617955 19002.093761
515.525725 19409.053240 18659.004473
516.525771 19016.695695 19151.689663
517.526485 18639.334019 19168.104994
518.527727 19048.270506 18855.439078
519.528936 19178.447854 18951.782220
520.529797 19720.102555 19121.708874
521.531905 18956.963436 19627.097971
522.535431 19660.337840 19330.689327
523.535844 19027.469387 19616.584335
524.536520 18727.996182 19295.818875
525.538367 18988.804028 18843.743870
526.539454 19443.423501 18784.375330
527.543803 19001.403311 19146.762839
528.547955 18387.606622 19070.606617
529.550290 19963.503714 18554.880162
530.553712 19104.731958 19437.121369
531.554879 18159.384042 19365.758742
532.557733 18892.173704 18555.809795
533.559917 18460.368650 18601.321130
534.562013 18883.153043 18372.936150
535.565634 18681.252276 18597.690080
536.568294 19379.235867 18630.007211
537.568345 19682.278768 19182.464736
538.568881 19333.469036 19735.168457
539.571257 19172.781662 19736.690596
540.574516 19256.321405 19516.130745
541.577314 18686.054938 19382.668356
542.578070 20026.600857 18856.650573
543.579939 19429.528215 19556.402213
544.582591 19296.857845 19576.023212
545.584649 19556.225474 19449.707185
546.585654 19945.650902 19542.862558
547.587482 19507.093643 19884.850045
548.587566 18909.360059 19742.126058
549.587725 18737.788709 19163.705773
550.590314 19571.920772 18682.230689
551.591430 19492.576908 19080.981700
552.593580 18977.247618 19343.584075
553.593910 19353.034832 19125.636503
554.594886 18998.257513 19261.405907
555.598036 19792.884617 19086.114851
556.599792 19184.804878 19572.475316
557.602984 18860.000187 19414.698070
558.605570 19120.009378 19034.732630
559.606058 19314.941258 18996.073693
560.608172 18932.404841 19153.927056
561.610944 18630.373893 18986.204975
562.612219 19066.336595 18662.370690
563.616025 18990.251386 18819.426375
564.618265 18861.735049 18902.617866
565.620931 19200.543484 18869.734739
566.621029 18760.142283 19105.399578
567.621573 19307.079804 18916.717074
568.623259 20264.117975 19193.435265
569.624442 18493.223522 20077.984124
570.625936 19348.250108 19238.621176
571.626621 18846.242966 19273.860228
572.627946 19462.602951 18933.571868
573.630768 19334.724795 19203.865450
574.632214 19306.331350 19307.788000
576.286036 18485.706237 19345.188390
577.288484 19204.131980 18738.705490
578.292226 19499.187830 18911.033534
579.294382 20359.870673 19291.764055
580.295646 19339.388020 20179.497392
581.295899 19223.944109 19903.095391
582.298848 18399.382835 19537.384614
583.302207 19977.928404 18657.748144
584.305394 19809.078897 19337.247758
585.308935 20030.075073 19710.530597
586.310869 19673.048392 20087.556223
587.312154 19650.942481 19993.928738
588.312182 19433.643390 19850.315475
589.313373 18963.793691 19565.691277
590.314857 19279.857747 19037.979932
591.315395 19258.310037 18992.625741
592.315775 19561.397317 19025.595865
593.317086 18887.331703 19327.574930
594.317496 19498.422458 19031.470848
595.317925 19468.342866 19305.702087
596.319860 18429.073838 19468.438106
597.322619 19268.086832 18770.330534
598.324548 19372.286613 18965.222320
599.326002 18714.230620 19216.534176
600.326206 19007.309673 18887.586219
601.327675 19474.662055 18899.582630
602.329210 19901.750708 19283.026883
603.330374 18086.616665 19842.974292
604.332639 18765.178523 18776.291568
605.333111 19585.703212 18579.452875
606.333380 19526.075536 19142.858456
607.335811 19390.130211 19490.551679
608.337978 18825.320826 19571.320261
609.340885 19494.601299 19142.800000
610.343950 19032.793417 19351.130431
611.344311 19998.578227 19144.807452
612.344728 19718.513461 19737.981062
613.346428 19225.687487 19889.668583
614.349218 19756.313574 19553.104083
615.349429 18813.896061 19700.937249
616.350814 18984.513219 19081.884778
617.352771 18850.695384 18833.324232
618.356081 18945.950244 18646.477830
619.356620 19497.584653 18675.550162
620.359797 18523.359512 19171.412155
621.362192 19314.399799 18770.217421
622.366309 19261.509613 19101.185791
623.369420 19338.648311 19280.305839
624.370137 19416.122163 19423.020830
625.373389 19033.099663 19531.390585
626.376528 19042.196815 19269.491482
627.377876 19575.987215 19086.266840
628.381662 19243.004424 19383.979813
629.384100 19285.802108 19331.101056
630.385000 18459.821376 19314.735783
631.386450 19498.088642 18679.834178
632.389417 19104.053456 19086.080625
633.390341 18782.714097 19096.679464
634.391155 19817.733706 18862.817861
635.392636 19124.840093 19502.125826
636.394900 18506.470049 19381.011568
637.394995 19238.209746 18792.634038
638.399051 19108.165516 18975.709048
639.401675 18925.146576 19035.338556
640.403891 19553.518336 18946.095844
641.406917 19045.582527 19367.515992
642.408130 19661.338103 19243.774795
643.408669 19035.714742 19594.172811
644.409446 19142.194706 19316.945622
645.412934 18761.564582 19187.884280
646.415831 19017.141532 18826.458623
647.417169 18720.983344 18821.204996
648.420759 19162.177796 18645.443676
649.423169 19231.690851 18907.343772
650.426447 18675.250646 19154.137117
651.427441 19439.188566 18879.592070
652.428721 19356.496086 19264.187630
653.429732 19827.402247 19438.216284
654.430529 19726.207182 19857.980182
655.433991 18618.543399 19984.321349
656.436177 18443.023184 19152.215553
657.438967 18879.224246 18471.104455
658.440497 19160.213024 18450.679385
659.442128 19037.569443 18758.344649
660.442368 19057.268494 18920.661688
661.443797 19053.343142 19045.821436
662.445664 19330.461795 19108.319060
663.448957 19893.029800 19333.662882
664.449334 18713.312467 19867.460525
665.450138 18608.547523 19255.963666
666.454029 18413.044781 18735.978728
667.454651 19528.780067 18297.501402
668.457774 19081.033012 18943.950047
669.457823 19435.933325 19077.571584
670.460022 18837.440379 19411.422944
671.461528 19250.526875 19135.606510
672.462156 18987.144250 19232.971632
673.465521 18735.251661 19088.506035
674.469399 19928.520439 18802.013349
675.470375 19217.903947 19537.028167
676.470907 19339.427789 19469.446275
677.471287 19084.901059 19463.912629
678.474847 19551.894619 19239.129548
679.475809 19375.748413 19438.426056
680.477482 18874.869059 19434.331795
681.477657 19055.685260 19041.979304
682.480330 19647.399544 18939.637648
683.481598 18889.620458 19361.264436
684.482666 18298.151166 19075.277292
685.484611 18975.941931 18442.267543
686.486525 18988.021294 18598.076648
687.486874 18918.400486 18779.507043
688.488029 18534.328016 18870.135198
689.489001 19940.941134 18639.461245
690.491683 19788.675481 19552.800800
691.493992 19029.925360 19992.306421
692.494989 18937.059349 19592.088906
693.496194 18623.471099 19181.789754
694.497399 19042.889300 18680.266388
695.498147 19220.198165 18729.869534
696.500326 19905.963627 18965.907698
697.503670 19794.529248 19661.823493
698.507801 18511.159479 19987.240640
699.508512 19205.653705 19139.244038
700.509583 19229.872353 19079.095267
701.511117 20075.100892 19098.824477
702.512422 19454.830490 19775.372456
703.515414 19837.418657 19723.375752
704.516116 19324.660746 19917.182210
705.518018 19493.907959 19609.576118
706.519318 19563.325177 19511.479638
707.521996 19936.517957 19510.101392
708.522003 18867.213360 19802.612800
709.524485 18074.192032 19180.366346
710.524753 19979.668638 18196.188877
711.525994 18464.776389 19102.708385
712.528744 19014.684254 18639.039016
713.530028 18297.706724 18776.069573
714.531155 19146.521426 18366.505375
715.532799 19242.524455 18781.134639
716.533592 19234.110670 19151.798240
717.534027 19523.076090 19353.501255
718.534426 18776.603057 19641.229182
719.537050 20189.828576 19195.700097
720.537226 18988.880110 19928.080434
721.539312 18772.531759 19458.996288
722.541252 19318.736898 18944.663908
723.541570 18689.221819 19054.118535
724.543202 19081.775689 18702.864130
725.545131 19547.751205 18818.241752
726.548382 19704.368128 19291.295684
727.549545 18817.747768 19709.399223
728.551101 19724.662086 19252.227949
729.552174 19199.485958 19595.208005
730.552709 18981.884938 19405.179457
731.554759 19464.429442 19095.541044
732.556706 18872.223347 19274.216188
733.559550 19701.421494 18966.952503
734.560244 19616.864851 19411.536981
735.563281 19016.195172 19642.882866
736.566777 19713.759907 19301.549046
737.568368 19998.202002 19582.717218
738.570728 19012.167295 19969.393548
739.572905 18605.289995 19430.407796
740.575700 19307.865422 18751.196820
741.579513 20069.955157 18902.046195
742.582133 18684.975404 19650.492991
743.584440 18657.642089 19090.847116
744.586803 19075.845062 18689.056264
745.587516 19701.281135 18793.959524
746.590291 19102.075620 19385.959594
747.590404 19674.750296 19311.385877
748.593758 20090.158100 19651.277462
749.595818 19438.585329 20138.647316
750.597100 18422.343596 19881.530361
751.597805 18867.632369 18880.054326
752.598365 19150.529972 18598.855205
753.600486 19811.073983 18737.623138
754.601735 19942.271749 19405.641822
755.603813 19639.737784 19939.407528
756.606151 19540.448878 19980.105963
757.609630 19183.028001 19840.896456
758.610581 19613.289629 19428.114150
759.611611 19250.330504 19483.147681
760.614596 19013.204866 19270.980590
761.616827 19289.462726 18981.890294
762.617749 19012.647912 19052.367184
763.617935 19388.077126 18939.268404
764.618172 18540.148198 19182.635802
765.620108 19486.008935 18719.733136
766.622093 19546.799296 19152.781121
767.624668 19860.293110 19498.204838
768.626253 18670.057138 19918.185672
769.630447 19635.934738 19221.025969
770.631123 19442.797700 19459.112110
771.631863 18601.647816 19477.508059
772.633360 18981.386010 18847.166030
773.636916 19565.883670 18755.419108
774.640073 18434.120103 19204.410618
775.642154 19096.973593 18670.451960
776.645538 19622.668002 18841.529784
777.646083 19558.133185 19385.200456
778.646768 19512.689754 19668.001565
779.649483 18014.247587 19747.852451
780.652285 19973.878352 18605.155595
781.654851 19191.144693 19355.803238
782.657398 19929.993733 19298.595595
783.660851 18441.099100 19797.265827
784.661133 18792.618963 18963.111945
785.663130 18935.414586 18679.171690
786.665416 19274.027282 18672.660098
787.668528 19294.217006 18989.052446
788.669629 19730.862479 19233.634622
789.671642 19149.300018 19698.555411
790.672023 19055.708331 19502.920727
791.672812 19186.383461 19246.504442
792.675367 18968.339326 19168.603620
793.677780 18297.560543 18970.565067
794.679055 19339.943104 18367.905269
795.679576 19495.302516 18830.776108
796.682696 18828.163953 19306.022836
797.685148 19148.436383 19090.612198
798.686274 19572.032798 19157.499140
799.687637 19168.802541 19506.374233
800.689908 19361.300348 19394.803728
801.693010 18427.212570 19426.891534
802.695287 18617.493066 18725.971807
803.697191 19125.692588 18443.532506
804.698270 19365.131117 18726.952638
805.700147 19227.551701 19147.926588
806.702919 19298.064497 19309.530133
807.706340 18622.246090 19422.721894
808.708300 18808.589672 18941.289621
809.710654 19652.603289 18760.570288
810.711883 18308.492309 19315.225680
811.712203 18845.667532 18668.814543
812.712770 18794.638045 18658.409834
813.714363 19148.118187 18661.749788
814.716334 19859.589076 18961.751936
815.719739 19677.392342 19691.947740
816.721453 19609.799725 19962.308425
817.722574 18763.459808 19975.565284
818.722635 18352.504769 19255.997386
819.723118 19119.367248 18464.862763
820.724857 18600.935404 18616.352813
821.727083 18755.098094 18429.027563
822.728929 18533.097560 18493.963916
823.731613 19145.487808 18425.215236
824.732729 19064.344453 18877.104164
825.736217 19461.190424 19109.287022
826.739643 18660.608601 19511.777287
827.739700 19325.092414 19099.939337
828.740323 18453.456060 19282.550538
829.741289 20477.505711 18730.764342
830.743843 19969.441422 19903.581411
831.744507 19990.910842 20252.422804
832.744689 19515.126329 20372.200220
833.746627 19096.567732 19979.928199
834.748634 18888.471318 19353.672773
835.751549 19729.549138 18820.196489
836.752157 18732.364742 19201.335420
837.753146 19188.091405 18776.070018
838.757016 19261.780633 18894.305995
839.758722 18467.614480 19082.137257
840.759079 18394.233285 18625.339117
841.759446 19765.999183 18302.472992
842.761458 18974.189445 19192.804426
843.763935 18940.056992 19187.411529
844.766169 19935.328173 19105.810219
845.767987 19124.014416 19770.024644
846.768629 20553.654130 19534.972421
847.770672 19382.585674 20386.936593
848.773818 19401.049524 19976.296722
849.775583 19530.025252 19636.396912
850.776703 19882.887482 19504.341955
851.779181 18994.404305 19709.381974
852.780237 19438.502088 19188.915977
853.783965 18700.779515 19213.128399
854.786581 19881.697495 18728.286102
855.787009 18825.511383 19364.676792
856.787172 19401.617983 19019.987729
857.788618 19352.121959 19231.104060
858.791244 19561.234153 19342.168689
859.795292 18467.014611 19557.023466
860.796338 20186.638465 18844.838870
861.798481 19562.893894 19684.008398
862.799575 19579.377432 19761.442250
863.803036 19600.594628 19762.884741
864.806073 19755.523845 19733.642056
865.810476 19237.284261 19801.955769
866.810570 19330.643949 19435.824957
867.810942 18892.847203 19273.144143
868.813141 19644.155629 18877.831128
869.816712 19335.465006 19247.409958
870.820738 19493.114849 19299.867824
871.822242 19214.776487 19453.233435
872.823731 18056.195184 19331.132822
873.825561 19259.190764 18372.057454
874.826687 18815.217446 18715.800888
875.828572 19660.982894 18690.540085
876.833709 18705.067898 19343.403110
877.834840 19393.014572 19032.293321
878.835357 19467.790078 19310.892077
879.835674 18988.802604 19526.803708
880.836963 17987.120606 19260.765510
881.839025 18623.845789 18308.494186
882.841301 19057.902988 18229.559016
883.843791 19223.065855 18614.206024
884.844432 18438.069055 19041.325919
885.844503 19880.822751 18711.573251
886.844869 19173.447122 19560.386140
887.846271 19178.439388 19534.370015
888.848774 19634.774213 19434.875429
889.849054 19069.869360 19663.270244
890.849922 19495.181129 19346.665004
891.850373 19768.595237 19438.147300
892.852965 19039.849365 19703.207486
893.854174 19200.457092 19305.525113
894.854494 19300.418336 19160.720785
895.855727 19383.218863 19173.223631
896.857052 19442.815531 19273.374125
897.858453 19182.449427 19395.608058
898.859367 18702.734437 19273.252315
899.861498 19076.615275 18829.587478
901.284886 20149.956439 18856.452428
902.285773 18517.739226 19729.931488
903.287613 19212.866652 19047.514346
906.284293 18815.624844 19095.207565
907.284639 19571.199442 18850.537590
908.284684 19848.514891 19286.155364
909.285301 18869.199119 19783.211858
911.285463 18681.653064 19313.579034
912.285814 19153.359926 18827.008102
913.288101 19517.130477 18901.164023
916.286905 19172.991043 19274.118872
917.289358 18653.772861 19263.244623
918.289732 19524.996305 18845.830466
921.281947 18605.588208 19242.526570
926.284819 19255.471276 18821.935983
927.286087 19269.139726 19044.966047
928.286776 18810.365761 19219.358723
931.281947 18475.653237 18974.919839
936.284062 19017.129095 18560.527484
937.284751 19647.809303 18738.219638
941.281947 18948.269552 19369.803235
946.284244 18985.013212 19230.441738
947.284499 18963.168269 19117.775688
951.281947 18843.580270 19011.868337
956.283380 18914.109497 18857.048645
957.283528 19427.927350 18829.168626
961.281947 18968.586849 19221.827224
966.281947 18864.800762 19125.176179
971.281947 18783.635445 18959.863759
976.281947 18827.483925 18792.567812
981.281947 18743.641489 18739.573106
986.281947 18899.351098 18672.171631
991.281947 18865.823686 18773.120565
996.281947 18928.273085 18830.007107
1001.281947 18963.359924 18914.241571
1002.282588 18848.869324 18986.181812
1006.281947 17549.869066 18930.578509
1007.282494 19065.868698 17908.099369
1011.281947 19321.445947 18444.301947
1012.283198 18669.887490 19059.477860
1016.281947 18525.758474 18943.888996
1017.282159 18857.312923 18709.497425
1021.281947 18637.718633 18795.032739
1022.282739 18834.255394 18688.674724
1026.281947 17083.959713 18770.159265
1027.282395 18743.392567 17514.203807
1031.281947 18912.145971 18023.239694
1032.282384 18976.674211 18584.360910
1036.281947 18525.347381 18995.263962
1037.282500 19320.726326 18857.572928
