64.001099 18840.261436 0.000000
65.002887 19075.267184 18840.261436
66.003387 18907.074091 19310.272933
67.003882 19037.747311 19242.879550
68.005234 19041.051814 19223.236409
69.006644 19033.454189 19169.520941
70.007572 19148.891352 19104.847706
71.008402 18943.658659 19141.240582
72.009143 18903.667054 19007.425193
73.011210 19037.308119 18894.582161
74.011979 18617.380009 18940.662667
75.012401 19066.038464 18672.918200
76.013084 19363.325420 18861.655261
77.013311 19246.708055 19230.084808
78.014160 19298.594172 19360.146711
79.014671 19207.822561 19435.732586
80.015086 19051.787028 19371.162212
81.015139 18959.230942 19181.015462
82.015421 19290.226336 18984.217915
83.201644 19511.797975 19127.818943
84.203736 18983.725830 19406.400035
85.204463 19238.300536 19175.985957
86.205930 18524.304467 19203.644915
87.206243 18693.938966 18690.641248
88.207633 19047.157752 18519.781094
93.200547 19454.773994 18742.804574
94.201249 19036.549724 19236.116790
95.202747 19080.691936 19223.768996
96.203680 18872.320718 19203.896941
97.205385 18807.988122 19006.881248
98.206710 18999.791122 18826.483822
99.208046 19639.378872 18875.513434
103.201533 18609.168247 19410.788474
104.202461 19237.546679 18962.915625
105.205388 19194.271787 19121.826180
106.205548 19625.668564 19197.755413
107.207732 18253.915151 19558.396706
108.208268 18407.361817 18726.720257
109.210787 18918.879997 18307.765756
110.211128 19206.862429 18506.826155
111.212883 18975.540118 18925.356639
112.215509 18964.596575 19031.506596
113.216575 20128.785793 19062.382297
114.217498 18895.780788 19926.515631
115.218144 19110.758622 19484.396084
116.220516 19409.165688 19277.415863
117.221620 19180.296642 19356.066742
118.222317 19025.572756 19237.015133
119.222391 18810.124311 19047.266791
120.224631 19098.274878 18785.382778
121.226318 19235.474734 18876.739080
123.201943 18839.706016 19080.701072
124.203282 19169.041914 18924.548945
125.205128 18428.126330 19072.264073
126.207659 19783.286114 18614.629409
127.209187 19158.435662 19355.556145
128.212392 19556.377327 19364.314166
129.215289 19800.206131 19615.679800
130.216589 19214.440858 19909.408601
131.217974 18633.531969 19589.648429
132.219480 18991.775486 18900.284784
133.220411 19477.037836 18757.597396
134.222300 18827.336878 19108.744986
135.222980 18946.535634 18889.116275
136.224937 19557.766665 18853.256138
137.226034 20735.230860 19317.069216
138.227606 19129.014108 20492.248264
139.229767 19336.579911 19935.920873
140.230786 19230.309612 19611.704838
141.231193 18663.792744 19301.112865
142.234144 19044.761954 18703.228414
143.234618 18538.952447 18680.154178
144.237783 18160.403865 18380.411874
145.238057 19340.899796 17986.264429
146.240101 19059.402904 18718.097514
147.241790 18669.319143 19028.591958
148.244334 19061.303520 18898.979096
149.245058 19827.796879 19070.745959
150.248045 19719.036549 19729.138800
151.248953 19003.210273 20001.429493
152.251287 18577.963606 19530.106896
153.252231 19567.949376 18843.786442
154.254087 19519.432329 19176.659833
155.256104 19896.704822 19404.531129
156.256841 18769.080149 19830.146447
157.258566 19245.640677 19213.875194
158.261671 18726.578844 19151.961203
159.265814 19355.583364 18755.127701
160.265843 19429.345248 19021.327126
161.266127 18977.438568 19293.312311
162.268578 19283.392138 19124.383127
163.271030 19558.330321 19232.647573
164.271166 19396.201649 19505.669575
165.274436 19028.728123 19533.749258
166.276542 19771.603686 19237.797053
167.277927 19190.356021 19594.710390
168.281792 18984.965342 19381.454634
169.282541 18342.780159 19073.009093
170.285364 19216.551809 18415.136498
171.287428 19347.542685 18723.439853
172.288488 18511.390833 19099.112676
173.288859 18804.469436 18721.942701
174.290939 19095.064953 18700.528699
175.293955 19878.341060 18933.753520
176.296848 18911.309839 19678.150869
177.298124 19369.096086 19375.123675
178.300538 19607.427741 19450.996305
179.302129 19600.789620 19647.206306
180.306068 19281.366618 19730.388075
181.307407 19186.497063 19500.012094
182.310368 20214.791867 19259.010568
183.312801 19428.717083 19891.602532
184.315216 20155.009611 19699.139760
185.318240 18887.700502 20080.022101
186.320663 18082.702275 19338.728316
187.321945 19956.481072 18251.575801
188.322748 18707.431556 19071.115259
189.323818 18602.025672 18765.439304
190.326339 18836.636138 18519.044977
191.327139 20780.194285 18592.550836
192.329870 19085.993385 20147.993702
193.332524 19897.650037 19813.114605
194.335000 19319.353570 20072.637241
195.336180 19277.785764 19724.929408
196.337587 20036.455964 19418.505677
197.339451 19326.463935 19799.116484
198.339505 19059.450623 19516.262735
199.341656 19189.058294 19127.126177
200.341767 19623.477681 19012.844763
201.344893 19897.735947 19325.571978
202.348026 18899.335810 19762.105711
203.351218 19866.291965 19265.480034
204.354631 18258.896133 19650.848255
205.354997 20054.555228 18691.846419
206.356913 19204.918085 19450.852251
207.359805 18732.353821 19344.053055
208.362428 18695.266373 18901.446516
209.364501 19336.217226 18610.054487
210.365530 19321.251733 18966.374584
211.367598 18931.674342 19225.771173
212.369479 18846.907843 19087.156565
213.370566 19147.817216 18915.403830
214.374254 19348.188863 19038.085496
215.377343 18949.214269 19277.137994
216.379392 20106.775825 19115.196015
217.379472 18789.415589 19860.900756
218.379481 19303.591298 19307.201716
219.380411 20212.829497 19286.537447
220.381696 19703.958474 19962.397424
221.383407 18964.521944 19981.282164
222.383638 19117.427600 19366.816213
223.386580 19187.472109 19073.688913
224.389856 19595.229666 18990.593316
225.393060 19752.437228 19304.083384
226.396336 18742.644818 19651.520660
227.399905 19384.311157 19093.124132
228.400307 19414.709630 19207.555794
229.400897 18429.948310 19331.759321
230.402323 18737.387821 18676.027671
231.403915 18389.362237 18517.221639
232.405552 19705.679190 18231.840981
233.407966 19458.141754 19115.768681
234.410851 19047.811282 19519.557081
235.411543 19930.681506 19398.349595
236.413610 19119.064606 19912.263942
237.415133 19572.346067 19565.112831
238.418165 18705.705775 19619.986316
239.419647 18472.992521 18985.532777
240.420871 18849.327925 18423.814316
241.421777 18830.935242 18437.501190
242.421981 18596.689715 18533.506799
243.425509 19406.795452 18480.182569
244.426004 19324.835859 19090.226543
245.426735 18955.604461 19412.921062
246.428651 18980.844465 19275.323473
247.431573 19141.206745 19145.524928
248.433578 19574.777646 19159.727250
249.434058 18260.524521 19487.376461
250.438107 19286.574361 18687.361519
251.439532 18864.428971 18950.182178
252.440666 19380.335095 18849.081511
253.443810 18901.332858 19189.297636
254.446227 18857.298597 19047.913385
255.446321 19061.826139 18907.550432
256.448941 19792.493328 18978.201653
257.451274 19598.662678 19582.433777
258.454614 19592.532465 19791.691739
259.456648 19097.762418 19843.465796
260.458483 18727.205306 19435.541955
261.461481 19382.822623 18869.217317
262.462958 19194.833481 19042.264983
263.464270 19137.237029 19072.936369
264.467292 18319.593048 19075.549002
265.470274 19545.831130 18479.044339
266.470323 19362.001048 19060.607746
267.473466 20040.727164 19334.822734
268.474225 18207.998182 19987.769394
269.476530 19275.690001 18952.935430
270.476762 18925.756155 19050.053000
271.478418 18535.503005 18892.570651
272.479189 19454.995823 18529.435990
273.481886 19665.383015 19039.005027
274.483682 19608.179987 19555.577639
275.484429 19769.355126 19798.413017
276.486885 18894.267356 19993.153803
277.488585 18797.810167 19378.258700
278.491164 20307.618633 18877.470420
279.493256 18908.280965 19739.517567
280.493610 19082.831655 19263.063155
281.494617 18933.641140 19067.053420
282.494621 20101.725061 18861.100224
283.496862 18525.455621 19652.321797
284.499884 19994.391644 18978.081318
285.503694 20234.009901 19629.506673
286.506050 19365.652435 20226.154286
287.506474 18259.348687 19875.173896
288.506572 19492.265130 18742.575525
289.508479 19361.745905 18980.156963
290.509575 19187.779827 19129.085305
291.511316 19092.024818 19131.240067
292.512916 19367.614763 19074.636131
293.516270 18864.616855 19257.373794
294.519339 19111.257466 18999.054437
295.520490 19043.221550 19021.265821
296.522225 18730.139256 19003.842487
297.522929 18586.660449 18770.163865
298.527771 19450.017210 18535.709297
299.529370 19524.872616 19078.737371
300.531965 18750.260522 19499.212923
301.532798 19280.722275 19134.906552
302.533002 18811.472653 19254.438173
303.536090 19159.842640 18968.837793
304.536835 20228.400402 19047.973809
305.537252 19758.683867 19916.927346
306.538285 18709.366878 20076.984977
307.540442 18418.122802 19290.450774
308.543296 18995.229733 18533.479641
309.544757 19318.924197 18558.985063
310.544783 18731.053189 18923.569790
311.544913 18748.513896 18763.797499
312.546675 19470.046694 18688.820806
313.549146 18399.528822 19207.405331
314.550777 18890.403382 18729.469530
315.551140 19813.011678 18776.172373
316.552740 19611.455638 19520.037768
317.553811 19170.721859 19814.046913
318.554762 18908.145345 19579.853333
319.555560 18671.677561 19163.541289
320.556142 19114.190231 18714.185443
321.556351 19781.819012 18810.765052
322.557685 19292.876388 19435.632737
323.559159 18191.904126 19467.906181
324.560339 18668.111223 18614.556258
325.561343 18832.742627 18439.373586
326.563103 19129.018790 18532.440212
327.563147 19240.371347 18876.256251
328.566103 19263.352728 19194.869323
329.566526 19206.278348 19382.787401
330.566793 19227.412317 19404.081986
333.201543 19408.032270 19381.128846
334.201746 19980.362569 19466.688109
335.203628 18925.880957 19924.051505
336.203803 19231.446198 19375.949759
337.204188 19387.395067 19218.555617
338.205648 19015.909922 19260.042843
343.201603 18755.403810 19034.010653
344.201662 19300.802063 18721.089791
345.201934 19499.546137 18982.256555
346.202605 19301.794173 19341.534369
353.201841 19642.852620 19412.362246
354.201974 19042.598078 19675.928001
355.202398 18322.386076 19349.251127
356.202641 19084.533461 18569.090426
357.205818 18869.409153 18688.944527
358.206158 19309.276241 18686.425580
363.201672 16557.535144 19060.812315
364.202853 19472.781565 17246.315842
365.203482 19866.669547 18353.307247
366.203494 19341.459091 19482.087515
367.204775 18911.550858 19748.715316
368.205152 18707.410221 19457.783984
369.206292 19982.244752 19022.654560
373.202507 19096.211694 19682.404661
374.203832 18783.129809 19422.714941
375.204787 19131.720691 18976.432855
376.205762 19399.981194 18966.409212
377.210133 20223.941752 19203.920638
378.213306 18896.782103 19989.661908
379.216389 19522.097404 19445.732767
380.218832 19544.078570 19505.517007
383.202464 19307.325588 19556.040100
384.204399 19201.506804 19400.746528
385.205345 18478.630372 19220.380419
386.207230 19143.508876 18583.321636
387.208047 17936.422966 18737.278307
388.210843 18723.591014 18010.499852
389.214379 19736.019738 18218.967439
390.216377 18996.988633 19208.678669
391.220200 19413.671274 19281.096223
393.202774 18858.241701 19558.790083
394.203313 18585.799375 19244.785131
395.204255 18907.242932 18786.815053
396.205343 19571.902916 18748.658762
397.207087 19236.598158 19267.721648
398.207622 19000.688940 19351.819839
399.210807 18236.995646 19188.131601
400.212158 18415.590394 18486.656846
401.214391 19452.134372 18207.450230
403.203948 19485.848544 18897.289946
404.206258 19169.556099 19406.206539
405.207730 19909.044258 19443.356004
406.208425 18841.017443 19948.096879
407.210147 18534.868362 19389.684050
408.211070 19559.364426 18743.699173
409.214033 19148.666516 19136.871080
410.217967 19567.433580 19131.056937
411.219366 19048.415179 19446.627559
413.204791 19240.230569 19245.350574
414.207194 19405.981561 19239.339776
415.209874 19655.021118 19360.870319
416.212937 19653.442761 19619.693069
417.215602 19433.699274 19756.752688
418.218057 18774.161005 19634.647401
419.221648 19321.396932 19028.704024
420.224358 19027.563663 19072.523526
421.224375 20186.131051 18936.276677
423.205399 19308.278065 19759.900539
424.205723 19451.696182 19619.880359
425.208474 19453.388620 19579.533283
426.211570 18601.217902 19528.669798
427.215718 19190.184139 18845.289723
428.218999 19244.599052 18884.306408
429.221285 19834.980166 19021.095368
430.221784 19369.755898 19588.151604
431.223930 19165.409746 19584.468662
433.203253 19025.743611 19375.689386
434.206790 20128.770254 19113.980236
435.209387 19467.802994 19788.336488
436.209782 19189.248684 19714.897610
437.209783 20012.257772 19407.488785
438.210300 18709.392788 19816.481163
439.211289 18738.839260 19092.772766
440.211352 19589.588717 18657.158428
441.212255 20237.391392 19097.833559
443.203020 19257.220811 19926.961920
444.205690 19052.519349 19684.005533
445.206973 19272.799792 19302.305063
446.208561 19054.276030 19214.218731
447.210148 19321.238336 19020.928009
448.214229 19611.700860 19132.841383
449.217756 19677.224789 19453.744202
450.219116 19058.277542 19702.827722
451.220083 18653.804058 19356.758313
453.204434 18858.661619 18805.748303
454.204607 19329.432031 18645.900408
455.204977 19016.141407 18972.244571
456.206667 18953.221671 18989.745550
457.210304 18760.280733 18957.905202
458.213140 19655.160883 18796.108442
459.214567 19964.182219 19377.413247
460.217100 19269.343382 19969.268560
461.220238 18940.072619 19742.795504
463.203434 18686.693920 19264.242874
464.206522 19009.109984 18753.889970
465.209024 19155.655539 18723.726554
466.210916 19495.739779 18889.899870
467.214863 19298.763761 19294.488624
468.215502 19252.698452 19399.363777
469.216344 18508.183053 19392.102368
470.217219 18333.283444 18795.234135
471.217248 19141.324734 18293.862541
473.205761 18806.951321 18659.062937
474.205874 19003.392098 18711.448525
475.206261 18273.449341 18908.847600
476.206464 19680.084012 18483.726195
477.210193 19274.342174 19273.572282
478.212708 19194.051850 19465.816879
479.214002 18532.566595 19453.852759
480.214617 18785.745578 18886.806530
481.217081 19489.047530 18704.607669
483.201366 20246.170710 19161.269180
484.204181 19389.088743 20039.386908
485.207164 19359.280057 19887.330247
486.207236 18741.415086 19664.385026
487.208960 18652.733368 19013.237446
488.211987 19656.421811 18553.196777
489.214276 19412.804281 19100.826922
490.214532 19530.465576 19330.827570
491.214935 19718.432045 19554.568043
493.204638 19002.062638 19801.387514
494.205107 17537.603311 19366.781328
495.207952 18613.162945 17959.954067
496.209312 19445.027291 17957.622473
497.212306 19261.717975 18744.240053
498.215874 19657.495012 19175.263666
499.217311 19067.817667 19709.221827
500.219242 19229.840090 19521.011196
501.219810 18306.974151 19435.124315
503.204844 18821.879055 18648.710364
504.206151 19889.230151 18556.248013
505.207883 19520.479308 19376.937920
506.211056 19673.648666 19638.792799
507.212747 19440.864079 19855.018884
508.214012 19189.425745 19743.200932
509.218263 18900.220112 19423.128992
510.218298 19874.209884 18987.762985
511.219431 19622.193447 19478.686593
513.204379 19581.771003 19634.016892
514.206290 19965.859213 19678.409347
515.207007 18607.287614 19964.512146
516.208059 18824.215563 19088.971613
517.208871 18861.809948 18693.476309
518.209220 18806.565047 18556.609259
519.210294 19187.048761 18523.042230
520.211314 18390.644988 18862.502205
521.213500 19218.540238 18516.066003
523.204066 19410.242277 18932.414085
524.208222 20321.367828 19355.896194
525.208952 18344.634334 20264.567932
526.211464 19001.180379 19250.553655
527.212329 19284.579272 19009.476219
528.213287 19435.415655 19099.412711
529.214385 19164.468326 19303.799885
530.215393 18804.998527 19235.686918
531.215398 19782.186345 18914.223437
533.202135 19108.409396 19459.076332
534.203355 20243.203813 19306.947572
535.205639 19256.626708 20032.344460
536.207745 19697.021884 19707.824914
537.209454 19015.611790 19763.061971
538.212830 18711.008592 19263.112907
539.215040 18877.823754 18722.810698
540.215771 19057.335199 18574.820439
541.217730 19812.186929 18711.209721
543.203405 18753.217303 19432.074529
544.206786 19162.732289 19093.307814
545.208423 19118.487139 19146.038068
546.210128 17781.607199 19143.392888
547.212949 18917.287941 18133.183905
548.213399 19328.195981 18391.945794
549.215325 19226.498808 18960.843305
550.217291 19658.356977 19260.857350
551.218223 19315.213788 19726.168363
553.203258 18772.341614 19684.513632
554.205152 17879.052721 19164.207175
555.208037 19480.577841 18136.120886
556.209132 18905.978204 18758.954541
557.211524 20106.513168 18819.827466
558.214815 18335.164064 19772.202836
559.215226 19330.032561 19003.456276
560.215629 18718.031550 19198.161315
561.216167 19463.598465 18869.480888
563.203002 19000.835056 19226.453527
564.205262 20029.211641 19117.153524
565.206975 19144.797699 19804.706344
566.208358 19530.252117 19541.298622
567.211918 18457.709066 19599.560343
568.214480 18860.109163 18806.956860
569.214666 19544.596390 18625.143242
570.215373 19887.994809 19106.343334
571.216106 19108.494222 19714.055458
573.202397 20576.021803 19476.770917
574.202794 18573.273611 20366.705159
575.203629 18705.093887 19361.940297
576.206995 19072.598000 18761.256401
577.208632 19731.664226 18722.501910
578.209030 18766.715761 19284.948356
579.211617 19845.562661 18954.139198
580.214442 18668.723040 19551.013934
581.218754 19505.212407 19040.458769
583.202945 20967.559523 19319.614279
584.203988 19121.380006 20602.351903
585.205980 19355.400337 19950.387982
586.206095 18572.617754 19592.669276
587.209933 19109.939959 18767.405751
588.210495 19157.599325 18709.068643
589.212478 19488.245460 18815.862443
590.213992 18879.628243 19202.678165
591.216348 19284.701390 19011.014937
593.202919 19345.749363 19186.141509
594.203980 19352.707945 19344.130746
595.204845 19876.847314 19428.748954
596.207420 19580.981030 19845.152333
597.209090 18814.900240 19839.378055
598.210641 18549.515692 19197.331067
599.213304 18097.986302 18581.661455
600.213817 19250.397783 17927.143166
601.216038 18426.200931 18506.903416
603.205750 21862.943786 18364.509494
604.206342 18630.471627 20886.292533
605.206988 19180.722985 19966.992747
606.209394 19643.025154 19585.901092
607.209706 18917.670045 19640.787365
608.210940 20475.597233 19124.773617
609.213452 19449.262975 19983.436241
610.214113 18750.936900 19766.057108
611.215704 20042.161207 19054.424452
613.202736 19308.470583 19591.154466
614.204746 18404.629385 19422.003190
615.205435 19647.982586 18631.163502
616.207211 19395.341963 19111.625030
617.209643 18520.943140 19296.464715
618.211001 19203.654638 18757.804753
619.212384 18828.746836 18941.292992
620.213408 20086.737242 18817.446671
621.214477 19994.367612 19701.841357
623.203496 17855.828243 20170.985448
624.204061 18367.619337 18757.498508
625.207402 18719.776479 18209.180792
626.209026 18976.851483 18238.749427
627.210379 19177.732691 18566.596760
628.213473 18888.570276 18983.745014
629.215188 19029.382618 19023.944249
630.218247 19383.700605 19115.809629
631.219434 19488.991358 19405.874057
633.204648 18488.739793 19624.330972
634.205419 19242.216683 18949.535853
635.208320 19000.892299 19062.046946
636.208677 19283.708025 18982.351638
637.209930 18895.618367 19159.250945
638.212351 18693.860137 18987.747624
639.215064 18687.422859 18727.644977
640.217882 19099.102867 18584.319485
641.219988 18457.002883 18847.192589
643.205928 18337.473027 18560.031722
644.208482 18996.758369 18301.046687
645.209126 18815.653912 18675.124761
646.210279 18595.815306 18806.743857
647.211519 18735.765667 18709.901965
648.214187 19739.201855 18737.922124
649.214618 19538.087499 19503.970231
650.214861 18761.824251 19794.966423
651.215354 18563.759858 19294.047352
653.204496 18312.282328 18761.983747
654.205631 18505.499340 18257.787824
655.207614 18416.297776 18164.226248
656.208341 19820.372556 18135.862560
657.211193 19233.595314 19244.845605
658.213328 19338.413150 19503.135933
659.215963 19771.136312 19643.509320
660.217866 19159.082445 19961.964342
661.220068 19029.266363 19614.444446
663.204949 19279.885109 19229.481935
664.206786 19121.060709 19174.910847
665.207413 19956.092796 19054.750568
666.209981 20182.715443 19637.522030
667.213352 18508.574195 20178.517437
668.214253 18135.106208 19194.458706
669.217628 18966.423054 18250.857222
670.219636 19995.463652 18373.606361
671.222400 19769.957977 19354.965552
673.201797 19248.690634 19836.640417
674.204994 18442.342797 19669.856732
675.206742 19292.508260 18876.412487
676.207991 18767.443536 19008.797039
677.212029 18780.236163 18752.118578
678.215732 18655.050775 18637.205057
679.217563 19110.446767 18521.617032
680.218248 18938.263182 18838.728449
681.220691 19591.172125 18936.076049
683.210327 18885.328162 19474.978339
684.211428 19517.474235 19244.094958
685.213828 19784.711106 19513.071124
686.214521 19576.573309 19849.087638
687.218336 18723.193313 19844.898414
688.218965 18695.139170 19135.687529
689.220891 18465.843349 18656.917925
690.224070 18042.455817 18255.116568
691.224508 19536.682055 17789.356936
693.202962 19390.666198 18740.421519
694.203330 19187.794358 19305.507052
695.204110 19498.356103 19457.185725
696.206990 18591.993865 19698.598528
697.208633 19247.730718 19089.472645
698.209264 18482.883495 19152.342648
699.211356 18928.045526 18633.989250
700.215406 18716.819407 18670.907636
701.217866 19169.809431 18595.231712
703.202933 18918.589038 18927.533191
704.205759 19090.924445 18965.837696
705.206935 19042.303348 19102.429340
706.207750 18900.613833 19131.383115
707.208886 18593.545288 19017.322924
708.211332 19087.838465 18700.814148
709.214489 19088.967129 18886.462427
710.215598 20357.144397 19030.477074
711.215813 19471.571273 20068.239863
713.203027 18484.947114 19995.167547
714.203362 18331.366711 19087.764202
715.204511 18947.054459 18368.172955
716.204581 18560.383482 18460.941582
717.206442 18759.485255 18338.850882
718.207836 18747.512385 18482.515012
719.208100 20218.296130 18614.609985
720.209293 19343.489488 19816.970880
721.209505 19521.957468 19862.377659
722.210439 19521.519086 19889.209990
723.210681 17521.049644 19810.484239
724.213092 20322.154930 18198.527994
725.214627 18685.894097 19324.009249
726.215059 19288.992979 18909.090671
727.218654 19612.170645 19098.156401
728.221022 19225.754527 19482.781659
729.224360 19761.965493 19417.629446
730.225290 19663.709226 19739.242835
731.225985 19596.698068 19832.037994
732.229730 19684.200228 19786.095012
733.230682 16097.685930 19781.400906
734.232227 18621.434887 17064.867959
735.232492 19743.326427 17357.617696
736.234735 19750.530687 18661.365517
737.238261 18895.155231 19589.132851
738.241629 18084.275802 19451.834384
739.241804 18788.228688 18635.855791
740.244601 19678.902732 18617.936161
741.244738 19820.366011 19319.555011
742.245429 18713.638964 19866.298826
743.246503 19317.788624 19298.142244
744.249866 18636.690725 19321.050378
745.251451 19001.114944 18820.865583
746.251726 19566.731181 18798.047635
747.253655 19925.361960 19261.617666
748.255618 18892.282857 19838.654145
749.257027 18612.907923 19374.040010
750.258239 20013.565726 18811.762455
751.259523 19155.405647 19531.403396
752.263645 18704.339406 19368.144390
753.267328 17010.531364 18895.030520
754.268507 18684.735941 17340.444776
755.272831 19429.147372 17736.326983
756.273581 19860.608438 18729.678899
757.274333 19202.255780 19724.817775
758.275265 18993.280820 19762.570385
759.277673 19914.459996 19484.636819
760.279048 20130.094793 19913.715418
761.279184 18687.432342 20290.166960
762.281985 18852.239819 19356.377851
763.284434 19686.852354 18845.852527
764.286614 19059.885089 19218.146089
765.287852 18920.982955 19051.243987
766.288514 18009.276100 18865.776612
767.290698 17861.371001 18103.064368
768.291675 19917.506506 17587.332355
769.292145 19160.121676 18940.077639
770.294271 19282.575292 19292.768875
771.296021 19356.804245 19527.792905
772.298517 19509.323779 19639.672232
773.299080 19116.051489 19739.284549
774.303177 19715.709962 19436.646297
775.304016 19159.634055 19654.922324
776.307800 18730.047806 19362.200317
777.310376 18615.334742 18843.008061
778.310550 19249.028294 18469.137071
779.313479 19863.120227 18794.021158
780.314919 18626.053510 19530.783935
781.316549 19435.535175 19054.449359
783.205013 18283.552718 19316.294357
784.206310 18635.635101 18613.040218
785.207942 19416.423124 18443.103061
786.208055 18991.605254 18991.858509
787.208547 19255.162598 19053.763985
788.209160 19547.891111 19266.845048
789.211301 19687.885570 19590.011352
790.213151 19538.958958 19846.060288
791.213900 18126.368657 19822.846117
792.218306 19410.576902 18680.824517
793.220534 18047.877206 18934.355935
794.220715 20247.298189 18158.152114
795.222043 19283.305533 19392.047214
796.223612 19973.629577 19499.813015
797.225328 18796.727958 20017.312079
798.225453 18810.433994 19382.464771
799.227847 19562.350682 18928.886441
800.229208 19347.224399 19236.421680
801.229895 18588.730421 19310.326838
802.233161 18989.112436 18787.633323
803.237283 19957.358922 18776.847352
804.237982 19339.390482 19550.705501
805.239109 19463.153816 19575.821601
806.239755 19549.510123 19622.094372
807.240523 18791.878917 19670.262849
808.242237 19411.685182 19095.935502
809.242312 19267.554398 19197.612380
810.244759 19215.816339 19193.870932
811.246788 18430.587878 19171.617530
812.247253 19900.937509 18582.619186
813.250110 17942.594533 19352.874410
814.253224 19698.786022 18406.260565
815.253536 19061.433719 19134.180751
816.254660 19257.106455 19161.277935
817.256680 18654.576595 19296.620024
818.258816 19124.232585 18902.515282
819.261321 19814.633455 18995.720232
820.262600 19718.546863 19592.251447
821.265208 18901.844042 19874.047613
822.269962 18889.712469 19363.543392
823.271835 21086.070509 18983.767765
824.274440 18740.563941 20417.634657
825.277487 19291.906199 19542.547140
826.278085 18476.079329 19318.014275
827.278283 19152.784388 18587.350671
828.282469 19602.505309 18701.729828
829.283294 18997.902697 19208.973737
830.284751 19867.901974 19107.526626
831.285410 18995.662724 19681.896546
833.202465 19444.150359 19361.403425
834.206186 18918.993325 19446.087416
835.209302 19505.899945 19094.077371
836.209822 19387.604571 19314.481303
837.213717 18623.040394 19383.816398
838.215462 18777.956997 18846.007857
839.218047 18695.161025 18637.549172
840.221244 19223.220618 18506.324808
841.223840 19055.923945 18883.966374
842.224311 18920.915108 19032.128214
843.226595 19347.551917 19010.901438
844.227296 19247.103210 19297.769075
845.227754 19367.750241 19378.312073
846.229667 18607.159993 19476.266630
847.231151 19206.403011 18927.672125
848.232120 19466.277690 19022.679103
849.233513 18637.451921 19311.019578
850.233621 19117.348451 18872.385017
851.234783 19204.086606 18954.256860
852.237839 19657.180743 19101.019296
853.237983 19550.339432 19539.987944
854.239157 18158.463385 19708.639484
855.241365 19669.733565 18709.483207
856.242278 18806.114162 19205.602747
857.243476 19696.863087 18921.980670
858.246396 18773.344288 19419.264698
859.246966 19787.643877 19044.667210
860.250560 19650.329308 19550.262428
861.253478 19482.547486 19759.419471
862.256591 18845.687124 19710.889086
863.258709 19129.577250 19151.893222
864.259071 19597.990421 19008.761360
865.259312 18662.786543 19318.709280
866.261853 18630.470830 18842.100617
867.264750 18762.638740 18534.730982
868.268917 18907.169674 18504.107059
869.271309 18751.734171 18661.826218
870.272551 18998.767546 18685.445035
871.273107 19773.998638 18899.101759
872.275472 18760.251173 19612.269886
873.277530 17635.128123 19248.975540
874.281584 19163.017770 18101.304987
875.284542 19004.038716 18556.842730
876.286804 19058.435328 18816.921071
877.286880 19451.351558 19034.537111
878.288106 19604.970374 19444.006858
879.290615 20047.338841 19765.792019
880.292869 19266.683230 20218.255539
881.294899 19037.014592 19816.266415
882.296378 20120.039792 19305.624579
883.299136 19225.397566 19795.420064
884.299757 19127.971514 19450.491069
885.301937 19798.093697 19148.683657
886.304496 19509.675414 19495.193552
887.304676 19266.543023 19527.859824
888.308054 18563.546387 19357.297564
889.310530 19234.514257 18722.080322
890.312506 18013.184929 18868.064120
891.315763 19839.557108 18116.671557
893.201068 18268.046435 19084.882753
894.202542 18830.062837 18579.023934
895.204346 19136.118025 18669.862452
896.206205 19690.262405 18984.873198
897.207403 19118.957416 19595.798063
898.208156 18370.609163 19496.397839
899.210019 19141.138478 18791.076431
903.203636 18437.508091 18911.195897
904.204858 19186.355752 18501.018485
905.205022 19083.452770 18841.687926
906.206587 19328.630752 19021.012366
907.206695 18895.270040 19310.168174
908.207415 18830.639463 19134.341188
913.201546 19063.595860 18938.186975
914.202070 19483.773264 18987.940289
915.202729 18588.807153 19346.863891
916.203684 18449.496135 18889.328452
917.205369 19578.158859 18480.947144
918.207313 19148.065423 19115.390782
923.198835 19442.025748 19225.734542
924.199031 18565.706404 19481.959386
925.199335 19059.441245 18942.848891
926.201907 19392.460515 18949.309152
