11.140721 9993.387187
21.140721 5531.129600
31.140721 5531.129600
41.140721 16663.256000
51.140721 11062.259200
61.140721 11062.259200
71.141085 19059.027738
81.141372 19116.294516
91.142069 16726.318837
101.142335 19128.480164
111.142386 19108.698462
121.142695 19197.245668
131.142725 19147.686501
141.143280 19209.108236
151.143291 19143.884905
161.143912 19164.054692
171.144435 19167.821260
181.144575 19145.115698
191.144825 19217.596584
201.145179 19213.042305
211.145666 19183.881956
221.145872 19125.006919
231.146358 19144.244887
241.146553 19232.780792
251.146693 19162.328011
261.147416 19136.909793
271.147690 19189.950121
281.147733 19190.392330
291.148224 19183.711284
301.148671 19237.475970
311.148821 19225.536059
321.148924 19137.508252
331.149124 19151.136675
341.281947 18546.017220
351.281947 18386.723200
361.282378 19108.662048
371.282808 19181.859230
381.284294 19203.772943
391.284896 19100.511557
401.285336 19169.954351
411.285443 19116.195284
421.285927 19204.591130
431.286106 19111.913359
441.286386 19182.893949
451.287429 19188.794412
461.287481 19150.196822
471.287768 19155.885250
481.287790 19155.162856
491.287800 19176.236888
501.288365 19107.509824
511.288827 19202.148768
521.289187 19152.029580
531.289393 19186.687104
541.289605 19190.046985
551.289689 19163.295449
561.290254 19170.963509
571.290643 19118.751044
581.291010 19124.472410
591.291346 19202.389285
601.291616 19122.004340
611.291771 19183.101426
621.292091 19169.287349
631.292345 19141.189739
641.292584 19073.722965
651.292857 19153.424806
661.293716 19159.663594
671.294402 19171.039787
681.294508 19181.969898
691.294793 19130.086006
701.295017 19180.515067
711.295433 19164.467022
721.295795 19128.775670
731.296322 19222.947249
741.296337 19150.301112
751.296626 19166.956274
761.296965 19160.725692
771.297001 19221.896967
781.297274 19175.508904
791.297838 19167.347904
801.298570 19207.520802
811.298757 19197.980408
821.298868 19148.272908
831.299246 19164.988901
841.299702 19221.240141
851.299717 19160.695714
861.299850 19182.559584
871.300106 19219.041941
881.301335 19141.096815
891.301618 19188.311101
901.302242 19145.738434
911.302778 19077.995986
921.303145 17618.752228
931.303738 14643.512008
941.303940 10868.082460
951.304192 10968.688389
961.304221 10970.160918
971.304815 7196.140070
981.304910 7187.909435
991.305672 7191.111117
1001.306094 7469.182810
1011.306863 5807.294191
1021.308432 3873.673821
1031.308471 3873.039295
