# AndroidClient mimuroto
1.404433 0.344585 1857.307624 1280
3.899244 2.494811 2565.324351 1792
9.571679 3.167246 2828.956405 2048
14.075234 2.670801 3834.055173 2304
19.662723 3.258290 3535.596436 2304
24.667255 3.262822 3530.685539 2560
30.271116 3.866683 3310.330534 2560
36.196697 4.792264 2670.971129 2304
40.298913 3.894481 2958.032500 2304
45.973754 4.569321 2521.162158 2304
50.890004 4.485571 2568.234892 2304
55.914286 4.509853 2554.407000 2304
60.920195 4.515762 2551.064347 2304
65.826859 4.422426 2604.904870 2048
70.442415 4.037983 2535.919785 2048
75.443126 4.038693 2535.473725 2048
80.443162 4.038729 2535.450827 2048
85.465597 4.061164 2521.444509 2048
90.421366 4.016933 2549.208518 2048
95.465755 4.061323 2521.346133 2048
100.393791 3.989358 2566.828955 2048
105.350563 3.946130 2594.947511 2048
110.350580 3.946148 2594.935873 2048
115.445574 4.041141 2533.938012 2048
120.451965 4.047532 2529.936864 2048
125.384408 3.979975 2572.880460 2048
130.354205 3.949772 2592.554763 2048
135.288071 3.883638 2636.702879 2048
140.393151 3.988718 2567.241042 2048
145.441689 4.037256 2536.376371 2048
150.429862 4.025429 2543.828336 2048
155.445809 4.041376 2533.790324 2048
160.421824 4.017391 2548.917971 2048
165.352851 3.948418 2593.443631 2048
170.298965 3.894533 2629.327015 2048
175.405737 4.001304 2559.165397 2048
180.437948 4.033515 2538.728697 2048
185.450870 4.046437 2530.621444 2048
190.364350 3.959918 2585.912443 2048
195.357882 3.953449 2590.143167 2048
200.308463 3.904030 2622.930328 2048
205.377114 3.972681 2577.604217 2048
210.423723 4.019290 2547.713495 2048
215.446702 4.042269 2533.230752 2048
220.437236 4.032803 2539.177007 2048
225.402458 3.998025 2561.264523 2048
230.353038 3.948605 2593.321130 2048
235.328971 3.924538 2609.224137 2048
240.400252 3.995819 2562.678552 2048
245.443415 4.038982 2535.292367 2048
250.411034 4.006601 2555.782214 2048
255.336014 3.931582 2604.549765 2048
260.392559 3.988127 2567.621555 2048
265.435722 4.031290 2540.130124 2048
270.486018 4.081585 2508.829086 2048
275.424003 4.019570 2547.535994 2048
280.429255 4.024822 2544.212036 2048
285.432955 4.028523 2541.874820 2048
290.459028 4.054595 2525.529863 2048
295.427489 4.023056 2545.328896 2048
300.465638 4.061205 2521.419067 2048
305.413989 4.009557 2553.898376 2048
310.346816 3.942384 2597.413349 2048
315.212970 3.808537 2688.696264 2048
320.109985 3.705552 2763.420721 2048
325.192925 3.788492 2702.922454 2048
330.254480 3.850047 2659.707640 2048
335.344796 3.940363 2598.745114 2048
340.443258 4.038826 2535.390485 2048
345.468079 4.063646 2519.904256 2048
350.428824 4.024391 2544.484241 2048
355.400594 3.996161 2562.459334 2048
360.424367 4.019934 2547.305440 2048
365.432870 4.028437 2541.928746 2048
370.447909 4.043476 2532.474595 2048
375.423735 4.019302 2547.706230 2048
380.415917 4.011484 2552.671097 2048
385.402476 3.998043 2561.252797 2048
390.419641 4.015208 2550.303490 2048
395.401150 3.996717 2562.102778 2048
400.466188 4.061755 2521.077499 2048
405.410109 4.005676 2556.372235 2048
410.435262 4.030830 2540.419918 2048
415.459274 4.054841 2525.376201 2048
420.453598 4.049166 2528.916131 2048
425.413311 4.008878 2554.330708 2048
430.377657 3.973224 2577.252221 2048
435.290730 3.886297 2634.898939 2048
440.233036 3.828603 2674.604806 2048
445.278407 3.873974 2643.280637 2048
450.296988 3.892555 2630.663086 2048
455.329652 3.925219 2608.771496 2048
460.379835 3.975402 2575.839878 2048
465.445901 4.041468 2533.732645 2048
470.530209 4.125776 2481.957152 2048
475.513172 4.108739 2492.248691 2048
480.503181 4.098748 2498.323743 2048
485.508990 4.104557 2494.787808 2048
490.477700 4.073268 2513.952234 2048
495.486111 4.081678 2508.772196 2048
500.489610 4.085177 2506.623063 2048
505.511215 4.106782 2493.436454 2048
510.518376 4.113943 2489.096101 2048
515.466532 4.062099 2520.864261 2048
520.474412 4.069979 2515.983375 2048
525.478124 4.073691 2513.690842 2048
530.419948 4.015516 2550.108337 2048
535.446795 4.042362 2533.172399 1792
540.089680 3.685247 2431.315775 1792
545.118994 3.714562 2412.128558 1792
550.112441 3.708008 2416.391721 1792
555.078951 3.674519 2438.414668 1792
560.071186 3.666753 2443.578914 1792
565.072400 3.667967 2442.770093 1792
570.077980 3.673547 2439.059469 1792
575.091791 3.687358 2429.923860 1792
580.086223 3.681790 2433.598769 1792
585.089090 3.684658 2431.704975 1792
590.108430 3.703998 2419.008101 1792
595.127978 3.723546 2406.308646 1792
600.111731 3.707298 2416.854658 1792
605.093661 3.689228 2428.692290 1792
610.118913 3.714480 2412.181668 1792
615.082496 3.678063 2436.064713 1792
620.128428 3.723996 2406.017874 1792
625.127820 3.723387 2406.410959 1792
630.114950 3.710517 2414.758028 1792
635.112869 3.708436 2416.112822 1792
640.086146 3.681713 2433.649915 1792
645.136287 3.731854 2400.951488 1792
650.096796 3.692363 2426.630382 1792
655.093500 3.689067 2428.798528 1792
660.090730 3.686297 2430.623558 1792
665.116477 3.712045 2413.764083 1792
670.088336 3.683904 2432.202600 1792
675.110113 3.705680 2417.909716 1792
680.139762 3.735329 2398.717948 1792
685.120878 3.716445 2410.906039 1792
690.130975 3.726543 2404.373394 1792
695.101814 3.697382 2423.336507 1792
700.098054 3.693621 2425.803902 1792
705.103328 3.698895 2422.345136 1792
710.128064 3.723632 2406.253128 1792
715.121807 3.717374 2410.303358 1792
720.106808 3.702375 2420.068349 1792
725.096579 3.692146 2426.773118 1792
730.145796 3.741363 2394.849294 1792
735.079678 3.675245 2437.932754 1792
740.100248 3.695815 2424.363507 1792
745.076125 3.671692 2440.291842 1792
750.079286 3.674853 2438.192802 1792
755.079456 3.675023 2438.079929 1792
760.117944 3.713511 2412.810825 1792
765.104409 3.699976 2421.637069 1792
770.077786 3.673353 2439.188208 1792
775.099894 3.695461 2424.595852 1792
780.081772 3.677339 2436.544347 1792
785.088737 3.684304 2431.938026 1792
790.093870 3.689437 2428.554857 1792
795.118137 3.713705 2412.685210 1792
800.095240 3.690807 2427.653555 1792
805.105187 3.700754 2421.128362 1792
810.109420 3.704987 2418.361921 1792
815.090374 3.685941 2430.858302 1792
820.106966 3.702533 2419.965130 1792
825.131768 3.727335 2403.861998 1792
830.067858 3.663425 2445.798411 1792
835.099774 3.695342 2424.674337 1792
840.132342 3.727909 2403.491874 1792
845.090478 3.686045 2430.789613 1792
850.144163 3.739730 2395.894683 1792
855.119382 3.714949 2411.876992 1792
860.109638 3.705205 2418.219691 1792
865.122242 3.717810 2410.021241 1792
870.122109 3.717676 2410.107617 1792
875.089929 3.685496 2431.151578 1792
880.091438 3.687006 2430.156324 1792
885.154496 3.750063 2389.292944 1792
890.119977 3.715544 2411.490729 1792
894.125046 2.720613 3293.375482 1792
