# AndroidClient mimuroto
1.566099 0.346839 1845.234723 1280
3.976605 2.410506 2655.044171 1792
9.736933 3.170833 2825.755579 2048
14.183165 2.617066 3912.778527 2304
20.138546 3.572447 3224.680543 2304
24.724143 3.158044 3647.827815 2560
30.716254 4.150155 3084.221921 2304
36.108887 4.542787 2535.887972 2304
40.551679 3.985580 2890.419789 2304
46.129194 4.563095 2524.602541 2304
51.051183 4.485083 2568.514065 2304
56.070466 4.504367 2557.517973 2304
61.092046 4.525946 2545.324023 2048
65.696747 4.130648 2479.030165 2048
70.613251 4.047152 2530.174509 2048
75.598584 4.032485 2539.376914 2048
80.612172 4.046073 2530.848911 2048
85.627289 4.061190 2521.428403 2048
90.587103 4.021004 2546.627604 2048
95.633290 4.067190 2517.708581 2048
100.554009 3.987910 2567.761319 2048
105.516010 3.949910 2592.463822 2048
110.524857 3.958758 2586.670100 2048
115.606691 4.040592 2534.282109 2048
120.616778 4.050679 2527.971432 2048
125.552514 3.986415 2568.724236 2048
130.518142 3.952043 2591.064979 2048
135.452975 3.886876 2634.506552 2048
140.559819 3.993719 2564.025947 2048
145.600923 4.034824 2537.904827 2048
150.587065 4.020965 2546.652083 2048
155.617239 4.051140 2527.683527 2048
160.589210 4.023111 2545.294165 2048
165.525529 3.959430 2586.230774 2048
170.483080 3.916980 2614.258662 2048
175.586527 4.020428 2546.992622 2048
180.603370 4.037270 2536.367179 2048
185.617720 4.051621 2527.383719 2048
190.529606 3.963507 2583.570606 2048
195.524859 3.958760 2586.668630 2048
200.468233 3.902134 2624.205038 2048
205.538599 3.972500 2577.721737 2048
210.590006 4.023907 2544.790226 2048
215.609721 4.043622 2532.382898 2048
220.593834 4.027735 2542.371979 2048
225.563479 3.997380 2561.678132 2048
230.507520 3.941421 2598.047831 2048
235.481749 3.915650 2615.147052 2048
240.572214 4.006115 2556.092194 2048
245.603768 4.037669 2536.116885 2048
250.571569 4.005470 2556.504187 2048
255.500360 3.934261 2602.776071 2048
260.552867 3.986768 2568.496639 2048
265.609559 4.043460 2532.484400 2048
270.641418 4.075318 2512.687072 2048
275.590564 4.024465 2544.437687 2048
280.598830 4.032731 2539.222384 2048
285.600571 4.034472 2538.126262 2048
290.624584 4.058485 2523.108865 2048
295.584498 4.018399 2548.278537 2048
300.623434 4.057335 2523.823939 2048
305.571598 4.005498 2556.485867 2048
310.512229 3.946130 2594.947357 2048
315.372012 3.805913 2690.550196 2048
320.278078 3.711979 2758.636406 2048
325.353794 3.787695 2703.491024 2048
330.421553 3.855454 2655.977676 2048
335.505757 3.939658 2599.210483 2048
340.611912 4.045813 2531.011639 2048
345.623198 4.057099 2523.971030 2048
350.588585 4.022486 2545.689462 2048
355.568052 4.001953 2558.750908 2048
360.588871 4.022772 2545.508361 2048
365.590481 4.024382 2544.489966 2048
370.613651 4.047551 2529.924632 2048
375.579220 4.013121 2551.629891 2048
380.581431 4.015332 2550.224994 2048
385.572123 4.006024 2556.150637 2048
390.567314 4.001215 2559.222944 2048
395.565945 3.999846 2560.098645 2048
400.617241 4.051142 2527.682296 2048
405.557836 3.991736 2565.299675 2048
410.606772 4.040673 2534.231240 2048
415.618287 4.052188 2527.030076 2048
420.612077 4.045977 2530.908802 2048
425.580647 4.014548 2550.723004 2048
430.539050 3.972951 2577.429018 2048
435.466091 3.899992 2625.646507 2048
440.399694 3.833595 2671.121918 2048
445.440807 3.874708 2642.779855 2048
450.448924 3.882825 2637.255423 2048
455.500338 3.934238 2602.790961 2048
460.544349 3.978250 2573.995991 2048
465.615273 4.049174 2528.911018 2048
470.689041 4.122942 2483.663356 2048
475.666546 4.100446 2497.289051 2048
480.668527 4.102428 2496.083092 2048
485.673387 4.107288 2493.129303 2048
490.638358 4.072259 2514.574891 2048
495.638010 4.071911 2514.789913 2048
500.654236 4.088137 2504.808504 2048
505.665221 4.099122 2498.095846 2048
510.685062 4.118963 2486.062568 2048
515.643563 4.077464 2511.364844 2048
520.634730 4.068631 2516.817330 2048
525.636105 4.070006 2515.966699 1792
530.299005 3.732906 2400.275052 1792
535.307462 3.741363 2394.849355 1792
540.250276 3.684177 2432.022376 1792
545.279023 3.712924 2413.192377 1792
550.276451 3.710352 2414.865311 1792
555.254666 3.688566 2429.128052 1792
560.243212 3.677113 2436.694097 1792
565.241659 3.675559 2437.724180 1792
570.253918 3.687819 2429.620259 1792
575.245936 3.679836 2434.890822 1792
580.258643 3.692544 2426.511188 1792
585.261293 3.695194 2424.771390 1792
590.264192 3.698093 2422.870579 1792
595.291036 3.724937 2405.409902 1792
600.277518 3.711418 2414.171357 1792
605.255162 3.689063 2428.801109 1792
610.279350 3.713251 2412.979876 1792
615.241411 3.675311 2437.888625 1792
620.278420 3.712321 2413.584672 1792
625.285629 3.719530 2408.906511 1792
630.265228 3.699128 2422.192236 1792
635.278016 3.711917 2413.846870 1792
640.260017 3.693918 2425.608763 1792
645.300645 3.734545 2399.221115 1792
650.256166 3.690067 2428.140122 1792
655.257213 3.691114 2427.451670 1792
660.253167 3.687068 2430.115040 1792
665.284971 3.718872 2409.332884 1792
670.251544 3.685445 2431.185256 1792
675.278397 3.712298 2413.599586 1792
680.294706 3.728607 2403.042522 1792
685.277804 3.711705 2413.984964 1792
690.290923 3.724824 2405.482889 1792
695.262916 3.696817 2423.706733 1792
700.264794 3.698695 2422.476242 1792
705.272520 3.706421 2417.426408 1792
710.289534 3.723435 2406.380357 1792
715.275334 3.709235 2415.592608 1792
720.269358 3.703258 2419.490874 1792
725.276057 3.709958 2415.121553 1792
730.310300 3.744201 2393.033806 1792
735.236367 3.670268 2441.238884 1792
740.276660 3.710561 2414.729449 1792
745.241778 3.675679 2437.644947 1792
750.242238 3.676139 2437.340071 1792
755.250094 3.683995 2432.142576 1792
760.273944 3.707845 2416.497846 1792
765.265796 3.699697 2421.820076 1792
770.255045 3.688946 2428.878046 1792
775.277525 3.711426 2414.166709 1792
780.245775 3.679676 2434.996978 1792
785.258974 3.692874 2426.294288 1792
790.263540 3.697441 2423.297635 1792
795.271784 3.705684 2417.906905 1792
800.254212 3.688113 2429.426496 1792
805.272259 3.706160 2417.596959 1792
810.265708 3.699609 2421.877788 1792
815.252664 3.686565 2430.447089 1792
820.278058 3.711959 2413.819740 1792
825.287139 3.721039 2407.929292 1792
830.235156 3.669057 2442.044186 1792
835.262105 3.696006 2424.238743 1792
840.294211 3.728112 2403.361587 1792
845.260147 3.694047 2425.523873 1792
850.308167 3.742068 2394.398151 1792
855.273185 3.707086 2416.992731 1792
860.270014 3.703915 2419.062222 1792
865.282426 3.716327 2410.982884 1792
870.285657 3.719558 2408.888408 1792
875.258768 3.692668 2426.429568 1792
880.255239 3.689140 2428.750592 1792
885.320791 3.754691 2386.347910 1792
890.290584 3.724485 2405.701555 1792
894.283464 2.717365 3297.311894 1792
