# AIMDClient mimuroto
1.557965 0.351200 1822.325375 256
2.151566 0.593601 2156.330333 384
3.025811 0.874245 2196.179646 512
8.362147 1.210581 2114.687655 640
13.241533 1.089967 2935.868814 768
18.663315 1.511749 2540.104452 896
23.872700 1.721134 2602.935265 1024
29.233909 2.082343 2458.768350 1280
35.149487 2.997921 2134.812710 1280
39.818624 2.667058 2399.647868 1280
45.145115 2.993549 2137.930412 1280
50.093852 2.942286 2175.179376 1280
55.105978 2.954412 2166.251654 1280
60.125038 2.973472 2152.365999 1280
65.095091 2.943525 2174.263910 1280
70.070216 2.918649 2192.794995 1280
75.065248 2.913682 2196.533830 1280
80.077628 2.926062 2187.239850 1280
85.083126 2.931560 2183.137707 1280
90.060203 2.908637 2200.343274 1280
95.080246 2.928680 2185.284933 1280
100.000056 2.848490 2246.804249 1280
104.969092 2.817526 2271.496205 1280
109.963617 2.812051 2275.918591 1280
115.062339 2.910773 2198.728598 1280
120.069579 2.918013 2193.273419 1280
124.998107 2.846540 2248.343209 1280
129.958297 2.806731 2280.232471 1280
134.924309 2.772743 2308.183515 1280
139.999402 2.847836 2247.320668 1280
145.054115 2.902549 2204.958457 1280
150.047894 2.896328 2209.694533 1280
155.086519 2.934953 2180.614171 1280
160.051394 2.899828 2207.027250 1280
164.985121 2.833554 2258.647226 1280
169.941107 2.789541 2294.284627 1280
175.029440 2.877874 2223.863948 1280
180.056379 2.904813 2203.239719 1280
185.057716 2.906150 2202.226627 1280
189.989853 2.838287 2254.881256 1280
194.976774 2.825208 2265.319611 1280
199.940640 2.789074 2294.668805 1280
205.039194 2.887627 2216.352362 1280
210.041782 2.890216 2214.367699 1280
215.071804 2.920238 2191.601843 1280
220.048506 2.896940 2209.227756 1280
225.015615 2.864049 2234.598745 1280
229.958449 2.806883 2280.109059 1280
234.945183 2.793617 2290.936567 1280
240.028465 2.876899 2224.617502 1280
245.066221 2.914655 2195.800403 1280
250.048456 2.896890 2209.265942 1280
254.993079 2.841513 2252.321182 1280
260.030852 2.879286 2222.773641 1280
265.061636 2.910070 2199.259761 1280
270.086208 2.934642 2180.845345 1280
275.048327 2.896761 2209.364177 1280
280.060804 2.909238 2199.888626 1280
285.048803 2.897237 2209.001361 1280
290.071714 2.920148 2191.669775 1280
295.040649 2.889083 2215.235426 1280
300.065675 2.914109 2196.211453 1280
305.018352 2.866786 2232.465096 1280
309.982275 2.830709 2260.917327 1280
314.890858 2.739292 2336.369865 1280
319.819361 2.667795 2398.984701 1280
324.871291 2.719725 2353.179169 1280
329.914561 2.762995 2316.327347 1280
334.988027 2.836461 2256.333021 1280
340.057880 2.906314 2202.102021 1280
345.076597 2.925031 2188.010965 1280
350.053631 2.902065 2205.326394 1280
355.041565 2.889999 2214.533366 1280
360.034188 2.882622 2220.200998 1280
365.050434 2.898868 2207.758526 1280
370.074895 2.923329 2189.284959 1280
375.041409 2.889843 2214.652934 1280
380.036303 2.884737 2218.573289 1280
385.022606 2.871039 2229.157772 1280
390.028061 2.876495 2224.930142 1280
395.032966 2.881400 2221.142390 1280
400.076567 2.925001 2188.033558 1280
405.039386 2.887820 2216.204967 1280
410.055069 2.903503 2204.233913 1280
415.068467 2.916901 2194.109175 1280
420.071646 2.920080 2191.720530 1280
425.022466 2.870900 2229.265833 1280
430.005946 2.854380 2242.168532 1280
434.959474 2.807908 2279.276634 1280
439.903845 2.752279 2325.345720 1280
444.946901 2.795335 2289.528485 1280
449.947940 2.796374 2288.677827 1280
454.974681 2.823115 2266.999603 1280
460.026603 2.875037 2226.058060 1280
465.063249 2.911683 2198.041592 1280
470.120162 2.968596 2155.901633 1280
475.103768 2.952202 2167.873413 1280
480.112655 2.961089 2161.366899 1280
485.104326 2.952760 2167.463449 1280
490.093867 2.942301 2175.168215 1280
495.087818 2.936252 2179.649416 1280
500.090604 2.939038 2177.583301 1280
505.104024 2.952457 2167.685745 1280
510.117243 2.965677 2158.023283 1280
515.099274 2.947708 2171.178163 1280
520.080332 2.928766 2185.220958 1280
525.081212 2.929646 2184.564329 1280
530.067535 2.915969 2194.810913 1280
535.101972 2.950406 2169.192965 1280
540.077889 2.926323 2187.044933 1280
545.127233 2.975667 2150.778456 1280
550.119007 2.967441 2156.740472 1280
555.099540 2.947974 2170.982582 1280
560.089555 2.937989 2178.361081 1280
565.083831 2.932265 2182.613101 1280
570.097534 2.945968 2172.460780 1280
575.085253 2.933687 2181.555018 1280
580.092489 2.940923 2176.187467 1280
585.107195 2.955629 2165.359742 1280
590.096126 2.944560 2173.499465 1280
595.134588 2.983022 2145.475458 1280
600.099634 2.948068 2170.913463 1280
605.081975 2.930409 2183.995815 1280
610.112711 2.961145 2161.326193 1280
615.076067 2.924501 2188.407871 1280
620.101875 2.950309 2169.264511 1280
625.113628 2.962062 2160.656822 1280
630.102371 2.950805 2168.899932 1280
635.108996 2.957430 2164.041315 1280
640.095716 2.944150 2173.802451 1280
645.129785 2.978219 2148.935499 1280
650.091734 2.940168 2176.746156 1280
655.087858 2.936292 2179.619845 1280
660.079422 2.927856 2185.899815 1280
665.106332 2.954766 2165.992354 1280
670.094950 2.943384 2174.368067 1280
675.095334 2.943768 2174.084346 1280
680.131171 2.979605 2147.935456 1280
685.121970 2.970404 2154.588813 1280
690.111271 2.959705 2162.377963 1280
695.104027 2.952461 2167.683108 1280
700.110811 2.959245 2162.713824 1280
705.105964 2.954398 2166.261725 1280
710.134662 2.983096 2145.422332 1280
715.117258 2.965692 2158.012263 1280
720.090402 2.938836 2177.732703 1280
725.116127 2.964561 2158.835907 1280
730.137753 2.986187 2143.201130 1280
735.081607 2.930041 2184.270043 1280
740.107742 2.956176 2164.959151 1280
745.094225 2.942659 2174.904013 1280
750.077417 2.925851 2187.397602 1280
755.093588 2.942022 2175.374491 1280
760.100293 2.948727 2170.428312 1280
765.095459 2.943893 2173.991969 1280
770.090509 2.938943 2177.653381 1280
775.117257 2.965691 2158.013216 1280
780.081244 2.929678 2184.540569 1280
785.091614 2.940048 2176.835435 1280
790.109413 2.957847 2163.735807 1280
795.115545 2.963979 2159.259700 1280
800.087286 2.935720 2180.044778 1280
805.119002 2.967436 2156.743755 1280
810.099245 2.947679 2171.199857 1280
815.100388 2.948822 2170.358442 1280
820.117664 2.966098 2157.716665 1280
825.116049 2.964483 2158.892806 1280
830.075688 2.924122 2188.691081 1280
835.098478 2.946912 2171.764956 1280
840.121444 2.969878 2154.970773 1280
845.088858 2.937291 2178.878068 1280
850.128339 2.976773 2149.979018 1280
855.098203 2.946637 2171.967261 1280
860.105765 2.954199 2166.407860 1280
865.111243 2.959677 2162.397831 1280
870.130232 2.978666 2148.612937 1280
875.101420 2.949854 2169.598642 1280
880.091675 2.940109 2176.790373 1280
885.135612 2.984046 2144.739101 1280
890.118852 2.967286 2156.852863 1280
