# VLDDashClient mimuroto
1.271724 0.250534 2554.548223 2304
4.674953 3.403229 3385.020603 3328
8.452356 3.777403 4405.143344 3840
12.672013 4.219657 4550.132345 4096
15.543138 2.090782 9795.376768 4864
24.483453 6.031097 4032.434120 4608
35.987695 7.535339 3057.593038 4096
45.276107 6.823752 3001.281595 3840
51.430347 6.154239 3119.800658 3840
58.277659 6.847312 2804.019870 3584
64.954662 6.677003 2683.838877 3328
70.349227 5.394565 3084.586026 3328
75.510219 5.160992 3224.186503 3328
80.630445 5.120226 3249.856414 3328
85.745925 5.115479 3252.872042 3328
90.804852 5.058928 3289.234618 3328
95.915087 5.110235 3256.210559 3328
100.949095 5.034008 3305.516897 3328
105.934992 4.985896 3337.414039 3328
110.929069 4.979974 3341.383128 3328
116.025453 5.076357 3277.941092 3328
121.120918 5.095466 3265.648593 3328
126.140454 5.019536 3315.047600 3328
131.134860 4.994406 3331.727403 3328
136.046716 4.906262 3391.584252 3328
141.170547 5.030093 3308.090222 3328
146.238023 5.067476 3283.685792 3328
151.282771 5.044748 3298.480122 3328
156.368806 5.086035 3271.703601 3328
161.445321 5.076515 3277.838940 3328
166.405897 4.960576 3354.449243 3328
171.386820 4.941499 3367.399385 3328
176.542892 5.097571 3264.299762 3328
181.686536 5.143644 3235.060596 3328
186.853164 5.166628 3220.669429 3328
191.869310 5.016146 3317.287644 3328
196.836021 4.966710 3350.306186 3328
201.768937 4.899626 3396.177288 3328
206.932318 5.063008 3286.583818 3328
212.024600 5.092282 3267.690194 3328
217.220058 5.195457 3202.797976 3328
222.417319 5.197261 3201.686428 3328
227.495548 5.078229 3276.732729 3328
232.428957 4.933410 3372.920897 3328
237.333888 4.838340 3439.196090 3328
242.660230 5.164683 3221.882378 3328
247.890238 5.230008 3181.639481 3328
252.996911 5.106673 3258.481780 3328
257.978544 4.981633 3340.270118 3328
263.071620 5.074708 3279.006152 3328
268.292289 5.220669 3187.330723 3328
273.650147 5.357858 3105.718898 3328
278.833748 5.183601 3210.123465 3328
284.069443 5.235695 3178.183571 3328
289.310545 5.241102 3174.904937 3328
294.555963 5.245418 3172.292555 3328
299.778922 5.222959 3185.933501 3072
304.486718 4.707797 3262.672735 3072
309.387069 4.608148 3333.226475 3072
314.209661 4.430740 3466.689733 3072
318.929965 4.151043 3700.274690 3328
324.316827 4.537905 3666.890123 3328
329.456913 4.677991 3557.082578 3328
334.648503 4.869581 3417.131775 3328
339.798800 5.019878 3314.821333 3328
345.008173 5.209373 3194.242199 3328
350.173667 5.165494 3221.376381 3328
355.282853 5.109186 3256.879128 3328
360.371747 5.088894 3269.865605 3328
365.493049 5.121302 3249.173846 3328
370.608549 5.115500 3252.858933 3328
375.680220 5.071671 3280.970137 3328
380.736263 5.056043 3291.111235 3328
385.774727 5.038465 3302.593418 3328
390.827231 5.052504 3293.416430 3328
395.862992 5.035761 3304.366493 3328
400.967148 5.104155 3260.088780 3328
406.010449 5.043302 3299.425887 3328
411.092824 5.082375 3274.060138 3328
416.192580 5.099756 3262.901168 3072
421.090217 4.897637 3136.206380 3072
426.064873 4.872293 3152.519775 3072
431.024217 4.831637 3179.046688 3072
435.939687 4.747107 3235.654742 3072
440.891210 4.698630 3269.038229 3072
445.907709 4.715129 3257.599255 3072
450.930309 4.737729 3242.059562 3072
455.975312 4.782732 3211.553845 3072
461.041801 4.849221 3167.518961 3072
466.104545 4.911965 3127.058053 3072
471.169530 4.976950 3086.227644 3072
476.147003 4.954423 3100.260193 3072
481.134996 4.942416 3107.791549 3072
486.140729 4.948149 3104.190849 3072
491.117885 4.925305 3118.588622 3072
496.112500 4.919920 3122.001874 3072
501.118182 4.925602 3118.400252 3072
506.147384 4.954804 3100.021688 3072
511.134471 4.941891 3108.121948 3072
516.094603 4.902023 3133.400125 3072
521.105384 4.912804 3126.524011 3072
526.096525 4.903945 3132.172044 3072
530.987014 4.794434 3203.714971 3072
536.042984 4.850404 3166.746482 3072
540.930175 4.737595 3242.151250 3072
545.946350 4.753770 3231.119467 3072
550.943794 4.751214 3232.857741 3072
555.929090 4.736509 3242.894380 3072
560.918908 4.726328 3249.880105 3072
565.943412 4.750832 3233.117979 3072
570.922031 4.729451 3247.734117 3072
575.919268 4.726688 3249.632894 3072
580.913831 4.721251 3253.374758 3072
585.932491 4.739911 3240.567135 3072
590.944455 4.751875 3232.408483 3072
595.963659 4.771079 3219.397622 3072
600.949779 4.757199 3228.790496 3072
605.929798 4.737218 3242.409705 3072
610.979684 4.787104 3208.620804 3072
615.910621 4.718041 3255.588752 3072
620.947800 4.755220 3230.134571 3072
625.962195 4.769615 3220.385633 3072
630.937968 4.745388 3236.826702 3072
635.935354 4.742774 3238.611212 3072
640.920690 4.728110 3248.655675 3072
645.975468 4.782888 3211.448571 3072
650.930714 4.738134 3241.782754 3072
655.934933 4.742352 3238.898841 3072
660.931589 4.739009 3241.183991 3072
665.949381 4.756801 3229.061189 3072
670.923040 4.730460 3247.041316 3072
675.970741 4.778161 3214.625938 3072
680.987503 4.794923 3203.388246 3072
685.959574 4.766994 3222.156166 3072
690.972705 4.780125 3213.305214 3072
695.949127 4.756547 3229.233450 3072
700.947930 4.755349 3230.046500 3072
705.953152 4.760572 3226.502720 3072
710.975744 4.783164 3211.263458 3072
715.963357 4.770777 3219.601270 3072
720.952799 4.760219 3226.742007 3072
725.953337 4.760757 3226.377850 3072
730.990480 4.797900 3201.400842 3072
735.926115 4.733535 3244.931855 3072
740.969587 4.777007 3215.402683 3072
745.911527 4.718947 3254.963277 3072
750.944471 4.751891 3232.397198 3072
755.907917 4.715337 3257.455450 3072
760.964823 4.772243 3218.612041 3072
765.945868 4.753288 3231.447262 3072
770.922886 4.730306 3247.147442 3072
775.960648 4.768067 3221.430918 3072
780.919704 4.727124 3249.332696 3072
785.953668 4.761088 3226.153527 3072
790.930440 4.737860 3241.970256 3072
795.978326 4.785746 3209.531209 3072
800.947767 4.755187 3230.156967 3072
805.940567 4.747987 3235.055361 3072
810.965719 4.773139 3218.008042 3072
815.921196 4.728616 3248.307926 3072
820.966822 4.774242 3217.264512 3072
825.962022 4.769442 3220.502782 3072
830.920312 4.727732 3248.914851 3072
835.926141 4.733561 3244.914254 3072
840.980466 4.787886 3208.096304 3072
845.938640 4.746060 3236.368981 3072
850.999569 4.806989 3195.347135 3072
855.957996 4.765416 3223.223218 3072
860.935273 4.742693 3238.666060 3072
865.954225 4.761645 3225.775704 3072
870.972236 4.779656 3213.620116 3072
875.954306 4.761726 3225.720782 3072
880.932244 4.739664 3240.736144 3072
886.000811 4.808231 3194.521886 3072
890.948057 4.755477 3229.959820 3072
894.965671 3.773091 4070.932531 3072
898.586472 2.393892 6416.328616 3072
903.579271 2.386691 6435.688801 3072
908.582827 2.390247 6426.114388 3072
912.431238 1.238658 12400.515665 3072
