# WEMAClient mimuroto
157.959529 1.176879 543.811000 512
159.784559 1.775030 1442.229000 1280
163.026429 3.241871 1974.168000 1792
166.690997 3.664568 2445.035000 2304
170.450163 3.759166 3064.509000 2816
175.105630 4.655468 3024.400000 2816
179.507340 4.401710 3198.757000 3072
184.621359 5.114019 3003.508000 2816
189.363421 4.742062 2969.172000 2816
193.375093 4.011672 3509.758000 3328
198.380067 5.004974 3324.692000 3072
203.448265 5.068197 3030.663000 2816
207.684411 4.236147 3323.775000 3072
216.646883 8.637354 1778.322000 1536
219.408667 2.761784 2780.811000 2560
223.135914 3.727248 3434.169000 3328
228.539824 5.403910 3079.251000 3072
233.870313 5.330489 2881.536000 2816
238.171818 4.301505 3273.273000 3072
243.129907 4.958089 3097.967000 3072
248.446810 5.316903 2888.900000 2816
252.673831 4.227021 3330.950000 3328
261.053507 8.043978 2068.628000 2048
264.379960 3.326453 3078.353000 3072
269.418677 5.038717 3048.395000 2816
274.216175 4.797498 2934.862000 2816
278.214918 3.998743 3521.106000 3328
283.158716 4.943798 3365.833000 3328
288.550454 5.391738 3086.203000 3072
293.103208 4.552753 3373.782000 3328
298.543936 5.440728 3058.413000 2816
303.321289 4.777353 2947.238000 2816
307.571616 4.250327 3312.686000 3072
314.776595 6.767066 2269.816000 2048
317.797706 3.021111 3389.481000 3328
326.056639 8.047110 2067.823000 2048
329.367680 3.311042 3092.682000 3072
334.495831 5.128151 2995.231000 2816
339.272760 4.776929 2947.500000 2816
343.483600 4.210840 3343.750000 3328
348.854231 5.370631 3098.332000 3072
354.004614 5.150383 2982.302000 2816
358.187972 4.183358 3365.717000 3328
363.041538 4.853565 3428.407000 3328
368.482948 5.441411 3058.030000 2816
372.633685 4.150737 3392.168000 3328
382.044424 9.034895 1841.747000 1792
384.887074 2.842649 3151.989000 3072
389.609333 4.722260 3252.680000 3072
393.861046 4.251713 3612.661000 3584
398.789502 4.928455 3636.027000 3584
404.577326 5.787824 3096.154000 3072
409.586187 5.008861 3066.565000 2816
413.869137 4.282950 3287.454000 3072
418.142896 4.273760 3594.025000 3584
422.911338 4.768442 3758.041000 3584
428.596986 5.587457 3207.183000 3072
433.863294 5.266308 2916.654000 2816
438.169600 4.306306 3269.623000 3072
442.557060 4.387460 3500.886000 3328
450.576334 7.566805 2199.078000 2048
454.280860 3.704526 2764.186000 2560
458.434287 4.153427 3081.792000 3072
463.149527 4.715239 3257.522000 3072
467.478337 4.328811 3548.318000 3328
475.609646 7.600117 2189.439000 2048
479.282958 3.673312 2787.675000 2560
483.522001 4.239042 3019.549000 2816
487.676805 4.154804 3388.847000 3328
495.084447 7.074918 2351.970000 2304
498.731531 3.647084 3158.687000 3072
503.770273 5.038742 3048.379000 2816
508.576402 4.806129 2929.592000 2816
512.772509 4.196107 3355.491000 3328
521.143616 8.134087 2045.712000 1792
524.151551 3.007935 2978.787000 2816
528.796386 4.644835 3031.323000 2816
533.699590 4.903204 2871.591000 2816
538.000279 4.300688 3273.894000 3072
542.324057 4.314528 3560.064000 3328
550.304559 7.295030 2281.004000 2048
553.588373 3.283814 3118.324000 3072
558.074138 4.485764 3424.165000 3328
563.405038 5.330900 3121.424000 3072
568.662967 5.257929 2921.302000 2816
572.973195 4.310228 3266.648000 3072
577.978886 4.969357 3090.943000 3072
583.275586 5.266057 2916.793000 2816
587.530850 4.255264 3308.842000 3072
594.716443 6.706914 2290.173000 2048
597.895210 3.178767 3221.374000 3072
605.770706 7.761177 1979.081000 1792
608.759141 2.988435 2998.225000 2816
613.294443 4.535302 3104.533000 3072
618.527957 5.233514 2934.930000 2816
622.807471 4.279514 3290.092000 3072
628.167712 5.158183 2977.792000 2816
632.974117 4.806405 2929.424000 2816
637.240432 4.230903 3327.894000 3072
644.757183 6.747654 2276.346000 2048
647.939981 3.182798 3217.295000 3072
653.010122 5.000593 3071.635000 2816
657.948326 4.938205 2851.238000 2816
662.354672 4.345143 3240.399000 3072
670.548883 7.539354 2037.309000 1792
673.524496 2.975614 3011.143000 2816
678.117523 4.593026 3065.516000 2816
682.872597 4.755074 2961.047000 2816
690.244467 7.234938 1946.112000 1792
693.169711 2.925244 3062.992000 2816
697.486099 4.316388 3261.986000 3072
705.748888 7.739359 1984.660000 1792
708.700654 2.951767 3035.470000 2816
713.263493 4.562839 3085.798000 3072
718.594289 5.330796 2881.370000 2816
722.903955 4.309665 3267.074000 3072
728.076245 5.066716 3031.549000 2816
732.930518 4.854272 2900.537000 2816
737.397324 4.387795 3208.901000 3072
745.650096 7.640568 2010.321000 1792
748.565203 2.915107 3073.643000 3072
753.675168 5.109964 3005.891000 2816
758.530253 4.855085 2900.052000 2816
762.884329 4.354076 3233.751000 3072
769.992832 6.983303 2199.532000 2048
773.005810 3.012978 3398.630000 3328
778.292113 5.282584 3149.973000 3072
783.559638 5.267525 2915.980000 2816
787.827521 4.267883 3299.059000 3072
795.455532 7.446003 2062.851000 2048
798.728458 3.272926 3128.699000 3072
803.857576 5.129118 2994.667000 2816
808.753747 4.896171 2875.716000 2816
813.051682 4.297935 3275.992000 3072
818.085047 5.033365 3051.636000 2816
822.905883 4.820837 2920.654000 2816
827.400777 4.391248 3206.377000 3072
834.714407 6.704878 2290.869000 2048
837.640966 2.926559 3498.990000 3328
846.589479 8.579950 1939.405000 1792
849.601521 3.012042 2974.726000 2816
854.372369 4.770848 2951.257000 2816
859.219492 4.847123 2904.815000 2816
863.579196 4.359704 3229.577000 3072
868.120418 4.541223 3382.348000 3328
873.457387 5.336969 3117.874000 3072
878.135598 4.678211 3283.306000 3072
883.231481 5.095883 3014.198000 2816
888.168197 4.936716 2852.098000 2816
892.529293 4.361096 3228.546000 3072
900.021827 7.012298 2190.437000 2048
903.069869 3.048043 3359.532000 3328
908.347077 5.277208 3153.182000 3072
913.657583 5.310506 2892.379000 2816
917.911277 4.253694 3310.064000 3072
921.616254 3.606725 4258.710000 4096
929.991957 6.982428 2933.076000 2816
933.384223 3.392266 4150.617000 4096
937.294095 3.909872 5238.022000 5120
942.128010 4.118481 6215.884000 5120
949.141220 6.131691 4175.030000 4096
954.095977 4.954757 4133.401000 4096
958.743100 4.647123 4407.027000 4352
963.056176 4.313076 5045.123000 4864
969.092619 6.036443 4028.862000 3840
973.257561 4.164942 4609.908000 4608
978.299746 5.042185 4569.447000 4352
982.385714 4.085968 5325.543000 5120
984.821996 1.812467 14124.395000 5120
989.564841 1.555312 16459.719000 5120
994.567225 1.557696 16434.526000 5120
999.549602 1.540073 16622.589000 5120
1004.540020 1.530491 16726.661000 5120
1009.536305 1.526776 16767.355000 5120
1014.532733 1.523204 16806.680000 5120
1019.557887 1.548358 16533.640000 5120
1024.479891 1.470362 17410.680000 5120
1029.466266 1.456737 17573.524000 5120
1034.474954 1.465426 17469.328000 5120
1039.472926 1.463397 17493.542000 5120
