# WEMAClient mimuroto
94.494057 0.252292 2536.742000 2304
96.242687 1.698630 6781.934000 5120
98.947050 2.704363 9466.185000 5120
103.353221 4.406171 5810.033000 5120
108.927142 5.573921 4592.817000 4352
113.889033 4.961891 4385.424000 4352
118.809624 4.920592 4422.232000 4352
123.774892 4.965268 4382.442000 4352
128.701712 4.926819 4416.642000 4352
134.164443 5.462731 3983.355000 3840
139.519511 5.355068 3585.388000 3584
143.972735 4.453224 4024.051000 3840
149.041955 5.069220 3787.564000 3584
153.509718 4.467763 4010.955000 3840
158.835157 5.325439 3605.336000 3584
163.714934 4.879777 3672.299000 3584
169.508591 5.793657 3093.037000 3072
174.618229 5.109638 3006.083000 2816
178.926352 4.308123 3268.244000 3072
184.000545 5.074193 3027.082000 2816
188.850758 4.850213 2902.965000 2816
192.951143 4.100386 3433.823000 3328
197.816184 4.865041 3420.320000 3328
203.183680 5.367496 3100.142000 3072
207.745902 4.562222 3366.780000 3328
212.500143 4.754242 3500.032000 3328
217.864828 5.364685 3101.766000 3072
222.472291 4.607463 3333.721000 3328
227.869330 5.397038 3083.172000 3072
233.154804 5.285474 2906.078000 2816
237.494297 4.339494 3244.618000 3072
242.319623 4.825326 3183.204000 3072
247.617115 5.297492 2899.485000 2816
252.047543 4.430428 3178.022000 3072
255.808908 3.761364 4083.624000 3840
261.298049 5.489141 3497.814000 3328
266.546962 5.248913 3170.180000 3072
271.675996 5.129034 2994.716000 2816
276.172492 4.496496 3131.326000 3072
280.402799 4.230307 3630.942000 3584
286.113071 5.710272 3138.204000 3072
290.958421 4.845350 3170.049000 3072
295.841250 4.882828 3145.717000 3072
300.927793 5.086543 3019.732000 2816
305.592208 4.664415 3018.599000 2816
309.239403 3.647196 3860.500000 3840
317.799128 8.255072 2325.842000 2304
320.715059 2.915931 3950.710000 3840
326.135116 5.420057 3542.398000 3328
331.298184 5.163067 3222.890000 3072
336.416558 5.118375 3000.952000 2816
340.914091 4.497532 3130.605000 3072
345.853850 4.939760 3109.462000 3072
350.992131 5.138281 2989.326000 2816
355.528266 4.536135 3103.964000 3072
359.922074 4.393808 3495.828000 3328
365.097105 5.175030 3215.439000 3072
370.073341 4.976236 3086.670000 3072
374.583797 4.510457 3405.420000 3328
379.613485 5.029687 3308.356000 3072
384.560619 4.947134 3104.828000 3072
389.264733 4.704114 3265.226000 3072
397.053855 7.509799 2045.327000 1792
399.914947 2.861092 3131.671000 3072
405.008147 5.093200 3015.785000 2816
409.632978 4.624830 3044.435000 2816
413.912025 4.279048 3290.451000 3072
422.126299 7.582243 2025.785000 1792
425.214810 3.088511 2901.074000 2816
429.787996 4.573186 3078.816000 3072
434.806379 5.018383 3060.746000 2816
439.248027 4.441648 3169.994000 3072
446.387708 6.843651 2244.416000 2048
449.594442 3.206734 3193.280000 3072
454.515093 4.920652 3121.537000 3072
459.559547 5.015490 3062.512000 2816
463.912369 4.352822 3234.683000 3072
471.343706 6.799649 2258.940000 2048
474.542749 3.199043 3200.957000 3072
479.516804 4.972748 3088.835000 3072
484.519048 4.974991 3087.442000 3072
488.678014 4.133957 3715.568000 3584
497.712120 8.168063 2193.910000 2048
501.204346 3.492226 2932.226000 2816
505.949805 4.745459 2967.047000 2816
510.483153 4.533347 3105.872000 3072
514.509646 4.026493 3814.734000 3584
519.618229 5.074172 3531.610000 3328
524.618778 5.000549 3327.634000 3072
529.756501 5.137723 2989.651000 2816
534.493979 4.737478 2972.045000 2816
538.922050 4.377994 3216.085000 3072
546.323773 6.779716 2265.581000 2048
549.380116 3.056344 3350.408000 3328
558.005734 8.461678 1966.513000 1792
561.089729 3.083995 2905.322000 2816
565.783360 4.693631 2999.809000 2816
570.387618 4.604258 3058.038000 2816
574.844647 4.457028 3159.055000 3072
579.985732 5.141086 2987.695000 2816
584.599915 4.614182 3051.461000 2816
588.400821 3.800906 3704.379000 3584
597.633229 8.089173 2215.306000 2048
600.717625 3.084396 3319.937000 3072
604.955970 4.238345 3624.055000 3584
610.089218 5.133248 3490.967000 3328
615.484229 5.395011 3084.331000 3072
620.473733 4.989504 3078.462000 3072
625.198397 4.724664 3251.024000 3072
630.327521 5.129124 2994.663000 2816
634.971543 4.644022 3031.854000 2816
638.613873 3.642330 3865.657000 3840
648.027966 8.483909 2263.107000 2048
651.606488 3.578523 2861.516000 2816
656.410468 4.803979 2930.903000 2816
660.873720 4.463252 3154.650000 3072
665.274602 4.400882 3490.209000 3328
669.751400 4.476798 3716.942000 3584
674.804687 5.053287 3546.206000 3328
680.248164 5.443477 3056.869000 2816
684.544769 4.296605 3277.005000 3072
688.979838 4.435069 3463.305000 3328
697.978027 8.433971 1972.973000 1792
700.739149 2.761121 3245.058000 3072
704.961453 4.222304 3637.824000 3584
710.172975 5.211522 3438.534000 3328
715.522294 5.349319 3110.676000 3072
720.510756 4.988462 3079.105000 3072
725.292991 4.782235 3211.887000 3072
730.422186 5.129194 2994.622000 2816
735.068381 4.646195 3030.436000 2816
739.144533 4.076152 3454.238000 3328
747.700908 8.156851 2040.002000 1792
750.696690 2.995782 2990.872000 2816
755.390000 4.693310 3000.014000 2816
760.020345 4.630345 3040.809000 2816
764.176984 4.156638 3387.352000 3328
771.869644 7.325587 2271.490000 2048
775.288488 3.418844 2995.164000 2816
779.980327 4.691839 3000.955000 2816
784.647823 4.667496 3016.606000 2816
788.821177 4.173354 3373.784000 3328
797.751406 8.207349 2027.451000 1792
800.764274 3.012869 2973.909000 2816
805.519961 4.755687 2960.666000 2816
810.191183 4.671221 3014.200000 2816
814.642990 4.451808 3162.760000 3072
819.769358 5.126367 2996.273000 2816
824.519423 4.750066 2964.169000 2816
828.652085 4.108028 3427.435000 3328
836.687358 7.143301 2329.455000 2304
840.024227 3.336869 3452.338000 3328
844.921808 4.897581 3397.595000 3328
849.937663 5.015855 3317.480000 3072
855.110359 5.172696 2969.438000 2816
859.830019 4.719661 2983.265000 2816
864.275396 4.445376 3167.335000 3072
873.244176 8.700119 1765.493000 1536
875.754736 2.510560 3059.078000 2816
880.290404 4.535668 3104.283000 3072
885.476238 5.185835 2961.914000 2816
890.118144 4.641906 3033.237000 2816
894.237423 4.119279 3418.073000 3328
901.908445 7.364388 2259.522000 2048
905.201569 3.293124 3109.509000 3072
910.317550 5.115981 3002.356000 2816
914.926196 4.608646 3055.127000 2816
919.109564 4.183368 3365.708000 3328
925.456897 5.912841 2814.214000 2560
928.673769 3.216872 3979.021000 3840
936.125083 6.581026 2917.478000 2816
938.566222 2.441139 5767.798000 5120
944.724887 5.180831 4941.292000 4864
949.561077 4.836190 5028.752000 4864
955.284062 5.722986 4249.530000 4096
959.629133 4.345070 4713.387000 4608
964.757921 5.128788 4492.289000 4352
969.885949 5.128028 4243.346000 4096
974.491875 4.605926 4446.445000 4352
979.367247 4.823191 4511.536000 4352
