# AndroidClient mimuroto
63.103216 0.128000  63.316470 0.128000 
63.366470 2.816000  64.939045 2.816000 
64.939045 5.120000  66.478276 5.120000 
66.478276 5.120000  69.300536 5.120000 
69.300536 5.120000  72.570835 5.120000 
73.366470 5.120000  76.775785 5.120000 
78.366470 5.120000  81.012434 5.120000 
83.366470 5.120000  85.551029 5.120000 
88.366470 5.120000  90.525556 5.120000 
93.366470 5.120000  96.244280 5.120000 
98.366470 5.120000  105.195608 5.120000 
105.195608 5.120000  110.929661 5.120000 
110.929661 5.120000  116.807472 5.120000 
116.807472 5.120000  122.723181 5.120000 
122.723181 5.120000  128.539404 5.120000 
128.539404 5.120000  135.014597 5.120000 
135.014597 5.120000  141.781154 5.120000 
141.781154 5.120000  148.608369 5.120000 
148.658369 5.120000  155.011890 5.120000 
155.061890 5.120000  162.009260 5.120000 
162.059260 5.120000  169.939819 5.120000 
169.989819 5.120000  177.910496 5.120000 
177.960496 5.120000  186.129766 5.120000 
186.179766 4.864000  193.329791 4.864000 
193.379791 4.864000  200.779720 4.864000 
200.829720 4.608000  207.747559 4.608000 
207.797559 4.608000  214.484288 4.608000 
214.534288 4.608000  221.668533 4.608000 
221.718533 4.352000  228.414698 4.352000 
228.464698 4.352000  235.418784 4.352000 
235.468784 4.352000  242.167229 4.352000 
242.217229 4.352000  249.196352 4.352000 
249.246352 4.352000  254.958654 4.352000 
255.008654 4.352000  261.057683 4.352000 
261.107683 4.096000  267.570880 4.096000 
267.620880 4.096000  274.335301 4.096000 
274.385301 4.096000  280.234876 4.096000 
280.284876 4.096000  286.815322 4.096000 
286.865322 4.096000  293.038346 4.096000 
293.088346 4.096000  299.796044 4.096000 
299.846044 4.096000  306.323828 4.096000 
306.373828 4.096000  311.166215 4.096000 
311.166215 4.096000  316.695649 4.096000 
316.745649 4.096000  321.950403 4.096000 
322.000403 4.096000  328.030722 4.096000 
328.080722 3.840000  334.325039 3.840000 
334.375039 3.840000  340.551812 3.840000 
340.601812 3.840000  346.512089 3.840000 
346.562089 3.840000  352.914031 3.840000 
352.964031 3.840000  358.553590 3.840000 
358.603590 3.840000  364.543463 3.840000 
364.593463 3.840000  370.525986 3.840000 
370.575986 3.840000  376.098060 3.840000 
376.148060 3.840000  382.299801 3.840000 
382.349801 3.840000  388.093847 3.840000 
388.143847 3.840000  393.391610 3.840000 
393.441610 3.840000  398.756390 3.840000 
398.806390 3.840000  405.007800 3.840000 
405.057800 3.840000  411.158416 3.840000 
411.208416 3.840000  416.807848 3.840000 
416.857848 3.840000  421.873917 3.840000 
421.923917 3.840000  427.770023 3.840000 
427.820023 3.840000  434.093762 3.840000 
434.143762 3.840000  439.864914 3.840000 
439.914914 3.840000  444.681264 3.840000 
444.681264 3.840000  449.791162 3.840000 
449.791162 3.840000  455.982992 3.840000 
456.032992 3.584000  461.601362 3.584000 
461.651362 3.584000  466.740270 3.584000 
466.790270 3.584000  470.782166 3.584000 
470.782166 3.584000  475.823928 3.584000 
475.823928 3.584000  481.872875 3.584000 
481.922875 3.584000  487.263815 3.584000 
487.313815 3.584000  491.233240 3.584000 
491.233240 3.584000  495.965628 3.584000 
495.965628 3.584000  501.473768 3.584000 
501.473768 3.584000  507.447573 3.584000 
507.497573 3.584000  512.801304 3.584000 
512.851304 3.584000  517.520584 3.584000 
517.520584 3.584000  522.719633 3.584000 
522.719633 3.584000  528.482940 3.584000 
528.532940 3.584000  534.447640 3.584000 
534.497640 3.584000  539.769014 3.584000 
539.819014 3.584000  544.110795 3.584000 
544.110795 3.584000  548.703806 3.584000 
548.703806 3.584000  553.731149 3.584000 
553.731149 3.584000  558.901055 3.584000 
558.901055 3.584000  564.738153 3.584000 
564.738153 3.584000  570.400044 3.584000 
570.450044 3.584000  576.027560 3.584000 
576.077560 3.584000  581.996208 3.584000 
582.046208 3.584000  587.477849 3.584000 
587.527849 3.584000  591.374806 3.584000 
591.374806 3.584000  596.109757 3.584000 
596.109757 3.584000  601.172381 3.584000 
601.172381 3.584000  605.951528 3.584000 
605.951528 3.584000  611.290686 3.584000 
611.290686 3.584000  617.267136 3.584000 
617.267136 3.584000  622.743448 3.584000 
622.793448 3.584000  628.430929 3.584000 
628.480929 3.584000  634.423286 3.584000 
634.473286 3.584000  638.968733 3.584000 
638.968733 3.584000  643.331187 3.584000 
643.331187 3.584000  648.171897 3.584000 
648.171897 3.584000  653.991746 3.584000 
653.991746 3.328000  659.415852 3.328000 
659.415852 3.328000  664.112881 3.328000 
664.112881 3.328000  668.762565 3.328000 
668.762565 3.328000  673.332176 3.328000 
673.332176 3.328000  678.547000 3.328000 
678.547000 3.328000  683.789242 3.328000 
683.789242 3.328000  688.240246 3.328000 
688.240246 3.328000  692.860435 3.328000 
692.860435 3.328000  697.701425 3.328000 
697.701425 3.328000  702.291389 3.328000 
702.291389 3.328000  706.691166 3.328000 
706.691166 3.328000  711.733407 3.328000 
711.733407 3.328000  717.391579 3.328000 
717.391579 3.328000  722.464547 3.328000 
722.464547 3.328000  727.727316 3.328000 
727.727316 3.328000  733.145211 3.328000 
733.145211 3.328000  738.003373 3.328000 
738.003373 3.328000  742.284133 3.328000 
742.284133 3.328000  746.994740 3.328000 
746.994740 3.328000  752.184252 3.328000 
752.184252 3.328000  757.745784 3.328000 
757.745784 3.328000  762.696507 3.328000 
762.696507 3.328000  766.886347 3.328000 
766.886347 3.328000  770.931705 3.328000 
770.931705 3.328000  775.879425 3.328000 
775.879425 3.328000  781.318487 3.328000 
781.318487 3.328000  786.460146 3.328000 
786.460146 3.328000  790.763424 3.328000 
790.763424 3.328000  795.411791 3.328000 
795.411791 3.328000  800.463993 3.328000 
800.463993 3.328000  805.871198 3.328000 
805.871198 3.328000  811.157187 3.328000 
811.157187 3.328000  816.384046 3.328000 
816.384046 3.328000  821.886168 3.328000 
821.886168 3.328000  827.044834 3.328000 
827.044834 3.328000  831.139361 3.328000 
831.139361 3.328000  834.971335 3.328000 
834.971335 3.328000  839.460898 3.328000 
839.460898 3.328000  844.414586 3.328000 
844.414586 3.328000  849.378173 3.328000 
849.378173 3.328000  854.734016 3.328000 
854.734016 3.328000  860.083533 3.328000 
860.083533 3.328000  865.084837 3.328000 
865.084837 3.328000  870.022777 3.328000 
870.022777 3.328000  875.220145 3.328000 
875.220145 3.328000  880.298392 3.328000 
880.298392 3.328000  885.699117 3.328000 
885.699117 3.328000  891.034664 3.328000 
891.034664 3.328000  895.490054 3.328000 
895.490054 3.328000  899.561529 3.328000 
899.561529 3.328000  904.098824 3.328000 
904.098824 3.328000  909.415062 3.328000 
909.415062 3.328000  914.751367 3.328000 
914.751367 3.328000  919.361830 3.328000 
919.361830 3.328000  922.906597 3.328000 
922.906597 3.328000  926.009595 3.328000 
926.009595 3.328000  929.825451 3.328000 
929.825451 3.328000  933.606762 3.328000 
934.473286 3.328000  939.052585 3.328000 
939.473286 3.328000  943.803279 3.328000 
944.473286 3.328000  950.197544 3.328000 
950.197544 3.328000  954.464982 3.328000 
954.473286 3.328000  958.463016 3.328000 
959.473286 3.328000  966.278496 3.328000 
966.278496 3.328000  970.146961 3.328000 
970.146961 3.328000  974.042871 3.328000 
974.473286 3.328000  980.631361 3.328000 
980.631361 3.328000  983.174791 3.328000 
984.473286 3.328000  987.117656 3.328000 
989.473286 3.328000  991.968011 3.328000 
994.473286 3.328000  996.965059 3.328000 
999.473286 3.328000  1001.948818 3.328000 
1004.473286 3.328000  1006.963475 3.328000 
1009.473286 3.328000  1011.932053 3.328000 
1014.473286 3.328000  1016.366047 3.328000 
