157.194995 16949.327532 0.000000
158.209348 19004.268201 16949.327532
159.287423 18689.142878 21059.208870
160.320570 19157.289139 21336.600045
161.321608 19135.580254 21164.541037
162.414193 18735.296027 20560.416894
163.418135 19876.074909 19601.932493
164.456726 18849.260407 19761.615337
165.593160 18881.130728 19099.960776
166.690807 19484.050671 18730.361144
167.699273 19454.758213 19035.443681
168.699391 19358.043898 19278.167353
169.753502 19122.504729 19371.141168
170.901800 18502.201483 19237.699382
171.901857 18913.397787 18676.952391
172.902251 19139.043015 18661.288396
173.948504 18768.156146 18885.717668
174.949357 19028.833811 18783.098488
176.108071 18298.965477 18923.561562
177.206912 18948.519894 18472.709910
178.211598 19043.402835 18691.013789
179.283418 19202.074580 18935.704460
180.395427 18918.226734 19203.978199
181.537410 18988.551016 19124.753279
182.635694 19590.112361 19086.252394
183.753673 19727.006703 19493.747616
184.823641 18973.306911 19824.257170
185.978017 18813.216826 19399.924486
186.978509 19033.766057 18961.036186
188.088671 18087.433070 18870.049120
189.168694 19265.872501 18155.735081
190.169189 18843.370692 18665.332132
191.208882 19645.381603 18753.389393
192.208901 18235.352438 19421.421531
193.224878 19481.773521 18753.905744
194.310623 19477.753650 19225.325337
195.359644 18869.080836 19522.132276
196.398165 18845.486514 19202.936478
197.499073 19069.973735 18942.178928
198.536641 19144.138902 18955.992464
199.609115 19322.544199 19047.018426
200.690004 19096.703222 19250.615498
201.693347 18179.090050 19201.015477
202.694273 18963.548383 18461.927523
203.781703 19396.989432 18610.017928
204.782057 19060.816290 19097.526531
205.827582 18995.747683 19164.016701
206.864203 18930.493147 19122.660228
208.201414 19275.626837 19021.312953
209.367892 20866.862534 19206.784632
210.402734 18666.012313 20510.157795
211.415608 19766.599188 19600.382895
212.425889 20357.122601 19737.342957
213.499227 18569.595702 20256.029605
214.529321 18521.184250 19200.001004
215.554083 18436.995506 18478.076789
216.646693 19131.440082 18064.749988
217.770068 19121.478663 18471.981400
218.807763 17766.695445 18832.990712
219.808296 18715.670744 18069.529942
220.814817 19411.927596 18323.822407
221.815156 19667.289256 19071.123363
222.924450 19008.060124 19721.496144
223.993373 19728.421274 19538.708964
225.140213 18682.403236 19854.924026
226.140910 18578.260142 19196.892341
227.223029 18940.500709 18661.146901
228.295012 18199.203995 18644.232917
229.472780 19445.367517 18153.870337
230.564558 19513.820702 18854.645104
231.564990 18990.993859 19404.052979
232.565900 18573.060468 19314.078715
233.652799 19162.329115 18874.870326
234.662752 18932.094939 19021.765152
235.687361 18934.183584 18957.677923
236.744130 19002.697302 18920.805047
237.744919 18820.163218 18957.098532
238.764071 17887.818722 18849.744403
239.896670 19091.611095 18089.413671
240.897017 19643.938186 18561.693847
241.968009 19166.682367 19344.558566
243.129717 18809.770216 19452.893965
244.304373 18673.321645 19167.824652
245.304452 19378.653598 18833.439959
246.407551 18851.193742 19155.216998
247.408264 19129.822169 18976.369776
248.446620 18988.098106 19064.623477
249.454644 18816.152124 19018.756953
250.454682 19138.810205 18859.199493
251.521297 18539.131322 19010.652481
252.526180 19206.311911 18668.659244
253.650879 16032.421867 18965.666087
254.652805 18548.061149 16793.913432
255.656627 19086.366353 17404.393674
256.768104 18482.148912 18399.279567
257.833351 19159.323666 18615.331129
258.936819 18729.483626 19197.942422
259.937210 18460.182360 19157.213349
261.053317 17659.490034 18827.940432
262.201292 18266.625949 17970.845211
263.231963 19351.613439 17919.810743
264.379770 18621.710948 18794.737928
265.475222 19299.140640 18823.993529
266.561763 19505.230706 19296.122954
267.639220 19186.787039 19687.509638
268.658880 18843.814702 19598.800496
269.658924 19147.737205 19194.213308
270.806820 19198.941715 19132.261940
271.958676 18932.878126 19143.558454
273.127115 18692.818853 18963.504835
274.215985 18730.046329 18685.776893
275.339354 18891.142034 18576.594019
276.353348 18351.810284 18681.187439
277.386033 19079.644409 18381.473985
278.386438 19119.088173 18770.076926
279.387749 19076.412092 19071.353091
280.503057 18761.656182 19201.917883
281.563047 18923.407467 18999.756899
282.685055 18981.952741 18960.464691
283.804509 18942.527855 18975.463237
284.868282 18998.361224 18955.016222
285.991773 18680.139617 18983.545649
287.057428 19011.876525 18762.848051
288.114835 18790.853024 18880.624824
289.248405 19383.958921 18806.558510
290.295436 18447.232160 19210.428405
291.315432 18759.041358 18753.200910
292.390168 19262.764520 18681.951874
293.515943 18792.677655 19043.392098
294.662533 19170.380377 18926.390167
295.800352 18989.272557 19117.738115
296.900367 18896.655349 19090.741790
297.901836 18744.328457 18982.413413
298.985800 19580.310498 18792.564539
300.129880 18949.936717 19312.567613
301.174920 19195.284134 19166.724535
302.174998 18756.412094 19223.616605
303.321099 18501.530479 18915.825491
304.392175 19293.487260 18530.915374
305.422355 18841.714682 18925.081678
306.422797 19167.096230 18875.436792
307.424107 18405.010549 19086.219982
308.582454 18984.204911 18640.266378
309.659335 18771.687715 18792.871391
310.741107 19694.363137 18757.619380
311.744865 18938.564362 19435.517025
312.745093 18719.318119 19272.328294
313.745210 18927.362472 18942.858263
314.776405 18059.162456 18878.271477
315.936566 18445.567294 18207.100820
316.952049 18477.676981 18124.334529
318.167659 18645.607797 18187.341840
319.184426 19574.759074 18417.377393
320.286185 18308.671588 19286.316228
321.296025 18863.993757 18843.330743
322.328822 18927.195511 18904.664838
323.333144 19342.606440 18972.565431
324.333697 19091.128537 19306.731444
325.448759 19047.883400 19294.174772
326.448943 19039.852509 19204.701025
327.516138 18435.003029 19114.736577
328.638710 19056.811239 18597.396226
329.787872 19204.513079 18764.483908
330.944320 18864.748405 19031.885962
332.028386 18807.926270 18953.920263
333.028621 18634.040524 18850.027848
334.120099 19557.792659 18657.141936
335.182150 19609.636714 19247.737728
336.282805 18814.542543 19659.432398
337.284424 19006.526987 19256.510184
338.401222 19042.615590 19088.545500
339.433746 18496.850865 19011.124981
340.437144 19198.110608 18570.963831
341.437313 18872.986948 18858.299822
342.498372 19695.731391 18843.077769
343.672510 18255.107737 19460.002369
344.831399 18833.393010 18746.929184
345.915379 19555.343734 18701.151184
346.928670 19621.828473 19252.785684
347.929114 19266.712627 19654.106001
349.051976 17740.680492 19580.359893
350.052088 18970.181377 18320.550921
351.067812 18862.177859 18467.804491
352.069551 18836.049792 18586.022859
353.125910 19205.856463 18694.574743
354.171538 18892.645444 19061.574451
355.194127 19310.306169 19046.236543
356.217665 18639.588426 19313.415358
357.260572 18748.728487 18943.189161
358.310834 18953.097519 18764.030925
359.426497 19089.117508 18823.902971
360.426580 19273.430070 18988.152623
361.445021 18948.607507 19233.753092
362.551148 18912.094435 19122.855648
363.690048 18917.527121 18996.460087
364.746672 18899.101955 18916.245408
365.761646 18909.186275 18862.639622
366.763288 19006.614132 18852.515552
367.764411 18657.721294 18934.692091
368.817085 19181.450204 18732.091242
369.817326 18930.213736 19004.995013
370.929987 18700.486022 18997.133345
372.038785 18538.457966 18804.176824
373.193977 19818.232234 18560.254820
374.359166 18604.998121 19392.675306
375.360437 18516.676425 19005.349196
376.488793 19070.928721 18645.357101
377.508489 18650.638917 18848.880106
378.588966 18564.047743 18690.936409
379.609046 19056.939004 18536.946807
380.609288 18362.174564 18836.395686
381.609494 18995.087587 18520.182625
382.612085 19373.469967 18797.258846
383.713118 19027.459103 19269.040927
384.886884 19490.465050 19271.531080
385.911858 19282.908240 19559.012622
386.940157 19324.258612 19529.948893
387.956763 19063.574211 19484.669644
389.003272 19301.921671 19226.413961
390.154073 18842.956126 19235.336777
391.157381 19038.605579 18912.220249
392.272423 18371.168137 18880.083045
393.290790 19393.997086 18403.066994
394.386223 17951.220806 18923.705966
395.434701 18893.888413 18219.516022
396.435230 19241.100762 18507.347952
397.464074 18999.021776 19008.308293
398.464591 19939.899482 19135.427342
399.521347 18854.324971 19870.543754
400.570654 18254.328507 19441.260009
401.692034 19039.197337 18629.887029
402.692096 19322.828157 18718.962531
403.694284 19744.786102 19056.282098
404.780311 19124.923439 19608.046856
405.819337 18855.422876 19453.217048
406.976145 18930.373462 19091.603320
407.976315 19326.309738 18907.964285
409.015967 19625.072896 19118.699268
410.124963 19118.259089 19500.041746
411.155701 18499.706833 19341.860417
412.213933 19298.833503 18742.955228
413.263072 19585.951253 18982.035538
414.382047 18864.666401 19396.113497
415.382146 19007.479530 19109.648276
416.382904 18838.522384 19012.280043
417.438039 19267.062920 18835.677939
418.483162 19023.344108 19069.493400
419.483162 19063.007250 19053.004402
420.483367 19203.815774 19067.092186
421.589056 18894.978941 19178.721236
422.674691 19138.347427 19009.181771
423.832408 18933.061202 19078.387696
424.938688 19409.432639 18974.015922
426.056563 19083.135716 19268.869933
427.057150 18994.444726 19206.714923
428.122972 18897.048377 19078.224373
429.283896 18830.430032 18919.986925
430.408898 18614.022742 18785.169805
431.409293 18543.644042 18566.770835
432.409494 18852.525220 18416.600301
433.482743 18922.665618 18604.936853
434.587741 18429.795482 18813.607519
435.587787 19024.931326 18575.554775
436.663039 19020.310893 18866.440462
437.723371 18526.507224 19048.040697
438.808765 18750.597914 18761.555612
439.867776 19108.791343 18727.618990
440.868380 18709.143544 18985.040481
441.869956 18519.824808 18844.953094
443.167808 18694.095641 18598.967960
444.169316 19641.753560 18586.892731
445.206101 19102.866465 19318.399282
446.247759 18359.118908 19360.825806
447.255788 20246.877533 18759.738565
448.262756 19037.163763 19774.858999
449.264145 18798.241626 19493.138522
450.265798 19212.298960 19059.092991
451.265956 18807.196078 19087.400385
452.404139 19126.058606 18828.951564
453.549433 19310.564232 18933.435178
454.586663 18245.767253 19172.212062
455.587305 18898.701330 18527.590812
456.685656 18621.586808 18624.524855
457.686930 18715.712109 18533.700104
458.810434 18847.158119 18580.853380
459.811114 19441.617288 18736.729208
460.839924 18144.613495 19288.118726
461.898942 19020.968959 18629.435281
462.903898 19072.952864 18836.154710
463.951383 19522.415654 19024.705915
465.050353 19126.114368 19468.140348
466.054166 19345.951507 19406.200426
467.156534 18946.585332 19470.086805
468.166918 18008.972818 19171.471539
469.269992 18657.039778 18262.732969
470.270273 19609.841429 18230.973866
471.348228 19255.347134 19036.212031
472.348402 19891.133384 19316.367742
473.349325 19236.583048 19918.030132
474.386438 18720.270107 19721.224389
475.414304 18378.597983 19114.426476
476.438531 18858.116290 18456.234335
477.439036 18725.352757 18467.367906
478.546735 19001.599404 18471.049138
479.604373 18928.090470 18743.650644
480.802882 18881.816494 18889.306887
481.803262 18875.140147 18937.125421
482.835486 18507.190790 18942.200197
483.895690 18237.144003 18652.010554
484.895764 19088.358184 18268.175702
485.898701 19350.205274 18706.910986
486.969595 18996.242996 19218.025746
488.161261 18697.781092 19241.156299
489.235381 19662.463999 18967.646822
490.258885 19599.873014 19486.937831
491.260852 18729.177412 19743.521639
492.264260 18816.756554 19182.879685
493.265121 19167.202555 18854.817496
494.335621 18865.600076 18944.105667
495.447488 18202.997544 18818.322115
496.450495 18841.656089 18270.297930
497.487401 19254.189640 18458.454651
498.532648 19373.015851 18957.733533
499.572507 18670.909650 19370.606659
500.684687 19025.514023 19051.065870
501.712757 19282.567879 19062.209700
502.787756 18248.210672 19251.398088
503.966496 18487.804277 18578.016824
504.966965 19454.514642 18338.569858
506.050929 19044.017195 18981.187753
507.051344 19097.480911 19112.955338
508.093256 19219.623274 19201.702381
509.163267 19167.827369 19311.627308
510.198884 18767.642496 19304.741834
511.224054 18265.645344 18966.931826
512.225353 18914.124209 18371.706626
513.284699 18470.814650 18533.937854
514.322449 18330.754346 18377.617887
515.357610 19131.368092 18217.711866
516.357839 19918.944050 18766.479785
517.358537 18663.198401 19722.767790
518.380918 18924.312366 19308.146621
519.396629 19016.212274 19135.434455
520.398890 17953.343221 19065.222781
521.536624 19110.118740 18220.712527
522.618259 19254.479368 18599.196713
523.647526 18465.024568 19024.439784
524.761597 18280.364942 18702.480115
525.835578 18687.092143 18343.641675
526.835893 18546.792811 18453.448672
527.932263 19041.091036 18461.538540
528.994604 18592.547907 18857.620710
530.139645 19559.423531 18765.122030
531.322859 18634.120389 19400.885877
532.329935 18290.429271 19064.424858
533.476880 18674.711180 18530.849892
534.477007 19157.273073 18492.168686
535.619316 18912.575909 18880.385126
536.713027 19084.482955 18960.192460
537.788719 18669.101526 19117.122274
538.817385 19254.069567 18875.891279
539.858602 19139.682814 19142.304375
540.869123 19031.650747 19217.662156
541.869641 18704.865893 19154.822161
543.161502 19205.460934 18847.520669
544.259603 18996.545189 19033.652510
545.323094 19317.944716 19012.983728
546.342375 19150.181839 19239.589347
547.342519 18943.441287 19246.658841
548.342590 19436.645606 19071.018924
549.343294 19853.100069 19321.207795
550.437808 18721.168491 19787.502531
551.470096 19208.012638 19188.100600
552.552413 18931.259915 19136.799717
553.588184 19232.076503 18921.387964
554.721031 18538.297646 19041.762516
555.842675 19586.779995 18629.194146
556.913284 19256.811681 19186.547598
557.913720 19364.555411 19317.806188
558.914178 18507.479214 19448.994653
560.011097 18757.498024 18850.671927
561.011713 19259.095257 18653.226494
562.024926 18883.705910 18956.769585
563.081865 18423.750821 18902.580538
564.092067 19223.887999 18525.801041
565.261855 19519.522222 18912.001621
566.381925 18853.295087 19404.799172
567.388056 19392.931355 19180.208360
568.490824 18829.643332 19390.911836
569.492085 19101.592240 19074.302437
570.586133 18687.836392 19058.794642
571.700015 18749.612218 18751.423258
572.758563 18893.779983 18628.172719
573.877091 19055.235673 18705.033148
574.889651 18644.149711 18911.741839
576.016482 19131.588583 18742.655171
577.119732 18564.051965 18999.064626
578.209146 18436.545836 18734.747879
579.209751 18592.215219 18464.285931
580.314538 19242.552416 18438.871970
581.314716 18785.613777 18952.253700
582.316337 19266.077523 18938.815265
583.489045 18705.150904 19254.143484
584.547092 19422.411297 18994.096140
585.558133 18664.850105 19329.781453
586.653141 18874.862997 18952.610676
588.171402 19107.642768 18849.594815
589.247949 18942.248076 18978.988757
590.275854 18976.108076 18951.803213
591.311156 18782.454573 18961.216656
592.383029 19056.676201 18824.406106
593.383032 18963.667078 18951.179168
594.383241 18677.552835 18971.183116
595.456861 19257.189288 18764.720398
596.457439 19484.505244 19074.424487
597.457759 18462.753301 19445.454699
598.540481 19550.517482 18874.418484
599.548790 19108.097605 19301.807217
600.564422 18537.598519 19245.864242
601.722028 18388.798833 18755.576780
602.864620 18827.909146 18344.338720
603.865225 18533.713403 18479.167452
604.887294 19135.715148 18413.120435
605.915397 18126.830820 18861.746477
606.915672 18772.322428 18397.888419
607.926780 19404.419449 18582.313697
608.937383 18893.111087 19196.101285
609.958532 18956.963022 19171.593348
610.988927 18286.129486 19137.607765
612.030736 18966.494159 18572.328637
613.060398 19199.731578 18728.412789
614.181272 18827.061138 19040.903272
615.344866 19599.813729 18957.352760
616.345144 19133.848714 19462.569042
617.401331 19464.753198 19400.014593
618.527767 19143.872961 19550.374262
619.528183 19062.646820 19363.488653
620.529035 17989.328340 19154.222319
621.610377 19096.786462 18221.706417
622.719060 18617.605982 18527.947539
623.886004 19230.389491 18463.892471
625.021446 18866.643147 18929.880946
626.155485 19029.919759 18965.192562
627.314935 18825.218204 19080.668476
628.354284 18791.177343 18972.193087
629.501062 18957.727878 18855.681026
630.580663 19259.506389 18906.211975
631.580828 18562.560595 19170.690309
632.580908 18968.350698 18802.424151
633.706576 17992.536103 18862.667760
634.706679 19351.943732 18187.349353
635.707945 18907.201799 18820.542558
636.711720 18695.475058 18936.433005
638.169588 18564.085368 18828.275371
639.251885 19067.841635 18642.454208
640.264325 18583.074961 18907.768617
641.266300 18520.027358 18716.869070
642.268705 18431.133858 18540.685068
643.270656 18977.591242 18380.758514
644.292790 18785.484829 18723.232111
645.295051 19182.974671 18813.978882
646.295517 18941.925636 19150.346136
647.319203 19096.374847 19145.900121
648.320561 18820.882003 19208.520400
649.329252 19291.694574 19005.174519
650.395515 18508.228774 19210.537877
651.398496 18916.499269 18745.909380
652.398743 19083.667677 18760.377852
653.447976 18189.838294 18932.018748
654.640437 18423.479228 18385.379391
655.640731 19337.468763 18238.405138
656.773289 17871.912777 18896.678686
657.773758 18785.157288 18236.845989
658.854358 19122.180390 18500.629722
659.854774 19019.141509 18956.420805
660.865846 19393.062986 19148.477083
661.932379 18898.242518 19492.612436
663.195803 19380.337420 19268.677399
664.195980 18332.053916 19425.672337
665.196273 18373.514028 18706.623448
666.217317 19711.350172 18284.551705
667.272317 18713.924931 19099.133522
668.272392 18985.174802 18911.409662
669.306667 18832.530523 18971.613953
670.316435 18899.716081 18890.623101
671.316547 19023.408795 18885.993699
672.326374 18615.554378 18979.879129
673.347541 18943.908830 18731.813448
674.368402 18665.273642 18824.981679
675.390097 18713.432015 18692.321191
676.446680 18777.431630 18655.347840
677.446912 18722.172145 18699.381920
678.506290 18889.849544 18699.466773
679.631802 19226.912180 18830.943591
680.762406 18657.307411 19164.205466
681.904560 18609.134235 18919.309505
683.217076 19484.542921 18695.231119
684.361552 17568.331619 19218.224219
685.400281 18134.402251 18109.141968
686.548213 18592.954181 17843.951230
687.548307 19139.265768 18127.882563
688.557319 18629.712696 18795.849825
689.659504 18994.005384 18833.522637
690.777801 18641.447503 19074.626074
691.777978 18600.659378 18910.604210
692.779550 19475.566498 18730.713007
693.818302 18594.477277 19264.434338
694.862709 18583.931883 18923.261128
695.876392 18494.271801 18662.569515
696.898106 18391.321837 18445.319239
698.191979 17490.592162 18271.719769
699.356044 18976.806427 17539.273294
700.392470 18575.048472 18275.540472
701.393381 18772.551800 18517.672084
702.410022 18551.868520 18801.209483
703.435993 19012.801442 18770.301301
704.440934 19224.651378 19045.938707
705.441125 18636.392266 19334.360545
706.451615 18787.026078 19009.949839
707.451752 18869.084461 18867.330451
708.524892 19614.252371 18837.488451
709.554469 18337.310136 19389.342386
710.638084 18430.520717 18763.790173
711.646315 19179.411469 18414.301994
712.756365 19078.531288 18805.280648
713.956714 18992.945328 19018.642546
715.088107 18442.572328 19076.106210
716.090139 19221.190160 18671.268071
717.266884 18928.682154 18995.638440
718.418200 19107.758172 18994.830550
719.520954 18566.058020 19112.196519
720.520967 18561.149487 18763.494803
721.615907 18582.063880 18536.103350
722.695557 18947.707928 18444.354952
723.768843 19343.002152 18707.141022
724.917385 19051.431040 19195.146450
726.024064 19093.623280 19257.434756
727.172417 19069.964357 19268.722160
728.270087 19523.794874 19212.846950
729.359782 19010.366015 19489.561584
730.464763 19145.156752 19251.405580
731.465624 19369.388623 19173.160739
732.466381 18544.840582 19295.211225
733.467464 18708.810363 18756.369787
734.469766 18479.359649 18557.044103
735.491327 19452.675813 18323.234790
736.493429 18871.862989 18975.348471
738.197274 19126.523251 18985.127529
739.268906 18639.749122 19152.696120
740.284959 19313.666549 18864.856601
741.358304 19073.740576 19170.098042
742.396121 19188.894396 19178.666409
743.413453 18674.311470 19243.084500
744.416904 19077.439138 18875.808825
745.419807 18578.782108 18944.142399
746.437244 18677.897281 18637.640599
747.452001 18972.555277 18544.011455
748.565014 19005.689641 18751.661837
749.668211 18531.490930 18935.561161
750.778374 18799.235466 18689.393910
751.920669 18509.325657 18727.642941
752.922845 18483.804792 18547.233231
754.115653 19496.887974 18428.410834
755.115850 19293.303845 19142.660511
756.169699 18964.166009 19435.654119
757.170144 19155.245314 19299.709977
758.170785 18768.673927 19291.161393
759.294972 19124.243077 18962.979541
760.295759 19514.524683 19016.989074
761.350064 18708.627586 19363.518546
762.455370 19193.002658 18970.111993
763.521388 18522.468057 19071.318919
764.571744 20503.536527 18649.442366
765.627260 19305.835639 19892.561865
766.700092 18745.301981 19768.589614
767.720375 19541.427171 19170.514751
768.721000 18137.782781 19362.268020
769.780050 18372.996380 18450.201149
770.880254 19294.282167 18092.473321
771.904790 19362.936403 18674.704512
773.005620 19402.237322 19172.205198
774.066153 18167.075464 19498.114032
775.174944 18311.299758 18710.727877
776.175725 19258.287622 18289.289917
777.278996 19120.916308 18794.314295
778.291923 18206.145143 19059.791330
779.467872 18846.239971 18521.732719
780.505150 19228.682757 18653.877640
781.505875 18607.493040 19054.872773
782.632920 18809.951848 18832.930547
783.721479 19221.683041 18817.444164
784.812988 18500.362942 19116.626288
785.861121 19253.705910 18751.491464
786.915596 19539.724474 19071.149148
788.168184 18521.492699 19491.131103
789.168256 18937.867026 18949.596592
790.169162 19947.555577 18884.084109
791.169372 19309.366471 19622.040010
792.169431 19097.423302 19593.755023
793.170718 18175.224560 19349.558014
794.196974 19087.765657 18472.776775
795.243656 19532.409024 18644.403925
796.244170 19165.854738 19174.540458
797.262527 18969.367417 19254.160152
798.278339 18186.312468 19124.528154
799.373920 19363.520521 18433.630759
800.493058 19390.949330 18909.258529
801.521544 18700.582086 19281.209519
802.522002 19062.382217 18976.844533
803.609520 19008.362563 19026.946527
804.791919 18120.168274 19020.341706
805.872017 19283.831567 18347.898792
806.878200 19335.945865 18827.492177
807.878494 18565.739475 19220.459439
808.922384 18531.418435 18868.159885
809.950710 19108.134863 18590.664225
810.962113 18866.427200 18869.642268
812.000107 18811.247382 18887.473692
813.051492 19306.333240 18849.742917
814.163165 18758.491183 19192.568039
815.241448 19388.452414 18981.540358
816.254738 19312.327410 19292.735147
817.280122 18752.484377 19415.168105
818.280397 18824.263640 19030.792136
819.280845 18475.566008 18822.861659
820.404637 19403.160846 18457.723692
821.405931 19006.584439 18975.311416
822.541782 18606.238851 19043.635330
823.718928 19058.645767 18768.275373
824.746646 18625.289954 18929.391452
825.753414 18866.553053 18717.246210
826.846724 17994.778455 18769.131849
828.196219 19492.789602 18165.599022
829.196525 19124.589020 18944.635827
830.196873 19183.282291 19195.042236
831.295965 19060.254069 19346.652090
832.370334 18740.243470 19289.343401
833.435314 19001.695318 18963.408774
834.521335 19141.176408 18940.739021
835.528161 19637.082961 19049.254036
836.635604 18603.985947 19498.422051
837.640776 18723.783779 18982.848526
838.719082 20908.170066 18720.194492
839.867033 18953.600337 20228.054513
840.912730 18297.640597 19686.086114
842.004710 19239.160759 18740.010666
843.120889 19080.261178 18862.520546
844.121493 19150.955391 18898.760853
845.160127 18929.336620 19015.276748
846.160837 18540.729958 18941.240278
847.209975 20450.250007 18609.791132
848.330136 19016.478166 19858.941302
849.374497 19206.945039 19556.014683
850.409811 19137.582256 19412.517398
851.537501 18984.435726 19237.353579
852.538354 18737.401452 19009.968941
853.686293 18644.571323 18704.617613
854.773701 18855.344889 18490.515311
855.849858 18272.156839 18580.058338
856.850749 18951.324452 18256.260452
857.851072 18658.018761 18607.711315
858.851718 18946.067286 18649.360763
859.943004 18974.613474 18888.386380
860.985771 18294.391523 19043.729056
862.066666 18974.998679 18593.955035
863.193004 18999.268387 18804.632514
864.209042 18134.661760 18970.765075
865.325055 19651.968076 18412.502214
866.490715 19181.413589 19201.890407
867.553623 19138.115497 19356.188055
868.554559 19084.610292 19357.169694
869.666098 19371.967034 19262.768060
870.731404 19005.278204 19386.545358
871.880223 19364.248601 19169.772803
872.880276 18859.419845 19289.490674
874.027377 18867.322763 18989.417524
875.057712 18209.153921 18812.808718
876.059275 18910.760750 18244.506194
877.097009 18679.445002 18477.721986
878.135408 19141.313045 18529.102762
879.240041 19665.314265 18938.779742
880.300336 18548.161687 19587.252473
881.394571 19314.843612 19093.139852
882.394902 19135.363113 19284.850445
883.438052 19221.478782 19253.593658
884.438385 18374.285181 19272.994381
885.523834 19129.432736 18634.420641
886.524201 18542.070521 18816.460573
887.570708 19089.406121 18545.201918
888.570898 19115.777672 18819.291442
889.640979 18878.946136 19043.643536
890.644226 18703.723907 18996.229466
891.647145 19086.156969 18811.784926
893.203393 18247.435537 18979.372198
894.320215 18478.558589 18460.820953
895.332916 18548.381146 18321.541265
896.333194 18398.166712 18343.522670
897.338540 19048.860756 18293.067166
898.350142 19086.832335 18782.134834
899.354942 18754.038732 19121.828832
900.475783 19003.158121 19033.331505
901.476273 18966.342047 19106.099189
902.478172 19252.341792 19089.135709
903.478447 19041.041746 19264.455362
904.497176 19024.835592 19190.611762
905.518001 18940.921619 19104.142843
906.573876 18631.642544 18978.146090
907.576146 19383.185058 18673.882290
908.576468 19781.833226 19074.847339
909.660443 19581.118127 19651.400419
910.727298 18991.827134 19821.748836
911.767626 19705.912169 19404.797123
912.768042 18632.044866 19628.642545
913.779910 18730.659622 18954.482185
914.780246 18982.548510 18610.753742
915.781660 18302.762122 18657.782657
916.808478 18656.501563 18252.648787
917.911087 18648.379220 18327.914766
918.911605 19304.928717 18441.602697
919.911847 18777.041819 19042.552917
920.915937 19233.114419 19012.706803
923.113481 19003.209668 19280.921951
924.149582 19152.597817 19230.649078
925.252539 19222.777270 19260.693900
926.253821 19277.006758 19301.326880
927.254891 18489.453593 19342.678084
928.264924 19208.607870 18756.270981
929.265372 18836.509923 18935.728790
930.277361 18753.081183 18814.604004
931.277904 18985.012957 18696.946536
932.331077 18064.248511 18826.100294
933.384033 18818.134171 18239.832005
934.417489 18857.408604 18468.216231
935.446502 18725.403036 18699.343654
936.448393 18902.172098 18755.419427
938.103865 18409.104894 18908.530012
939.105061 19303.247567 18613.695424
940.108838 18735.146917 19085.737502
941.111634 19229.467534 18950.060569
942.127820 18690.516333 19199.234153
943.128502 9438.789898 18927.165890
944.130462 19036.042495 11793.174542
945.132577 18657.988316 14835.522156
946.136022 18939.347853 17123.285412
947.136249 18949.745678 18861.862420
948.140966 18417.060110 19758.320651
949.141031 19190.123565 19604.891846
950.149191 19170.742452 19811.017102
951.156511 18905.944802 19744.320510
952.160566 19242.595227 19368.979463
953.162013 18845.075356 19318.038093
954.207313 19171.882295 18975.566788
955.208775 18907.923515 19016.813482
956.209508 18895.226622 18878.234947
957.233750 19326.079384 18806.845152
958.271153 18928.504143 19116.385193
959.271394 18654.858011 19025.397331
960.299550 18924.322660 18750.445503
961.349004 18341.193915 18791.171203
962.365080 19260.789044 18407.475359
963.365807 19134.373932 18888.753422
964.383454 19206.914010 19127.590025
965.402816 19134.852903 19303.109362
966.499419 19145.621578 19312.774362
967.524592 19169.108389 19281.203003
968.578061 18572.033086 19249.137076
969.578239 18951.675315 18765.290464
970.607140 19142.903032 18759.784485
971.607345 18775.992182 18948.424990
972.611133 18975.144581 18816.181616
973.737537 19052.657584 18889.376870
974.737650 18948.836107 19005.551176
975.763278 19524.645382 18997.548824
976.764147 18471.603458 19413.226425
977.772909 19165.930154 18859.138522
978.866873 18874.992590 19005.955826
979.868742 19202.673665 18901.154887
980.923832 18969.752176 19087.974650
981.927283 19301.112201 19035.368168
983.081142 18710.193347 19241.180948
984.081145 18750.215753 18915.881010
988.010699 18860.548111 18731.825930
989.011302 18813.107690 18727.145115
993.010699 18712.603558 18722.575140
994.010831 18858.492049 18667.545191
998.010699 18426.648976 18760.711177
999.010778 18937.547784 18507.857083
1003.010699 19444.262493 18744.302115
1004.010954 18868.771847 19290.872080
1008.010699 18995.521273 19170.886681
1009.010828 18956.064289 19130.427343
1013.010699 19043.384448 19046.878418
1014.010994 18894.792593 19047.890543
1018.010699 19117.184966 18935.826190
1019.011077 18760.220686 19036.329894
1023.010699 18673.204991 18839.072304
1024.011586 18770.288026 18655.468833
1028.010699 19254.881304 18640.913414
1029.010842 19116.950953 19029.424316
1033.010699 18864.356053 19176.596251
1034.011449 18946.332293 19045.824719
1038.010699 18835.242168 18996.553966
1039.010797 19094.833410 18876.045578
