95.071300 18286.070926 0.000000
96.072470 18812.823689 18286.070926
97.073515 18991.041523 19339.576452
98.077014 18461.695570 19604.928019
99.134853 19092.936327 19187.122713
100.137881 18620.618692 19270.293843
101.154943 18878.123978 18913.301802
102.213416 18970.059393 18854.763968
103.213983 19216.020853 18900.286615
104.214161 19096.865819 19124.962228
105.214414 18854.792413 19170.698415
106.295938 18736.765834 18993.553305
107.297981 18734.659908 18781.770593
108.301271 19363.192878 18663.048603
109.344145 18814.431131 19092.990161
110.344357 19010.006704 18963.940310
111.415123 19055.432439 19008.719769
112.415924 19042.334527 19065.500533
113.422731 19069.969442 19081.550458
114.508528 18976.360959 19100.497624
115.520306 18808.031902 19032.132799
116.565318 19557.845380 18857.760634
117.567325 18724.287276 19320.502477
118.577194 18730.016490 18986.040546
119.594368 19060.644840 18757.668174
120.594930 19247.877851 18884.540329
121.595233 18435.000279 19132.427293
122.597328 19404.587002 18675.575235
123.597947 19114.608111 19114.195510
124.598622 19219.243321 19188.619352
125.598714 19152.719448 19285.804870
126.631382 18991.507809 19267.864338
127.631637 19339.133392 19109.199120
128.701522 18924.457053 19261.162870
129.704551 18582.489845 19045.630122
130.767518 18814.943437 18651.095074
131.860538 19089.012740 18611.016437
132.860984 19102.971362 18847.510846
133.881108 19177.850228 19036.602490
134.881472 19217.343406 19203.899680
135.955420 18617.299712 19310.655796
136.959447 18669.946562 18890.672985
137.960531 18732.724576 18651.823399
138.962699 18770.721507 18584.012908
139.978034 19355.345307 18615.783277
140.978234 18461.637277 19108.870869
141.979070 19342.305759 18746.752252
143.020307 18602.008613 19154.915562
144.125098 18418.786239 18850.621906
145.125498 19313.244237 18498.904975
146.175032 19603.155440 18973.860324
147.175347 19225.468034 19513.617379
148.264147 18632.225504 19522.614867
149.328299 18152.854984 19007.895006
150.339268 19276.327706 18297.089810
151.410461 18681.761912 18748.233046
152.424205 18901.110560 18659.903984
153.509528 18866.370539 18785.715421
154.610149 19132.014110 18851.414908
155.646046 19628.267905 19087.236238
156.648544 19168.232086 19588.531717
157.649088 19056.728584 19504.086639
158.662384 19627.433704 19294.272835
159.664335 18597.442402 19558.008710
160.745236 18940.708772 18934.739420
161.758279 18870.417584 18796.230298
162.839680 18825.047007 18710.376964
163.891822 19011.692528 18673.432519
165.016050 18992.741578 18832.848060
166.129123 19296.633294 18943.053734
167.129134 19095.392662 19238.497320
168.226128 19274.654153 19249.822632
169.228362 18294.888439 19351.323914
170.277545 19424.652228 18648.082829
171.277761 18700.255619 19055.486531
172.278117 19060.602204 18808.182349
173.366345 19657.274267 18927.808514
174.429544 18808.837032 19468.324067
175.501809 19235.153550 19149.491466
176.596093 19621.268476 19224.648947
177.643692 18546.306454 19554.440032
178.703049 19099.722250 18929.821169
179.738638 19142.754149 18936.694906
180.862054 18972.213067 19013.162535
181.887594 18839.548078 18955.888441
182.894916 18707.995653 18831.833809
184.000355 18301.686537 18673.070741
185.116462 19045.560270 18297.688599
186.217528 18940.657344 18668.902312
187.225223 19088.501340 18869.996463
188.356003 19176.440848 19099.091756
189.362663 19231.765809 19276.946430
190.370306 18748.403511 19382.241092
191.382377 18832.632508 19034.747879
192.392633 18719.536871 18852.586928
193.392765 19368.954466 18671.696119
194.392957 19277.663261 19080.274100
195.394243 19243.871108 19288.264778
196.394458 19779.254467 19364.265623
197.395025 19038.110043 19773.704936
198.424569 18614.403067 19423.953657
199.511642 19518.202682 18834.836882
200.611166 19333.576295 19163.019752
201.705961 19036.981186 19277.437130
202.706473 19126.533525 19126.234278
203.706618 18814.675189 19095.483833
204.706977 19451.269569 18853.977282
205.730893 18827.371474 19200.844268
206.780938 18895.816065 18968.960515
207.846968 19345.042117 18868.954822
208.847402 19250.401020 19162.586825
209.847449 18816.993852 19284.035827
210.850094 19196.905001 19011.296250
211.887503 18736.726211 19111.284224
212.899134 19162.238990 18837.549313
213.992426 19951.967984 18994.610666
215.027161 18965.740739 19707.345169
216.027241 18741.355022 19385.197691
217.147832 18760.907371 18950.970426
218.278811 19040.587073 18696.117205
219.285811 18854.860054 18794.647912
220.287033 19062.950095 18766.102791
221.324664 19056.952104 18930.087077
222.472101 19051.667250 19040.796482
223.492702 19092.405414 19096.226449
224.623502 18726.954623 19143.355256
225.624984 18773.233052 18880.094106
226.689049 18861.949323 18744.887482
227.869140 19316.596079 18750.907765
228.937119 19340.871729 19122.663363
229.937746 19261.333000 19375.231079
231.010574 18905.098989 19433.271053
232.017547 19070.963343 19152.131018
233.154614 18541.130039 19074.201259
234.201206 18208.821333 18637.051923
235.227379 19275.825698 18145.265254
236.242097 18866.877480 18715.514213
237.296979 18329.586299 18834.005401
238.394618 19192.802772 18498.500628
239.395769 18613.059704 18935.932015
240.449881 18218.044038 18784.058096
241.450013 18402.933618 18369.109789
242.515136 19061.048178 18262.536383
243.652387 18986.050843 18737.934909
244.652483 18519.061151 19000.164488
245.800323 18910.278608 18777.508597
246.966453 18297.940945 18894.981883
248.076248 19028.318932 18498.289460
249.146880 18897.237859 18797.639609
250.147775 18662.466547 18906.673710
251.228022 18467.090279 18782.753314
252.228079 18946.638571 18544.189223
253.290512 19029.068361 18765.293661
254.296077 19290.955701 18983.004450
255.296109 19190.680333 19299.791327
256.360819 18959.516776 19380.769333
257.396464 18752.170243 19200.363419
258.484358 19153.283228 18894.438901
259.508199 19229.776190 19006.744216
260.508614 18733.387957 19156.901348
261.508790 18664.432754 18877.907450
262.528448 19069.234726 18650.564225
263.613769 18791.726887 18843.961224
264.694150 19460.403963 18788.847220
265.843505 19314.960471 19263.517941
266.982759 19101.177115 19440.992188
267.987296 18798.093705 19337.883866
268.990968 18853.119779 18999.840459
270.012353 18877.878195 18821.651623
271.012821 19028.385241 18758.993056
272.125878 18444.045987 18870.265341
273.294575 18921.185174 18527.177019
274.294924 18452.818795 18692.704490
275.301430 18509.529567 18481.313612
276.355230 18720.144157 18411.027548
277.384431 19007.365332 18558.470963
278.460328 19116.585781 18888.026850
279.483036 19491.436350 19164.554751
280.570645 19164.851295 19571.964386
281.596186 19365.133165 19510.598403
282.596350 18727.802650 19543.690037
283.639078 19585.034963 19037.598750
284.664646 18902.647041 19350.028316
285.673405 19042.560391 19053.203820
286.772422 18919.530963 18972.087389
287.945264 19246.713019 18856.875353
288.946470 18600.953613 19060.319780
289.948147 18377.377210 18724.320748
290.958231 18909.649567 18357.797146
292.015723 19077.189020 18578.634629
293.101015 18837.611976 18897.461694
294.198113 19032.247013 18922.124276
295.198427 19505.633510 19059.303769
296.253197 17890.353853 19476.169199
297.401498 19732.315109 18480.508250
298.503490 18746.227264 19216.610118
299.510618 18715.206875 18974.021416
300.510858 18940.113106 18772.513235
301.620094 18655.571487 18826.112228
302.620200 19714.137545 18668.005730
303.717666 19312.498656 19379.768463
304.748710 19182.285775 19518.012934
305.771796 18600.624905 19438.096939
306.772980 18788.275681 18897.940498
307.773282 19346.677723 18694.271461
308.775366 19019.931372 19034.739529
309.836106 19478.690901 19037.898349
310.940480 18157.993297 19379.055661
311.959764 19858.254922 18584.019924
312.961115 18316.710026 19355.191617
314.014022 19263.811969 18710.384618
315.014056 19352.958758 18999.888928
316.035291 19128.860437 19277.481935
317.036966 19007.918289 19267.073903
318.060829 19168.980761 19136.609910
319.067582 18871.740228 19160.001862
320.181388 18824.971207 18951.012163
321.228312 18538.515198 18791.622564
322.228712 19062.656826 18505.422919
323.228748 19518.468381 18763.702387
324.233606 19294.475538 19309.439397
325.234027 18769.474329 19466.570516
326.312103 18979.911149 19108.361424
327.415554 19440.260718 19002.362719
328.499972 18158.765288 19289.012651
329.501004 18543.001757 18509.028061
330.536985 19424.608741 18319.647425
331.699057 20103.781884 18942.000928
332.874568 19252.880996 19883.209490
334.009836 18451.476040 19770.781203
335.082911 18873.708617 18984.038291
336.190839 18372.055919 18774.200706
337.370345 18910.489895 18317.919367
338.525207 19025.351578 18507.138317
339.529578 19289.503744 18788.731949
340.540775 19056.010150 19186.797797
341.541030 18686.648118 19236.387013
342.587216 18872.531822 18939.065881
343.587577 19163.114208 18866.713652
344.691575 19292.916982 19049.928870
345.853661 19465.843402 19267.184894
346.869575 19551.484496 19511.940743
348.015826 19131.287999 19687.025153
349.164628 19769.540709 19425.534820
350.164914 19470.569196 19699.917481
351.165145 19166.695182 19630.285984
352.165270 18901.397501 19327.635528
353.249281 18421.377012 18937.101952
354.292995 18891.114437 18372.893685
355.324436 19182.978127 18455.213452
356.363802 18862.887809 18824.246349
357.375279 19089.798555 18858.378004
358.390071 18885.499077 19046.754342
359.524571 18638.535859 18998.478956
360.524782 18712.045139 18760.873879
361.552383 18562.879319 18666.618796
362.663196 18805.336045 18518.973475
363.764482 18388.293384 18637.969820
364.857840 19155.546122 18426.527553
365.929803 19261.396358 18886.687431
366.930329 19154.381544 19263.369719
367.930388 18307.131386 19370.956413
368.930921 19012.649841 18735.168424
370.073151 18685.203783 18839.404012
371.073306 19020.333335 18689.248719
372.172744 18504.910605 18864.507003
373.213113 19389.972293 18604.525680
374.213782 19332.553025 19113.427516
375.214092 18226.572149 19393.950177
376.290370 19117.356621 18689.376563
377.293866 19082.039659 18889.477006
378.296049 19260.573268 19020.009410
379.326193 18913.239425 19234.683381
380.480421 18593.164383 19087.992456
381.481137 19406.937504 18730.902454
382.493068 19153.178513 19128.252776
383.559528 19109.804892 19206.279876
384.560429 18528.553680 19199.487869
385.560498 18871.314378 18737.732713
386.580697 18919.080956 18711.630900
387.584125 18642.583176 18774.325796
388.600395 19595.037709 18634.488699
389.693602 18033.188368 19280.934670
390.694386 17987.863331 18511.296409
391.838532 18169.531295 17972.956491
392.998171 20159.992712 17843.764215
394.064298 19544.414221 19353.455910
395.116845 19210.901311 19848.252089
396.246012 18731.456497 19769.556029
397.246480 19327.973676 19230.960709
398.265551 19174.924736 19284.174881
399.282911 18829.028229 19206.944960
400.303142 18112.289780 18900.902564
401.360458 18589.413999 18192.358945
402.361156 18470.588721 18175.913008
403.362563 18160.225977 18181.946330
404.392916 19037.016889 18024.351530
405.411134 18880.657134 18637.115926
406.592450 19560.859852 18926.203549
407.592511 19211.619383 19569.512795
408.697679 18710.265468 19627.073830
409.796684 18916.182715 19175.975300
410.853105 18925.470765 18988.436512
411.884201 18805.763616 18883.569706
412.933439 19783.170198 18751.831206
414.731077 19276.639890 19432.499995
415.731091 20326.540271 19480.604209
416.731645 19168.012915 20241.090523
417.780385 19014.874437 19773.800599
418.868600 19580.304416 19273.854858
419.894458 18857.566921 19383.209366
420.929439 19535.785825 18945.107262
421.932462 19146.259127 19212.835302
423.055296 19302.757764 19135.291930
424.130625 19613.623364 19216.636020
425.214620 19298.443961 19511.987702
426.223132 18467.631457 19448.687906
427.331023 19077.328230 18756.367643
428.331957 18678.766358 18795.296045
429.332149 19033.485972 18586.346888
430.448115 19310.442336 18771.016888
431.450902 18758.653676 19136.686432
432.451159 18933.747747 18949.118685
433.505730 19101.460037 18939.039113
434.584277 18641.491572 19058.460702
435.618415 18004.469046 18783.944982
436.714255 18784.705669 18133.306875
437.775387 18901.477686 18360.955831
438.855841 18861.773443 18668.296781
439.865273 19468.422130 18850.484300
441.031690 18860.299793 19399.386861
442.033367 19799.259502 19235.005206
443.098496 18391.463187 19763.357807
444.104579 19659.708618 18980.662295
445.156932 19490.624321 19393.198835
446.201764 18956.940419 19539.281329
447.312382 18847.242946 19199.895397
448.322138 18373.999023 18887.190581
449.389749 18619.092557 18365.918323
450.493894 19272.795971 18291.122519
451.538345 18293.301111 18825.994687
452.541187 18565.896450 18470.509948
453.607296 18207.148625 18452.911873
454.706708 19510.249746 18203.298111
455.707076 19342.783793 19056.779699
456.866596 19116.361044 19471.288540
457.989522 18532.620735 19476.599712
458.990065 18777.126038 18951.390399
460.148112 18600.248321 18767.472304
461.242458 18868.927640 18545.268402
462.255109 18896.947929 18649.420921
463.259651 19283.700489 18777.389076
464.738520 19776.821807 19161.327287
465.738607 18996.504684 19753.730682
466.845493 19279.328699 19470.467318
467.903431 19152.375208 19422.462989
468.907412 19263.163048 19267.462133
469.907540 18469.091968 19244.280855
470.911580 19240.404099 18641.857454
471.912070 18961.276859 18875.938480
473.055967 18612.402055 18874.749968
474.110276 18650.713452 18634.131331
475.111158 18948.515666 18537.123242
476.243427 18675.892687 18740.368410
477.247315 18070.389435 18689.560574
478.344614 19421.063106 18206.612245
479.516614 18789.532080 18944.087632
480.700217 18864.269834 18958.420924
481.700503 19403.984796 18979.418675
482.744146 18515.738036 19365.916561
483.744385 18932.241295 18902.497493
484.744931 18267.207043 18886.475539
485.767851 18721.653452 18391.130312
486.869357 19122.053347 18453.311688
487.869489 19158.887064 18851.787738
489.692433 19427.147074 19146.217453
490.787439 17988.219935 19497.794721
491.826921 19025.742458 18576.726089
492.827868 19307.056023 18747.207126
493.844008 18601.667613 19113.066652
494.895799 19182.171300 18815.452450
495.896261 18922.853649 19048.576905
496.896473 18207.750747 19004.049493
497.896628 18788.248618 18425.159650
498.960335 18889.917030 18516.735905
500.031667 18794.298272 18706.653521
501.204156 18883.649107 18775.714137
502.222200 19191.508823 18881.903605
503.396267 19201.170925 19166.329502
504.523609 19219.028888 19322.083857
505.526175 18921.062058 19383.126274
506.623058 18334.599957 19149.148013
507.646900 19209.288853 18535.290819
508.647426 18227.111177 18834.206178
509.648843 18828.067054 18340.801269
510.667454 19458.522469 18516.393199
511.776756 18985.431855 19154.949189
512.796970 19151.648934 19195.302544
513.813003 18817.680302 19287.674358
514.873393 18956.254795 19049.377435
515.997285 18819.156303 18976.235560
517.019771 19221.861352 18831.845562
518.045021 18765.556982 19058.507036
519.067189 19073.828305 18870.448074
520.126001 18865.779916 18981.399312
521.144373 18542.315252 18903.945888
522.230255 18844.215523 18613.079185
523.252592 18708.192742 18676.380053
524.336210 18757.426434 18647.972269
525.475899 19179.708427 18685.748764
526.611157 19445.255196 19039.267924
527.611628 18253.593958 19450.297706
528.615332 19269.321360 18760.806041
529.756311 18969.835527 19051.052740
530.900882 19222.093743 19026.128869
531.901379 18783.208727 19188.787261
533.007135 18154.702983 18949.279315
534.114755 17888.209636 18316.628387
535.123993 19371.806840 17759.951562
536.208982 19166.851843 18626.375571
537.288797 19626.108899 19092.229145
538.310109 18743.858163 19688.254399
539.711003 18490.052841 19309.042599
540.876697 18633.043219 18787.786598
541.978113 17937.970717 18559.967942
542.993289 18267.829903 17943.023057
543.993378 19156.108656 17880.681919
545.042835 18418.157919 18612.507411
546.073505 19137.763003 18560.857415
547.074067 19074.998269 19039.061356
548.074393 19144.158341 19255.765188
549.076008 18630.176339 19370.795428
550.091463 18318.553723 18986.164775
551.194728 18207.225178 18471.135377
552.267279 19392.647315 18091.978856
553.313614 18886.257429 18820.278779
554.414382 18522.271216 18947.728460
555.503811 19339.505697 18723.095883
556.556246 18999.328220 19173.499289
557.585060 19108.316163 19185.069486
558.596186 18515.077739 19226.160225
559.690407 18630.145614 18772.315761
560.853409 18866.965986 18567.384930
561.856997 19227.112725 18658.224964
562.974380 18546.836307 19025.940291
563.977295 19128.447456 18749.883750
565.020102 18789.025929 18997.301980
566.020908 19401.529276 18899.231319
567.021036 18361.291786 19282.022151
568.154774 18780.347213 18723.116230
569.163576 19338.014460 18667.498730
570.209913 18496.266689 19086.152536
571.210282 18893.026797 18727.134092
572.295414 19055.215874 18787.478100
573.316396 18193.861309 18965.679086
574.458875 19521.624713 18431.147852
575.462162 18584.348608 19100.383152
576.529159 19483.518301 18837.354114
577.655023 19399.536220 19316.965488
578.781327 18967.064199 19535.422818
579.985543 18829.728630 19286.325817
581.123559 18897.214185 18978.960236
582.196776 18924.120373 18838.583710
583.280614 18592.446786 18803.232706
584.283189 18985.558588 18567.023932
585.392104 18953.537006 18750.109109
586.488868 18676.738639 18876.497881
587.534243 18863.319108 18751.353273
589.696307 18210.640213 18810.062662
590.793159 19345.485957 18363.222297
591.825170 19313.443071 18952.790902
592.960956 19529.329314 19321.716803
593.968399 17864.966805 19666.026003
594.976040 18413.616540 18555.734549
596.012222 18989.690338 18239.384187
597.059127 19111.578677 18556.822443
598.100386 19074.333344 18915.174799
599.101225 18385.012007 19115.517947
600.107364 18803.195776 18688.402367
601.235965 18915.208842 18712.634814
602.242497 18918.088803 18831.401078
603.242709 19062.905328 18913.896121
604.302123 18206.679993 19064.804207
605.302612 18838.126365 18497.614529
606.303082 19235.498444 18614.870835
607.322617 19453.528906 19027.341930
608.396034 19419.358857 19449.139453
609.445511 18886.593870 19635.508040
610.494347 19039.548860 19275.081298
611.522394 19183.756137 19112.462313
612.531106 18692.714841 19121.079914
613.566358 19211.289212 18772.776799
614.566823 19325.775238 18967.540530
615.689624 18515.412592 19211.724085
616.847573 18649.308670 18754.556667
618.030259 18923.170950 18566.608998
619.030402 18890.946897 18698.706791
620.053581 18889.298178 18796.703688
621.096619 19404.964820 18868.026399
622.212913 18916.810117 19295.755681
623.278030 18662.544960 19170.806580
624.287879 18603.572869 18854.134045
625.389559 18952.742515 18603.671438
626.526100 18570.615858 18740.292727
627.527795 18627.533398 18575.120826
628.536424 19432.199820 18534.096788
629.572980 18594.479282 19140.443738
630.741934 18241.006701 18888.265830
631.742893 18792.034889 18423.625803
632.869820 18261.964927 18558.922155
633.870054 19602.033092 18287.296044
634.971353 19625.237863 19150.201332
635.979854 19083.931360 19712.015495
636.980493 19459.646478 19565.248291
637.980681 18836.071501 19653.321795
639.690789 18847.034321 19181.258485
640.763066 18747.485104 18867.152199
641.839152 19600.693234 18630.407673
642.839382 19127.634810 19181.210866
643.839997 18797.659763 19206.689236
644.840282 18841.292398 18952.183529
645.840879 19010.757325 18819.024211
646.844113 19461.950256 18885.110294
647.854950 19042.773754 19287.959791
648.858691 18937.025664 19218.499780
650.025956 18722.341495 19060.527200
651.179965 19234.748517 18789.652399
652.205818 19392.997482 19021.692539
653.279685 19291.257971 19309.663328
654.436672 18333.292320 19398.177627
655.436918 18727.101674 18697.230625
656.619959 18302.074685 18551.129563
657.625004 18834.946690 18203.301818
658.630334 18034.286943 18453.735166
659.631584 19254.014191 18073.759911
660.632269 18265.127323 18788.699477
661.724427 19191.997347 18520.832788
662.838348 18624.733907 19018.125595
663.839020 18734.753428 18884.792356
664.871500 18493.748631 18835.625766
665.871940 18797.011300 18605.070788
666.984188 18949.365302 18689.409762
668.115919 19172.922645 18872.745135
669.216505 19160.016868 19151.235870
670.251455 18753.518526 19286.223599
671.380780 18611.730067 19017.292024
672.409602 19307.067535 18710.541518
673.410110 19372.696076 19053.966503
674.436892 19209.702229 19338.175659
675.455977 19188.113420 19366.664956
676.495727 19128.612816 19325.477317
677.495790 18351.679999 19225.917069
678.504939 18471.862531 18569.111270
679.521167 18289.318785 18276.487452
680.699042 19310.824028 18042.111502
681.846163 19256.509394 18752.854281
682.846841 19082.430159 19206.982131
683.847023 18736.500390 19315.868446
684.867498 19341.067153 19052.504705
685.867891 19038.305068 19295.246828
686.991539 19039.792462 19201.001407
687.992044 18980.662719 19114.320157
689.725906 19267.171132 19008.000301
690.818714 18998.022411 19162.887287
691.818924 19189.469907 19064.540201
692.819088 19573.987135 19142.322832
693.865863 18574.230750 19481.388837
694.898555 18142.014600 18924.254126
695.910168 18678.225392 18234.018814
696.915875 18671.078633 18268.058198
697.977837 19021.931765 18382.259620
699.084376 19398.280722 18774.704933
700.112555 18952.684468 19314.996015
701.112805 19305.607373 19271.765543
702.221768 18306.556972 19435.072216
703.303632 19271.803865 18735.071542
704.303636 18734.540485 19001.877732
705.304725 18975.334766 18799.814825
706.344731 19103.171389 18863.060498
707.368554 19050.680209 19018.629368
708.409768 19124.172052 19078.180923
709.435093 18917.159753 19156.200405
710.589565 18772.221278 19031.943833
711.605809 18519.695635 18832.415671
712.715878 18666.574772 18528.208759
713.868269 19300.219286 18484.136375
714.868847 18840.294022 18982.943168
715.978577 18804.103213 18966.721646
716.978974 18911.768215 18899.860872
718.117005 18662.148858 18923.239822
719.150512 18701.149803 18744.846877
720.151231 18619.252908 18664.226609
721.151728 18618.884044 18571.724602
722.233145 19032.633931 18537.079027
723.233431 19494.619123 18850.519909
724.257662 19793.184978 19399.257750
725.292801 18728.263628 19921.391404
726.397309 19116.152987 19351.715613
727.397421 18776.300972 19201.931740
728.400410 18817.366258 18850.706104
729.436784 19323.431345 18687.290968
730.591328 18513.759840 19017.651038
731.591470 19146.282077 18652.022520
732.591760 19180.818512 18909.034270
733.643339 18433.117328 19122.754422
734.661943 19346.787048 18683.354633
735.667701 19487.861209 19086.347702
736.775657 18917.966762 19458.759694
737.776570 18760.201304 19224.820234
738.783936 19484.163374 18912.813042
739.877429 19278.782166 19261.628064
740.924056 19276.043477 19337.633496
742.070397 18639.920178 19358.869363
743.179240 19486.779709 18871.688351
744.179403 18514.640036 19205.300450
745.277901 18176.785151 18713.371560
746.278332 17613.503349 18164.333070
747.285903 19313.412765 17470.465494
748.427714 19238.729486 18434.223231
749.528356 19437.184473 19079.887024
750.696500 19228.370583 19591.270776
751.788873 19349.965967 19651.830659
752.940887 18871.231364 19667.442119
753.949977 18635.862984 19236.827860
754.957150 19706.705761 18753.595321
756.092791 19113.764748 19285.678050
757.092959 19056.506069 19212.270582
758.239219 19432.315556 19107.996381
759.239433 18842.792197 19324.843817
760.398362 19253.086477 19017.992951
761.501004 18861.489994 19128.488040
762.583809 18943.802573 18921.187831
763.586441 18862.913540 18864.347701
764.705737 18942.808688 18795.124580
765.734538 20714.754694 18837.381621
766.806118 19380.497980 20213.826412
767.868979 19620.505274 20026.588342
768.919977 18950.970360 19951.452188
769.921047 17789.177917 19328.996197
770.922421 19326.941301 18051.917410
772.038280 18323.246694 18501.015681
773.042825 18778.466761 18179.275267
774.152453 19324.579535 18395.812966
775.288298 18883.312036 19009.329846
776.288832 18406.821339 19063.950083
777.398566 19504.497338 18688.732668
778.429266 18306.775677 19253.903127
779.528390 18825.662121 18700.845664
780.642218 19146.758526 18714.964268
781.643895 19120.952742 18990.520337
782.782446 19188.237669 19148.003581
783.864002 18849.296664 19270.446188
785.022645 19077.349565 19056.909609
786.086883 18869.885988 19069.277759
787.152311 18998.374733 18921.882103
788.153255 18758.008081 18931.551805
789.708027 18123.957077 18772.817399
790.719696 19217.690878 18214.209613
791.782440 18228.896027 18732.642937
792.782977 18312.826360 18371.525446
793.826640 18799.834158 18218.257096
794.953491 19551.440150 18530.521085
796.033540 18794.305434 19317.685842
797.048884 19091.976464 19201.855761
798.098770 18899.587970 19265.306411
799.141842 19081.472201 19109.407878
800.142890 18284.333087 19115.416809
801.178170 19265.774057 18512.080786
802.284586 18993.791642 18889.556578
803.284914 19128.770536 18968.362032
804.296486 18690.599472 19115.356332
805.322568 19164.204862 18863.578735
806.427823 18816.137949 19049.649163
807.429170 18682.765408 18910.273117
808.429704 19115.175778 18717.021897
809.532083 19068.204792 18936.139941
810.571802 18834.022973 19055.229683
811.628746 18733.328511 18942.381967
812.699362 18523.061930 18783.347514
813.700019 18535.675938 18533.625601
814.828919 18980.836131 18415.584233
815.989417 18856.149442 18720.456620
817.077224 19180.893998 18844.472674
818.099577 19099.884747 19152.958310
819.099876 19765.299451 19253.428112
820.234743 19410.857517 19764.338200
821.417158 19081.293051 19754.202106
822.418688 19210.915141 19416.124562
823.420329 18898.144916 19260.594480
824.519233 18944.033473 18935.831936
825.557200 18664.148983 18798.445326
826.659730 19706.053995 18556.235690
827.760817 19159.565755 19243.537955
829.706482 19160.804679 19292.951917
830.726490 19778.544191 19285.241550
831.773191 18875.986598 19713.581784
832.908662 18665.818657 19267.074307
833.935711 18576.359764 18788.422686
834.971803 18586.430339 18451.351699
836.036499 18019.793537 18321.621152
837.063168 19261.001200 17897.980574
838.157505 18650.067680 18647.519273
839.157882 18748.479951 18717.458965
840.176917 18705.327130 18809.390192
841.304515 18776.219710 18807.763630
842.404539 18678.948444 18834.510659
843.545035 19266.313847 18760.357987
844.545405 19127.675671 19143.453317
845.661267 18834.256849 19261.737483
846.686933 18548.882980 19067.299997
847.791053 18478.901390 18697.790064
848.888035 19049.063980 18423.322135
849.937473 18637.310636 18727.604926
851.018926 18961.679706 18651.296077
852.153111 18859.958672 18852.922095
853.153281 18720.190152 18904.633731
854.214696 19356.698616 18814.494394
855.311188 18384.766587 19223.230013
856.423905 18766.642048 18732.015951
857.425044 18565.068666 18686.003176
858.425748 18954.002675 18531.976469
859.430568 18959.245793 18754.936672
860.430851 18765.109392 18920.115612
861.457763 19045.038907 18866.885327
862.590192 18830.804764 19024.773337
863.591212 19149.700119 18948.108127
864.737579 18036.295113 19119.621198
865.892368 19100.692222 18377.843708
867.061791 19151.857619 18719.865647
868.075532 19238.617922 19024.457307
869.151385 19145.958421 19273.673443
870.180945 18172.926437 19320.023005
871.320890 18842.645571 18569.907652
872.327161 18732.408622 18597.894022
873.410543 18613.208097 18590.397383
874.410876 19051.458600 18532.751479
875.421505 19015.211057 18852.730559
876.563979 18608.426286 19035.216452
877.662541 18719.829117 18816.369471
878.679731 18757.156691 18738.512308
879.830227 18807.642912 18722.908609
880.905920 18934.924772 18761.533446
881.961403 18596.720844 18887.834626
882.962642 18882.040394 18709.104807
883.972112 18543.538394 18805.633568
885.017372 19250.296832 18619.123156
886.103667 19114.799796 19037.040588
887.273191 18696.944192 19197.690588
888.384489 18460.987324 18943.901186
889.481040 18581.633265 18578.299587
890.505848 17963.835085 18456.655177
891.548064 18856.413155 17963.728859
892.548550 18915.132011 18386.725809
893.652193 19043.837594 18759.685262
894.708666 19301.646946 19081.555863
895.870343 19218.558753 19426.418611
896.914565 19008.146878 19505.340924
897.915828 18686.708599 19315.297631
898.979412 17381.800633 18902.409588
900.024143 19173.608346 17663.359344
901.099915 18781.961242 18317.300329
902.100179 19152.627635 18564.612498
903.100567 18564.702846 19020.605563
904.135440 19039.014470 18840.664022
905.201379 19054.464372 19037.436676
906.228409 18968.748344 19147.804877
907.404797 19167.978114 19115.366830
908.547320 18983.029556 19211.915513
909.657679 18866.420964 19110.494086
910.735449 18414.296429 18940.460796
911.735450 18622.518540 18497.840792
912.736352 19090.288368 18411.811283
913.736939 19706.710026 18772.300713
914.743322 18783.675793 19494.358586
915.905835 19413.686143 19216.199708
916.991571 19318.142759 19441.497052
917.998052 18923.479652 19475.535459
919.109374 19537.558446 19157.209158
920.109400 18687.875037 19400.172726
921.246785 19341.170895 18918.738383
922.248266 19333.612651 19110.277269
923.250334 18416.495304 19258.101435
924.313230 18875.794030 18663.053312
925.313813 19086.884376 18648.363793
926.332553 18805.724946 18856.194352
927.332769 19238.257155 18806.912565
928.339186 18554.303279 19106.373924
929.667916 19281.942218 18776.110004
930.668042 18804.548991 19101.255567
931.715587 18582.667372 18950.955091
932.741698 19279.270226 18672.792113
933.774790 19058.447615 19033.631580
934.787394 18681.546840 19109.844016
935.787966 19161.090227 18852.425553
936.887378 18456.277553 19040.654183
937.887457 18670.117901 18636.268004
939.592405 19161.628745 18549.457563
940.655161 18747.408445 18904.850559
941.671134 19410.677623 18836.076379
942.671338 18881.054585 19276.974189
943.688871 18698.483691 19133.631674
944.724697 19035.082823 18861.887974
945.724727 19093.865558 18937.614402
946.727153 18775.080194 19043.931773
947.729993 19205.204621 18870.484881
948.731392 19173.285223 19082.503584
949.798069 19207.691359 19195.248646
950.798197 18370.661306 19271.934924
951.828255 18547.998429 18666.444631
952.828570 18709.340202 18422.756496
953.857844 18779.499048 18453.229242
954.857901 18975.281370 18585.112489
955.924531 19423.195371 18846.487494
956.992394 18245.132333 19345.308966
958.084689 19028.575257 18730.644025
959.085281 18679.912660 18889.515824
960.098329 19156.161437 18742.219635
961.102132 18851.285093 19010.181379
962.102611 18520.785179 18952.000007
963.103018 19312.702212 18649.855658
964.116873 18710.024405 19060.453638
965.117156 18121.034777 18876.806416
966.228812 18741.870540 18301.545082
967.229197 18404.185998 18434.413661
968.302315 18858.286271 18324.448763
969.341650 18805.994700 18629.975828
970.350251 18649.943366 18800.598293
971.350529 18813.617682 18770.220127
972.446714 19120.096152 18847.717591
973.447226 18734.464824 19107.800198
974.491685 19122.744190 18951.691994
975.492986 19123.380232 19110.540623
976.493259 19057.259451 19193.492862
977.496119 18869.069558 19167.850238
978.545509 18554.536393 18986.238809
