# WEMAClient mimuroto
0 94.544057
1 99.544057
2 104.544057
3 109.544057
4 114.544057
5 119.544057
6 124.544057
7 129.544057
8 134.544057
9 139.544057
10 144.544057
11 149.544057
12 154.544057
13 159.544057
14 164.544057
15 169.544057
16 174.544057
17 179.544057
18 184.544057
19 189.544057
20 194.544057
21 199.544057
22 204.544057
23 209.544057
24 214.544057
25 219.544057
26 224.544057
27 229.544057
28 234.544057
29 239.544057
30 244.544057
31 249.544057
32 254.544057
33 259.544057
34 264.544057
35 269.544057
36 274.544057
37 279.544057
38 284.544057
39 289.544057
40 294.544057
41 299.544057
42 304.544057
43 309.544057
44 314.544057
45 319.544057
46 324.544057
47 329.544057
48 334.544057
49 339.544057
50 344.544057
51 349.544057
52 354.544057
53 359.544057
54 364.544057
55 369.544057
56 374.544057
57 379.544057
58 384.544057
59 389.544057
60 394.544057
61 399.544057
62 404.544057
63 409.544057
64 414.544057
65 419.544057
66 424.544057
67 429.544057
68 434.544057
69 439.544057
70 444.544057
71 449.544057
72 454.544057
73 459.544057
74 464.544057
75 469.544057
76 474.544057
77 479.544057
78 484.544057
79 489.544057
80 494.544057
81 499.544057
82 504.544057
83 509.544057
84 514.544057
85 519.544057
86 524.544057
87 529.544057
88 534.544057
89 539.544057
90 544.544057
91 549.544057
92 554.544057
93 559.544057
94 564.544057
95 569.544057
96 574.544057
97 579.544057
98 584.544057
99 589.544057
100 594.544057
101 599.544057
102 604.544057
103 609.544057
104 614.544057
105 619.544057
106 624.544057
107 629.544057
108 634.544057
109 639.544057
110 644.544057
111 649.544057
112 654.544057
113 659.544057
114 664.544057
115 669.544057
116 674.544057
117 679.544057
118 684.544057
119 689.544057
120 694.544057
121 699.544057
122 704.544057
123 709.544057
124 714.544057
125 719.544057
126 724.544057
127 729.544057
128 734.544057
129 739.544057
130 744.544057
131 749.544057
132 754.544057
133 759.544057
134 764.544057
135 769.544057
136 774.544057
137 779.544057
138 784.544057
139 789.544057
140 794.544057
141 799.544057
142 804.544057
143 809.544057
144 814.544057
145 819.544057
146 824.544057
147 829.544057
148 834.544057
149 839.544057
150 844.544057
151 849.544057
152 854.544057
153 859.544057
154 864.544057
155 869.544057
156 874.544057
157 879.544057
158 884.544057
159 889.544057
160 894.544057
161 899.544057
162 904.544057
163 909.544057
164 914.544057
165 919.544057
166 924.544057
167 929.544057
168 934.544057
169 939.544057
170 944.544057
171 949.544057
172 954.544057
173 959.544057
174 964.544057
175 969.544057
176 974.544057
177 979.544057
178 984.544057
179 989.544057
