# AndroidClient mimuroto
1.481564 0.259298 2468.199943 2304
4.105162 2.573598 2984.149136 2816
8.810160 4.704998 2992.562150 2816
13.578443 4.768283 2952.845030 2816
18.269731 4.691288 3001.308025 2816
22.891190 4.621459 3046.656867 2816
27.656878 4.765688 2954.452749 2816
32.478668 4.821790 2920.077473 2816
37.374692 4.896024 2875.803097 2816
41.990621 4.615930 3050.306492 2816
46.577633 4.587012 3069.536572 2816
51.134493 4.556860 3089.846671 2816
55.645145 4.510652 3121.499987 2816
60.195703 4.550558 3094.126312 2816
64.687378 4.491676 3134.687536 2816
69.101058 4.413679 3190.082225 2816
73.584364 4.483306 3140.539599 2816
78.019241 4.434877 3174.834558 2816
82.237237 4.217997 3338.077620 2816
86.699852 4.462615 3155.101065 2816
91.406848 4.706997 2991.291778 2816
95.869277 4.337713 3245.950248 2816
101.042314 4.510750 3121.431822 2816
106.011729 4.480165 3142.741553 3072
111.104589 4.573025 3358.826824 3072
116.216948 4.685384 3278.279627 3072
121.077661 4.546097 3378.722576 3072
126.230847 4.699283 3268.583698 3072
131.140958 4.609394 3332.324910 3072
136.136085 4.604521 3335.852188 3072
141.011248 4.479683 3428.813675 3072
146.104238 4.572674 3359.084963 3072
151.262259 4.730695 3246.880545 3072
156.421867 4.890303 3140.909407 3072
161.478478 4.946914 3104.966271 3072
166.333492 4.801928 3198.715252 3072
171.549713 5.018149 3060.889512 3072
176.524531 4.974818 3087.549984 3072
181.469220 4.937656 3110.787987 3072
186.462955 4.931391 3114.740064 3072
191.576242 5.044678 3044.793091 3072
196.687628 5.111386 3005.055880 3072
201.596342 4.908714 3129.129074 3072
206.549763 4.953422 3100.886839 3072
211.627432 5.077668 3025.010591 3072
216.582855 4.955423 3099.634274 3072
221.348407 4.765552 3223.131556 3072
226.500679 4.969115 3091.093603 3072
231.258869 4.727305 3249.208854 3072
236.433868 4.902304 3133.220492 3072
241.463063 4.931499 3114.671801 3072
246.526819 4.995255 3074.917907 3072
251.556139 5.024575 3056.975205 3072
256.535718 4.979580 3084.597592 3072
261.563466 5.027748 3055.045871 3072
266.516388 4.952922 3101.199803 3072
271.611480 5.079916 3023.672228 3072
276.561861 4.950381 3102.791466 3072
281.668693 5.106832 3007.735312 3072
286.698639 5.029946 3053.710834 3072
291.792415 5.093776 3015.444930 3072
296.733117 4.940702 3108.869839 3072
301.641306 4.908189 3129.463765 3072
306.664115 5.022809 3058.049731 3072
311.719201 5.055086 3038.524202 3072
316.704086 4.984885 3081.314601 3072
321.598575 4.894489 3138.223275 3072
326.589899 4.991324 3077.339905 3072
331.557608 4.967709 3091.968422 3072
336.475310 4.917702 3123.409968 3072
341.414288 4.882724 3145.785194 3072
346.545959 5.014395 3063.181320 3072
351.634578 5.088619 3018.500678 3072
356.621582 4.987004 3080.005389 3072
361.640704 5.019122 3060.295909 3072
366.330349 4.689645 3275.301336 3072
371.416951 4.885387 3144.069996 3072
376.440941 4.909377 3128.706498 3072
381.432297 4.900733 3134.224849 3072
386.435782 4.904218 3131.997721 3072
391.596978 5.065414 3032.328856 3072
396.514571 4.917594 3123.478948 3072
401.313659 4.782095 3211.981100 3072
406.176331 4.644767 3306.947447 3072
411.434598 4.903034 3132.754358 3072
416.569691 5.038127 3048.751988 3072
421.497147 4.927456 3117.227483 3072
426.481518 4.949954 3103.058865 3072
431.393592 4.862028 3159.175608 3072
436.243895 4.712331 3259.533072 3072
441.357862 4.826298 3182.563226 3072
446.463062 4.931498 3114.672455 3072
451.621932 5.090368 3017.463827 3072
456.585376 4.963444 3094.625464 3072
461.599387 5.014011 3063.415425 3072
466.536674 4.937287 3111.020481 3072
471.180698 4.644025 3307.476041 3072
476.336314 4.804750 3196.836594 3072
481.382876 4.851312 3166.153815 3072
485.834182 4.302618 3569.919418 3072
491.455515 4.923951 3119.446061 3072
496.382073 4.850509 3166.677779 3072
501.415591 4.884027 3144.945976 3072
506.299539 4.767975 3221.493508 3072
511.070134 4.538570 3384.326073 3072
515.947570 4.416006 3478.256041 3072
520.858863 4.327299 3549.558572 3072
526.072378 4.540814 3382.653068 3072
531.205583 4.674019 3286.251249 3072
536.359846 4.828282 3181.255787 3072
541.151236 4.619672 3324.911228 3072
545.917594 4.386030 3502.028265 3072
551.134240 4.602676 3337.188924 3072
556.237055 4.705491 3264.271652 3072
561.274861 4.743297 3238.253996 3072
566.170866 4.639302 3310.843011 3072
570.783619 4.252054 3612.371386 3072
575.743958 4.212394 3646.382550 3072
580.714462 4.182897 3672.095722 3072
585.701302 4.169738 3683.684270 3072
590.731277 4.199713 3657.393024 3072
595.700375 4.168811 3684.504103 3072
600.719359 4.187795 3667.801128 3072
605.686467 4.154903 3696.836811 3072
610.703631 4.172067 3681.628326 3072
615.714181 4.182617 3672.342226 3072
620.685790 4.154225 3697.440133 3072
625.721107 4.189543 3666.271213 3072
630.691385 4.159821 3692.466873 3072
635.722673 4.191109 3664.901013 3072
640.714329 4.182765 3672.212480 3072
645.684518 4.152954 3698.572456 3072
650.668175 4.136611 3713.184412 3072
655.720440 4.188876 3666.854825 3072
660.685432 4.153868 3697.757962 3072
665.726811 4.195247 3661.286135 3072
670.734940 4.203376 3654.205675 3072
675.736511 4.204947 3652.840574 3072
680.810626 4.279062 3589.571659 3072
685.790404 4.258840 3606.616130 3072
690.777187 4.245623 3617.843678 3072
695.800024 4.268460 3598.487375 3072
700.796514 4.264950 3601.448772 3072
705.815912 4.284348 3585.142883 3072
710.776748 4.245184 3618.217396 3072
715.769560 4.237996 3624.354839 3072
720.796923 4.265359 3601.103454 3072
725.796074 4.264510 3601.820422 3072
730.806672 4.275108 3592.892018 3072
735.728210 4.196646 3660.065786 3072
740.784092 4.252528 3611.969210 3072
745.802027 4.270463 3596.799917 3072
750.807687 4.276123 3592.038664 3328
755.887117 4.355553 3820.410105 3328
760.866275 4.334711 3838.779311 3328
765.905200 4.373636 3804.614611 3328
770.872084 4.340520 3833.642008 3328
775.874728 4.343164 3831.308432 3328
780.876583 4.345019 3829.672148 3328
785.880906 4.349342 3825.866340 3328
790.889000 4.357436 3818.759164 3328
795.894596 4.363032 3813.861914 3328
800.868956 4.337392 3836.406949 3328
805.883554 4.351990 3823.537851 3328
810.883131 4.351567 3823.909929 3328
815.877821 4.346257 3828.581648 3328
820.872322 4.340758 3833.431500 3328
825.885495 4.353931 3821.833881 3328
830.880278 4.348714 3826.418791 3328
835.849244 4.317680 3853.921287 3328
840.873196 4.341632 3832.660572 3328
845.933107 4.401543 3780.492546 3328
850.945887 4.414323 3769.547616 3328
855.931820 4.400256 3781.598062 3328
860.948825 4.417261 3767.040546 3328
866.013520 4.481956 3712.664439 3328
871.014577 4.483013 3711.789703 3328
876.010961 4.479397 3714.786101 3328
881.152470 4.620906 3601.025732 3328
886.190256 4.658692 3571.818334 3328
