# VLDDashClient mimuroto
1.347257 0.326574 1959.740209 1792
2.547026 1.149769 3339.800806 2816
7.326713 4.779687 2945.799748 2816
12.043725 4.717012 2984.940344 2816
16.781684 4.737959 2971.743427 2816
21.573361 4.791677 2938.428552 2816
26.324746 4.751385 2963.346731 2816
31.117601 4.792855 2937.706297 2816
35.908080 4.790479 2939.163133 2816
40.587237 4.679157 3009.089203 2816
45.293014 4.705778 2992.066573 2816
49.764610 4.471596 3148.764174 2816
54.186522 4.421912 3184.143114 2816
58.719296 4.532775 3106.265211 2816
63.248256 4.528959 3108.881920 2816
67.541534 4.293279 3279.544918 2816
72.047090 4.505556 3125.030613 2816
76.339510 4.292420 3280.201065 2816
81.008395 4.611139 3053.475838 2816
86.101333 4.704076 2993.148688 2816
91.071053 4.673796 3012.540509 2816
95.634282 4.237025 3323.086458 2816
100.760968 4.363711 3226.611259 2816
105.576692 4.179435 3368.876321 3072
110.864736 4.467480 3438.180142 3072
115.984985 4.587728 3348.062493 3072
120.699992 4.302735 3569.822423 3072
125.953894 4.556638 3370.906596 3072
130.813482 4.416226 3478.083166 3072
135.683839 4.286582 3583.274569 3072
140.654690 4.257434 3607.807329 3072
145.749408 4.352151 3529.289334 3072
150.680228 4.282972 3586.294978 3072
155.815510 4.418254 3476.486737 3072
161.393424 4.996167 3074.356667 3072
166.171094 4.773837 3217.537427 3072
171.085458 4.688201 3276.310012 3072
176.334648 4.937391 3110.954777 3072
181.250418 4.853161 3164.947675 3072
186.172980 4.775724 3216.266467 3072
191.468199 5.070942 3029.022917 3072
196.661585 5.193386 2957.608187 3072
201.580941 4.919357 3122.359441 3072
206.453795 4.872853 3152.157297 3072
211.365960 4.912165 3126.930814 3072
216.498939 5.101683 3010.771352 3072
221.316183 4.817244 3188.545253 3072
226.364769 4.967512 3092.091116 3072
231.237732 4.840476 3173.241921 3072
235.933287 4.536031 3386.220535 3072
240.986067 4.588811 3347.272637 3072
246.199675 4.802419 3198.388334 3072
251.344313 4.947056 3104.876681 3072
256.394952 4.997695 3073.416793 3072
261.355048 4.957791 3098.153900 3072
266.334966 4.937709 3110.754395 3072
271.380326 4.983069 3082.437511 3072
276.486944 5.089687 3017.867028 3072
281.477476 4.990532 3077.828400 3072
286.459472 4.981996 3083.101770 3072
291.663474 5.204002 2951.574508 3072
296.689146 5.025672 3056.307758 3072
301.561105 4.871959 3152.735927 3072
306.641941 5.080836 3023.124350 3072
311.572497 4.930556 3115.267080 3072
316.489082 4.916585 3124.119716 3072
321.377801 4.888719 3141.927498 3072
326.264245 4.866988 3155.956042 3072
331.290603 4.893346 3138.956178 3072
336.389349 4.992092 3076.866241 3072
341.387677 4.990420 3077.897046 3072
346.387621 4.990364 3077.931690 3072
351.453093 5.055836 3038.073355 3072
356.483118 5.030026 3053.662180 3072
361.463225 4.980107 3084.271375 3072
366.180067 4.716842 3256.416045 3072
371.208466 4.811209 3192.544664 3072
376.260264 4.863007 3158.539333 3072
380.933339 4.536083 3386.181674 3072
386.048594 4.651337 3302.276359 3072
391.234787 4.837530 3175.173789 3072
396.395387 4.998130 3073.149440 3072
401.230238 4.832982 3178.162297 3072
405.931479 4.534222 3387.571392 3072
410.982593 4.585336 3349.808741 3072
416.441409 5.044152 3045.110397 3072
421.313098 4.871689 3152.910634 3072
426.342002 4.944745 3106.328008 3072
431.308871 4.911614 3127.281327 3072
436.017014 4.619757 3324.850312 3072
440.771352 4.374095 3511.583664 3072
446.138761 4.741504 3239.478517 3072
451.482775 5.085518 3020.341308 3072
456.402756 4.919981 3121.963151 3072
461.374817 4.972061 3089.262036 3072
466.526387 5.129130 2994.659682 3072
471.207447 4.681060 3281.307836 3072
475.766269 4.369012 3515.669094 3072
480.927450 4.530193 3390.583859 3072
485.495099 4.097842 3748.313969 3072
491.106205 4.708948 3261.875178 3072
495.969672 4.572415 3359.275093 3072
501.126364 4.729108 3247.970014 3072
506.042617 4.645360 3306.525240 3072
510.750133 4.352876 3528.701547 3072
515.498197 4.100940 3745.482725 3072
520.525437 4.128180 3720.767977 3072
525.544975 4.147718 3703.241053 3072
530.616483 4.219227 3640.477520 3072
535.780773 4.383516 3504.036609 3072
540.901216 4.503959 3410.332847 3072
545.415794 4.018537 3822.286194 3072
550.621580 4.224323 3636.085775 3072
555.725173 4.327917 3549.051717 3072
560.745431 4.348174 3532.517488 3072
565.748138 4.350881 3530.319173 3072
570.333785 3.936528 3901.915787 3072
575.300016 3.902759 3935.676830 3072
580.212476 3.815220 4025.980448 3072
585.219973 3.822716 4018.085198 3072
590.279794 3.882537 3956.176130 3072
595.285941 3.888684 3949.922204 3072
600.217868 3.820611 4020.299260 3072
605.167864 3.770607 4073.614334 3072
610.208869 3.811612 4029.791153 3072
615.170229 3.772973 4071.060489 3072
620.203642 3.806386 4035.324106 3072
625.167000 3.769743 4074.548514 3072
630.235551 3.838295 4001.777324 3072
635.195370 3.798114 4044.112882 3072
640.172908 3.775652 4068.172020 3072
645.073204 3.675947 4178.514747 3072
650.211686 3.814429 4026.815136 3072
655.171976 3.774720 4069.176310 3072
660.156484 3.759228 4085.945656 3072
665.177831 3.780574 4062.874621 3072
670.242895 3.845638 3994.135566 3072
675.218920 3.821663 4019.192747 3328
680.601024 4.203767 3958.354032 3328
685.539839 4.142582 4016.818402 3328
690.645383 4.248127 3917.020632 3328
695.520995 4.123738 4035.173463 3328
700.560802 4.163545 3996.594132 3328
705.561090 4.163833 3996.317767 3328
710.602209 4.204952 3957.238587 3328
715.522449 4.125192 4033.751614 3328
720.559409 4.162152 3997.932018 3328
725.525491 4.128235 4030.778765 3328
730.606807 4.209550 3952.916368 3328
735.489246 4.091989 4066.482259 3328
740.524377 4.127120 4031.866947 3328
745.575798 4.178541 3982.251361 3328
750.602481 4.205224 3956.982986 3328
755.503470 4.106213 4052.395359 3328
760.521369 4.124112 4034.807984 3328
765.473357 4.076100 4082.333660 3328
770.557282 4.160025 3999.976091 3328
775.603847 4.206591 3955.697558 3328
780.515748 4.118491 4040.314925 3328
785.519571 4.122314 4036.567887 3328
790.531962 4.134706 4024.470303 3328
795.589668 4.192412 3969.075809 3328
800.543632 4.146376 4013.143437 3328
805.542259 4.145002 4014.473092 3328
810.529609 4.132352 4026.762265 3328
815.511243 4.113987 4044.738475 3328
820.560833 4.163576 3996.564581 3328
825.571250 4.173993 3986.589914 3328
830.557750 4.160493 3999.525578 3328
835.553545 4.156288 4003.572170 3328
840.623759 4.226503 3937.061363 3328
845.844757 4.447501 3741.427132 3328
850.892159 4.494903 3701.971261 3328
855.845602 4.448345 3740.716724 3328
860.766227 4.368970 3808.677936 3328
865.907080 4.509823 3689.723154 3328
870.946961 4.549704 3657.380583 3328
875.949771 4.552514 3655.122902 3328
880.991581 4.594324 3621.860476 3328
885.998366 4.601109 3616.519516 3328
