# AndroidClient mimuroto
1.504863 0.435199 1470.592430 1280
3.080345 1.525482 2936.776708 2560
7.436508 4.356163 2938.365761 2816
12.242752 4.806245 2929.522100 2816
17.048331 4.805579 2929.927819 2816
21.797050 4.748719 2965.010205 2816
26.579551 4.782501 2944.066466 2816
34.649058 8.069507 1744.840278 2560
42.401522 7.752464 825.543969 2048
45.542138 3.090616 621.235332 2048
60.972866 15.430728 663.610932 1536
61.663765 0.640898 998.598075 1536
62.973817 1.310052 488.530046 1536
64.157480 1.183663 540.694317 1536
74.613206 8.590340 447.013729 1536
75.968306 1.355099 472.290052 1536
81.490293 5.467426 585.284527 1280
87.396817 5.906525 1083.547509 1280
90.966432 3.569615 717.164221 1280
94.706381 3.683515 521.241255 1280
106.734495 10.711629 597.481474 1280
108.339883 1.605388 398.657528 1280
110.721008 2.381125 537.561116 1024
119.960767 8.937901 572.841453 1024
121.215661 1.254894 510.003143 1024
129.160616 7.944955 563.879860 1024
131.573722 2.413107 530.436597 1024
136.093139 4.519417 424.833583 1024
139.472880 3.379741 568.090887 1024
144.385413 3.362547 570.995814 1024
150.389406 4.366540 586.276584 1024
157.199906 6.177039 518.047532 1024
161.500693 4.300788 446.429838 1024
172.704781 11.204088 456.976069 896
173.986500 1.281719 499.329564 896
176.783814 2.797315 457.581704 896
180.528697 3.744883 512.699641 896
185.692261 4.669395 548.250882 896
194.396787 8.373921 534.994314 896
201.672970 7.276183 439.791028 896
203.140953 1.467983 435.972460 896
206.253655 3.112703 411.218187 896
210.989411 4.735755 540.568464 896
216.346455 5.323589 480.878630 896
220.130273 3.783819 507.423913 896
227.987753 6.964887 551.337034 768
229.395872 1.408119 454.507193 768
238.039672 7.016805 456.047999 768
245.794154 7.754483 495.197453 768
247.235139 1.440985 444.140590 768
251.573351 4.338212 442.578633 768
256.888552 5.315201 481.637473 768
261.160424 4.271872 599.268958 768
269.026339 7.865915 488.182242 768
276.414188 7.387849 519.772391 768
277.631882 1.217694 525.583586 768
282.174375 4.542493 422.675349 768
286.565999 4.391624 437.195916 768
293.514988 6.948989 552.598357 768
296.480445 2.965457 431.636733 768
300.589162 4.108717 467.299205 768
309.030629 8.007763 479.534685 768
315.725489 6.694860 477.978601 768
316.885432 1.159942 551.751566 768
325.863726 8.978294 427.698179 640
327.284684 1.420959 450.400149 640
334.661025 7.376340 433.819466 640
335.822921 1.161896 550.823717 640
341.892397 5.869531 436.150704 640
346.067108 4.174711 459.912041 640
351.385523 5.318415 481.346408 640
357.660085 6.274561 509.995820 640
361.742043 4.081959 470.362429 640
364.406162 2.664119 480.459036 640
372.629261 6.606394 387.503361 640
380.190355 7.561094 423.219164 640
383.309444 3.119089 615.564328 640
387.541369 4.231925 453.694205 640
394.301240 6.759871 473.381804 640
395.555208 1.253968 510.379936 640
399.955424 3.932558 488.231821 640
404.258272 3.235406 593.433981 640
411.474836 5.451969 586.943882 640
416.311358 4.836522 529.305953 640
423.846479 7.535122 424.677955 640
426.822768 2.976288 430.065853 640
430.411574 3.588807 534.996787 640
434.813439 3.790573 506.519734 640
440.903749 4.880882 524.495320 640
446.801027 5.778161 553.809418 640
453.192302 6.391275 500.682584 640
455.990223 2.797921 457.482541 640
461.163276 5.140410 498.014773 640
466.458948 5.295672 483.413629 640
468.627942 2.168994 590.135342 640
478.061661 7.038795 454.623299 640
480.342065 2.280405 561.303923 640
482.120431 1.097565 583.109028 640
492.380281 6.357415 503.349252 640
496.228697 3.848416 498.906549 640
501.397620 5.168923 495.267627 640
503.822351 2.424731 527.893583 512
508.697901 2.675035 717.747607 512
512.754923 1.732057 1108.508543 512
517.331737 1.308871 1955.884748 512
524.513958 3.491091 733.295036 512
531.572464 5.549598 461.294685 512
535.604602 4.032138 634.898923 512
538.880316 2.857450 895.903650 512
543.343978 2.321112 1102.919692 512
550.771558 4.748692 539.095871 512
555.319120 4.296254 595.867988 512
560.558816 4.535949 564.380187 512
564.047113 3.024247 846.491764 512
566.932361 0.909495 2814.748233 512
571.197125 0.174259 14690.817915 512
576.174811 0.151945 16848.220131 512
581.173852 0.150986 16955.251821 512
586.172137 0.149271 17150.015741 512
591.171049 0.148183 17275.916404 512
596.169616 0.146750 17444.673353 512
601.173081 0.150215 17042.258364 512
606.172924 0.150058 17060.126950 512
611.172323 0.149457 17128.653358 512
616.173396 0.150529 17006.652080 512
621.170299 0.147433 17363.858754 512
626.172250 0.149384 17137.081027 512
631.171072 0.148206 17273.293642 512
636.169837 0.146970 17418.481279 512
641.175293 0.152427 16794.906418 512
646.173329 0.150463 17014.187349 512
651.178402 0.155536 16459.264925 512
656.173465 0.150599 16998.841288 640
661.209661 0.186795 17131.110094 640
666.209304 0.186438 17163.928929 640
671.213636 0.190770 16774.111254 640
676.204348 0.181482 17632.618874 640
681.214345 0.191479 16712.029962 640
686.210160 0.187294 17085.483477 640
691.203579 0.180713 17707.684857 640
696.209474 0.186607 17148.307853 640
701.212519 0.189653 16872.965027 640
706.204374 0.181508 17630.060721 640
711.209235 0.186369 17170.222183 768
716.247864 0.224998 17066.856297 768
721.247044 0.224178 17129.270978 768
726.245555 0.222689 17243.805251 768
731.246867 0.224001 17142.806121 768
736.253889 0.231022 16621.769611 768
741.248719 0.225852 17002.259587 768
746.247321 0.224455 17108.131707 896
751.281963 0.259097 17290.843827 896
756.284427 0.261561 17127.946652 896
761.284539 0.261673 17120.604723 896
766.283744 0.260878 17172.810992 896
771.281095 0.258229 17348.942216 1024
776.323973 0.301106 17003.959840 1024
781.320192 0.297326 17220.146000 1024
786.326194 0.303328 16879.408384 1024
791.320344 0.297478 17211.376091 1024
796.320518 0.297652 17201.285839 1024
801.320858 0.297992 17181.659695 1024
806.325835 0.302969 16899.418751 1024
811.327656 0.304790 16798.442205 1280
816.389596 0.366730 17451.546960 1280
821.390360 0.367494 17415.250315 1280
826.393774 0.370907 17254.983723 1280
831.391560 0.368693 17358.599738 1280
836.390159 0.367293 17424.780759 1536
841.521858 0.498992 15391.033452 1536
846.525955 0.503088 15265.704443 1536
851.532390 0.509524 15072.901404 1536
856.522951 0.500084 15357.409715 1792
861.942780 0.919914 9740.045526 1792
866.962752 0.939886 9533.070576 1792
872.030639 1.007773 8890.893846 2048
877.377865 1.354999 7557.201600 2048
882.777391 1.754525 5836.336777 2048
886.705587 0.682721 14998.811301 2304
891.681574 0.658708 17488.794342 2304
