# VLDDashClient mimuroto
1.503878 0.419844 1524.375638 1280
3.029307 1.475429 3036.405797 2560
7.383774 4.354467 2939.510293 2816
12.120455 4.736681 2972.545292 2816
16.869757 4.749302 2964.646385 2816
21.665384 4.795628 2936.007781 2816
26.334886 4.669501 3015.311249 2816
31.161861 4.826975 2916.940768 2816
35.987768 4.825907 2917.586303 2816
40.687814 4.700046 2995.715214 2816
45.291618 4.603804 3058.340482 2816
49.835733 4.544115 3098.513108 2816
54.203129 4.367396 3223.888859 2816
58.780399 4.577270 3076.069693 2816
63.339823 4.559424 3088.109082 2816
67.549285 4.209462 3344.845616 2816
72.169507 4.620222 3047.472740 2816
76.532612 4.363105 3227.059624 2816
81.066465 4.512587 3120.161474 2816
86.198928 4.645050 3031.183831 2816
91.311177 4.757298 2959.663040 2816
95.857889 4.304011 3271.367364 2816
101.086948 4.533070 3106.062785 2816
106.055948 4.502069 3127.450615 2816
111.006891 4.453013 3161.904164 2816
116.147180 4.593302 3065.333119 2816
120.958019 4.404141 3196.991447 2816
126.114002 4.560124 3087.635222 2816
131.061485 4.507607 3123.608732 2816
136.050967 4.497089 3130.914407 2816
140.901302 4.347424 3238.699759 3072
146.098581 4.544702 3379.759219 3072
151.328606 4.774728 3216.937257 3072
156.522025 4.968147 3091.696088 3072
161.554634 5.000756 3071.535577 3072
166.427477 4.872843 3152.164114 3072
171.414677 4.860799 3159.974473 3072
176.383562 4.829684 3180.332616 3072
181.444740 4.890862 3140.550605 3072
186.489420 4.935541 3112.120554 3072
191.683634 5.129755 2994.294782 3072
196.770581 5.086947 3019.492861 3072
201.754053 4.983472 3082.188550 3072
206.713799 4.959746 3096.932688 3072
211.726963 5.013164 3063.933043 3072
216.783604 5.056641 3037.589520 3072
221.514236 4.730632 3246.923518 3072
226.568040 5.014161 3063.323857 3072
231.376869 4.808830 3194.124380 3072
236.355627 4.801749 3198.834634 3072
241.507924 4.954046 3100.496162 3072
246.597109 5.043231 3045.666413 3072
251.525887 4.928778 3116.391290 3072
256.478754 4.924875 3118.860647 3072
261.683017 5.129138 2994.655043 3072
266.787453 5.104436 3009.147324 3072
271.855332 5.067879 3030.853565 3072
276.954120 5.098788 3012.480712 3072
281.935482 4.981362 3083.493866 3072
286.871620 4.936138 3111.744684 3072
291.986017 5.114397 3003.286520 3072
296.912202 4.926185 3118.031641 3072
301.721355 4.809154 3193.909068 3072
306.675893 4.954538 3100.188183 3072
311.672557 4.996664 3074.051026 3072
316.628631 4.956073 3099.227819 3072
321.667402 5.038771 3048.362088 3072
326.605422 4.938020 3110.558268 3072
331.563858 4.958436 3097.751023 3072
336.421129 4.857271 3162.269375 3072
341.459438 4.905559 3131.141333 3072
346.590273 5.036395 3049.800378 3072
351.699551 5.109278 3006.295894 3072
356.728928 5.029377 3054.056175 3072
361.701500 4.972572 3088.944541 3072
366.424986 4.723486 3251.835580 3072
371.407406 4.853527 3164.708571 3072
376.375552 4.821674 3185.615769 3072
381.441794 4.887916 3142.443510 3072
386.433010 4.879132 3148.101088 3072
391.501131 4.947253 3104.753363 3072
396.482115 4.928237 3116.733536 3072
401.379749 4.825871 3182.845257 3072
406.094728 4.540850 3382.626564 3072
411.470809 4.916931 3123.900103 3072
416.572143 5.018265 3060.818855 3072
421.419059 4.846915 3169.025815 3072
426.538972 4.985094 3081.185528 3072
431.422747 4.868868 3154.737245 3072
436.233813 4.679935 3282.096802 3072
441.385059 4.831181 3179.346786 3072
446.592278 5.038400 3048.586940 3072
451.593640 5.001362 3071.163560 3072
456.495174 4.901534 3133.712761 3072
461.612408 5.058530 3036.455438 3072
466.509137 4.896729 3136.787714 3072
471.261578 4.707700 3262.740079 3072
476.337951 4.784073 3210.653414 3072
481.407147 4.853268 3164.877534 3072
485.832972 4.279093 3589.545382 3072
491.450689 4.896811 3136.735247 3072
496.432881 4.879003 3148.184132 3072
501.561112 5.007234 3067.562130 3072
506.301875 4.740764 3239.984383 3072
511.120809 4.566931 3363.309284 3072
515.951990 4.398112 3492.407752 3072
520.860226 4.306348 3566.827346 3072
526.104233 4.550355 3375.561111 3072
531.287127 4.733249 3245.128456 3072
536.490630 4.936751 3111.357806 3072
541.181729 4.627851 3319.035247 3072
545.926275 4.372397 3512.947269 3072
551.196846 4.642968 3308.228631 3072
556.158791 4.604913 3335.568037 3072
561.264505 4.710627 3260.712728 3072
566.130793 4.576915 3355.972295 3072
570.834100 4.280222 3588.598757 3072
575.749311 4.195432 3661.124528 3072
580.731134 4.177255 3677.055635 3072
585.695259 4.141381 3708.907675 3072
590.754413 4.200534 3656.677703 3072
595.732580 4.178701 3675.783243 3072
600.723832 4.169953 3683.494480 3072
605.716596 4.162718 3689.897125 3072
610.723153 4.169275 3684.093947 3072
615.734051 4.180173 3674.489383 3072
620.711963 4.158085 3694.007988 3072
625.698936 4.145058 3705.617584 3072
630.727451 4.173573 3680.300012 3072
635.705500 4.151621 3699.759355 3072
640.700495 4.146617 3704.224582 3072
645.730688 4.176810 3677.447559 3072
650.716371 4.162493 3690.096731 3072
655.722012 4.168133 3685.102869 3072
660.722608 4.168730 3684.575259 3072
665.705158 4.151280 3700.063792 3072
670.710454 4.156576 3695.349281 3072
675.749951 4.196073 3660.565528 3072
680.815645 4.261767 3604.139076 3072
685.764781 4.210903 3647.673777 3072
690.809630 4.255752 3609.233013 3072
695.799638 4.245760 3617.726802 3072
700.769500 4.215622 3643.590807 3072
705.784460 4.230582 3630.706122 3072
710.763632 4.209754 3648.669571 3072
715.789694 4.235815 3626.220274 3072
720.806042 4.252163 3612.278882 3072
725.815419 4.261540 3604.330455 3072
730.781898 4.228020 3632.906543 3072
735.806380 4.252502 3611.991414 3072
740.782072 4.228194 3632.756627 3072
745.794258 4.240380 3622.316742 3072
750.819800 4.265922 3600.628389 3072
755.816209 4.262330 3603.662466 3072
760.784166 4.230287 3630.959078 3072
765.807165 4.253287 3611.324463 3072
770.822248 4.268369 3598.563854 3072
775.795541 4.241663 3621.221320 3072
780.759704 4.205825 3652.077529 3072
785.790515 4.236637 3625.517188 3072
790.773714 4.219835 3639.952535 3072
795.800016 4.246138 3617.404749 3072
800.851732 4.297854 3573.876452 3072
805.821740 4.267862 3598.991576 3072
810.831401 4.277523 3590.863226 3072
815.844550 4.290671 3579.859422 3072
820.827753 4.273874 3593.928674 3072
825.853989 4.300110 3572.001262 3072
830.863942 4.310063 3563.752743 3072
835.792735 4.238857 3623.618659 3072
840.793755 4.239876 3622.747127 3072
845.870897 4.317019 3558.010787 3072
850.902086 4.348208 3532.489925 3072
855.823735 4.269857 3597.310303 3072
860.866167 4.312288 3561.914001 3072
865.958238 4.404359 3487.453914 3072
870.946546 4.392668 3496.736274 3072
875.893852 4.339974 3539.191560 3072
880.999416 4.445537 3455.150378 3072
886.077274 4.523395 3395.679237 3072
