# AndroidClient mimuroto
0 1.554863
1 6.554863
2 11.554863
3 16.554863
4 21.554863
5 26.554863
6 31.554863
7 36.554863
8 42.451522
9 47.451522
10 61.022866
11 66.022866
12 71.022866
13 76.022866
14 81.022866
15 86.022866
16 91.022866
17 96.022866
18 101.022866
19 106.022866
20 111.022866
21 116.022866
22 121.022866
23 126.022866
24 131.022866
25 136.022866
26 141.022866
27 146.022866
28 151.022866
29 156.022866
30 161.022866
31 166.022866
32 171.022866
33 176.022866
34 181.022866
35 186.022866
36 191.022866
37 196.022866
38 201.022866
39 206.022866
40 211.022866
41 216.022866
42 221.022866
43 226.022866
44 231.022866
45 236.022866
46 241.022866
47 246.022866
48 251.022866
49 256.022866
50 261.022866
51 266.022866
52 271.022866
53 276.022866
54 281.022866
55 286.022866
56 291.022866
57 296.022866
58 301.022866
59 306.022866
60 311.022866
61 316.022866
62 321.022866
63 326.022866
64 331.022866
65 336.022866
66 341.022866
67 346.022866
68 351.022866
69 356.022866
70 361.022866
71 366.022866
72 371.022866
73 376.022866
74 381.022866
75 386.022866
76 391.022866
77 396.022866
78 401.022866
79 406.022866
80 411.022866
81 416.022866
82 421.022866
83 426.022866
84 431.022866
85 436.022866
86 441.022866
87 446.022866
88 451.022866
89 456.022866
90 461.022866
91 466.022866
92 471.022866
93 476.022866
94 481.022866
95 486.022866
96 491.022866
97 496.022866
98 501.022866
99 506.022866
100 511.022866
101 516.022866
102 521.022866
103 526.022866
104 531.022866
105 536.022866
106 541.022866
107 546.022866
108 551.022866
109 556.022866
110 561.022866
111 566.022866
112 571.022866
113 576.022866
114 581.022866
115 586.022866
116 591.022866
117 596.022866
118 601.022866
119 606.022866
120 611.022866
121 616.022866
122 621.022866
123 626.022866
124 631.022866
125 636.022866
126 641.022866
127 646.022866
128 651.022866
129 656.022866
130 661.022866
131 666.022866
132 671.022866
133 676.022866
134 681.022866
135 686.022866
136 691.022866
137 696.022866
138 701.022866
139 706.022866
140 711.022866
141 716.022866
142 721.022866
143 726.022866
144 731.022866
145 736.022866
146 741.022866
147 746.022866
148 751.022866
149 756.022866
150 761.022866
151 766.022866
152 771.022866
153 776.022866
154 781.022866
155 786.022866
156 791.022866
157 796.022866
158 801.022866
159 806.022866
160 811.022866
161 816.022866
162 821.022866
163 826.022866
164 831.022866
165 836.022866
166 841.022866
167 846.022866
168 851.022866
169 856.022866
170 861.022866
171 866.022866
172 871.022866
173 876.022866
174 881.022866
175 886.022866
176 891.022866
177 896.022866
178 901.022866
179 906.022866
