[ 8012 0x8bff0e0   2 435 499 ] D  3.87715400000013  2 [ 0 2 6218 1000 ]
[ 8013 0x8c2d790   2 435 499 ] D  3.87715400000013  2 [ 0 2 6219 500 ]
[ 8026 0x8c20b10   2 435 499 ] D  3.88195400000013  2 [ 0 2 6229 500 ]
[ 8039 0x8c20f90   1  63 499 ] D  3.88687619438273  5 [ 0 1 6239 1500 ]
[ 8098 0x8c13288   2 437 499 ] D  3.90595400000013  2 [ 0 2 6283 500 ]
[ 8113 0x8c25090   2 436 499 ] D  3.91075400000013  2 [ 0 2 6295 500 ]
[ 8150 0x8c255f0   2 436 499 ] D  3.92275400000013  2 [ 0 2 6323 500 ]
[ 8161 0x8c1e950   2 437 499 ] D  3.92755400000013  2 [ 0 2 6331 500 ]
[ 8182 0x8c1e950   2 437 499 ] D  3.93475400000013  2 [ 0 2 6347 500 ]
[ 8201 0x8c24d50   2 436 499 ] D  3.94195400000013  2 [ 0 2 6362 1000 ]
[ 8202 0x8c31e50   2 436 499 ] D  3.94195400000013  2 [ 0 2 6363 500 ]
[ 8221 0x8c25b10   2 437 499 ] D  3.94915400000013  2 [ 0 2 6377 500 ]
[ 8234 0x8c2a2f0   1  61 499 ] D  3.95411502689558  5 [ 0 1 6387 1500 ]
[ 8239 0x8c305d0   2 438 499 ] D  3.95635400000013  2 [ 0 2 6391 500 ]
[ 8260 0x8c27290   2 438 499 ] D  3.96355400000013  2 [ 0 2 6407 500 ]
[ 8265 0x8c2b950   2 438 499 ] D  3.96595400000013  2 [ 0 2 6411 500 ]
[ 8294 0x8c2c550   2 438 499 ] D  3.97555400000013  2 [ 0 2 6433 500 ]
[ 9083 0x8c26510   2 478 499 ] D  4.26355400000011  2 [ 0 2 7023 500 ]
[ 9090 0x8c2b590   1  21 499 ] D  4.26600715656446  5 [ 0 1 7029 1500 ]
[ 9127 0x8c25410   2 478 499 ] D  4.27795400000011  2 [ 0 2 7057 500 ]
[ 9154 0x8c33010   2 479 499 ] D  4.2875540000001  2 [ 0 2 7077 500 ]
[ 9161 0x8c28030   2 478 499 ] D  4.2899540000001  2 [ 0 2 7083 500 ]
[ 9170 0x8c28310   2 478 499 ] D  4.2947540000001  2 [ 0 2 7090 1000 ]
[ 9171 0x8c1ed50   2 478 499 ] D  4.2947540000001  2 [ 0 2 7091 500 ]
[ 20542 0x8c349d0   2 439 499 ] D  8.80915399999961  2 [ 0 2 14662 500 ]
[ 20563 0x8c35490   2 439 499 ] D  8.81635399999961  2 [ 0 2 14678 500 ]
[ 20586 0x8c29b90   1  60 499 ] D  8.82367090016033  5 [ 0 1 14696 1500 ]
[ 20603 0x8c26f90   2 440 499 ] D  8.8307539999996  2 [ 0 2 14709 500 ]
[ 20610 0x8c1f330   2 440 499 ] D  8.8331539999996  2 [ 0 2 14714 500 ]
[ 20625 0x8c2c050   1  59 499 ] D  8.8380254236721  5 [ 0 1 14726 1500 ]
[ 20636 0x8c2fb10   2 441 499 ] D  8.8427539999996  2 [ 0 2 14734 500 ]
[ 20643 0x8c20f90   1  58 499 ] D  8.84570018046078  5 [ 0 1 14740 1500 ]
[ 20648 0x8c2fb10   2 441 499 ] D  8.8475539999996  2 [ 0 2 14744 500 ]
[ 20669 0x8c204d0   2 440 499 ] D  8.8547539999996  2 [ 0 2 14760 1000 ]
[ 20670 0x8c28b10   2 440 499 ] D  8.8547539999996  2 [ 0 2 14761 500 ]
[ 20691 0x8c34e10   2 440 499 ] D  8.8619539999996  2 [ 0 2 14777 500 ]
[ 20704 0x8c2a6d0   2 440 499 ] D  8.8667539999996  2 [ 0 2 14787 500 ]
[ 20725 0x8c2af50   1  58 499 ] D  8.87443062992282  5 [ 0 1 14803 1500 ]
[ 20738 0x8c33910   2 441 499 ] D  8.8787539999996  2 [ 0 2 14813 500 ]
[ 20775 0x8c2c8d0   2 441 499 ] D  8.8907539999996  2 [ 0 2 14841 500 ]
[ 20794 0x8c31e50   2 442 499 ] D  8.8979539999996  2 [ 0 2 14855 500 ]
[ 20817 0x8c25090   1  57 499 ] D  8.90533884381191  5 [ 0 1 14873 1500 ]
[ 20838 0x8c22590   1  56 499 ] D  8.91359060174861  5 [ 0 1 14889 1500 ]
[ 20841 0x8c08a68   2 444 499 ] D  8.9147539999996  2 [ 0 2 14891 500 ]
[ 33584 0x8c2d250   2 436 499 ] D  13.8635539999991  2 [ 0 2 23505 500 ]
[ 33597 0x8c287d0   2 436 499 ] D  13.868353999999  2 [ 0 2 23515 500 ]
[ 33600 0x8c25090   2 437 499 ] D  13.870753999999  2 [ 0 2 23517 500 ]
[ 33629 0x8c273d0   1  61 499 ] D  13.8804284894999  5 [ 0 1 23539 1500 ]
[ 33636 0x8c2d410   1  61 499 ] D  13.8828095761779  5 [ 0 1 23545 1500 ]
[ 33649 0x8c25470   2 438 499 ] D  13.887553999999  2 [ 0 2 23555 500 ]
[ 33676 0x8c29090   1  59 499 ] D  13.8975488442479  5 [ 0 1 23575 1500 ]
[ 33681 0x8c34590   2 440 499 ] D  13.899553999999  2 [ 0 2 23579 500 ]
[ 33702 0x8c1e950   2 440 499 ] D  13.906753999999  2 [ 0 2 23596 500 ]
[ 33709 0x8c2de50   2 439 499 ] D  13.909153999999  2 [ 0 2 23601 500 ]
[ 33722 0x8c2b9d0   2 439 499 ] D  13.913953999999  2 [ 0 2 23611 500 ]
[ 33759 0x8c2bfd0   2 439 499 ] D  13.925953999999  2 [ 0 2 23639 500 ]
[ 33788 0x8c08428   1  59 499 ] D  13.9358483105324  5 [ 0 1 23661 1500 ]
[ 33809 0x8c32210   2 440 499 ] D  13.942753999999  2 [ 0 2 23677 500 ]
[ 33826 0x8c25dd0   1  59 499 ] D  13.9483067397279  5 [ 0 1 23690 1500 ]
[ 33839 0x8c25d50   1  58 499 ] D  13.9531291620352  5 [ 0 1 23700 1500 ]
[ 33848 0x8c33650   2 442 499 ] D  13.957153999999  2 [ 0 2 23707 500 ]
[ 33849 0x8c33650   1  57 499 ] D  13.9573149165279  5 [ 0 1 23708 1500 ]
[ 33870 0x8c31d10   2 442 499 ] D  13.964353999999  2 [ 0 2 23724 500 ]
[ 46511 0x8c20ab0   2 436 499 ] D  18.8843540000006  2 [ 0 2 32261 500 ]
[ 46548 0x8c1fb90   2 436 499 ] D  18.8963540000006  2 [ 0 2 32289 500 ]
[ 46561 0x8c201f0   2 436 499 ] D  18.9011540000006  2 [ 0 2 32299 500 ]
[ 46582 0x8c2c350   2 436 499 ] D  18.9083540000006  2 [ 0 2 32315 500 ]
[ 46603 0x8c234d0   2 436 499 ] D  18.9155540000007  2 [ 0 2 32331 500 ]
[ 46620 0x8c27d90   1  63 499 ] D  18.9212614670773  5 [ 0 1 32344 1500 ]
[ 46647 0x8c08da0   2 437 499 ] D  18.9299540000007  2 [ 0 2 32364 500 ]
[ 46686 0x8c2b510   2 436 499 ] D  18.9419540000007  2 [ 0 2 32394 500 ]
[ 46715 0x8c24fd0   2 436 499 ] D  18.9515540000007  2 [ 0 2 32416 500 ]
[ 46734 0x8bff350   2 437 499 ] D  18.9587540000007  2 [ 0 2 32430 500 ]
[ 46749 0x8c2a9d0   2 436 499 ] D  18.9635540000007  2 [ 0 2 32442 500 ]
[ 46762 0x8c1ff30   1  62 499 ] D  18.9685260368626  5 [ 0 1 32452 1500 ]
[ 46775 0x8c31a10   1  61 499 ] D  18.97386037364  5 [ 0 1 32462 1500 ]
[ 46786 0x8c28750   2 439 499 ] D  18.9779540000007  2 [ 0 2 32471 500 ]
[ 46793 0x8c22590   1  60 499 ] D  18.9803872159586  5 [ 0 1 32476 1500 ]
[ 46814 0x8c28850   2 439 499 ] D  18.9875540000007  2 [ 0 2 32492 500 ]
[ 46825 0x8c2db90   2 440 499 ] D  18.9923540000007  2 [ 0 2 32500 500 ]
[ 46850 0x8c33810   2 440 499 ] D  19.0019540000007  2 [ 0 2 32519 1000 ]
[ 46851 0x8c32b50   2 440 499 ] D  19.0019540000007  2 [ 0 2 32520 500 ]
[ 46858 0x8bff1b0   1  59 499 ] D  19.0064346608287  5 [ 0 1 32526 1500 ]
[ 46859 0x8c32b50   2 440 499 ] D  19.0067540000007  2 [ 0 2 32527 1000 ]
[ 46860 0x8c2e950   2 440 499 ] D  19.0067540000007  2 [ 0 2 32528 500 ]
[ 46871 0x8c21eb8   2 441 499 ] D  19.0115540000007  2 [ 0 2 32537 500 ]
[ 59002 0x8c2b510   2 437 499 ] D  23.7803540000037  2 [ 0 2 40692 500 ]
[ 59007 0x8c2b510   2 437 499 ] D  23.7827540000037  2 [ 0 2 40696 500 ]
[ 59026 0x8c2c110   2 438 499 ] D  23.7899540000037  2 [ 0 2 40710 500 ]
[ 59033 0x8c214b0   2 437 499 ] D  23.7923540000037  2 [ 0 2 40716 500 ]
[ 59066 0x8c218f0   2 438 499 ] D  23.8043540000037  2 [ 0 2 40741 500 ]
[ 59073 0x8c2b7f0   2 438 499 ] D  23.8067540000037  2 [ 0 2 40746 500 ]
[ 59104 0x8c2a810   1  61 499 ] D  23.8163793942327  5 [ 0 1 40770 1500 ]
[ 59117 0x8c20a50   1  60 499 ] D  23.8212014832067  5 [ 0 1 40780 1500 ]
[ 59130 0x8c10e08   2 439 499 ] D  23.8259540000037  2 [ 0 2 40790 500 ]
[ 59167 0x8c34250   1  59 499 ] D  23.8385941724361  5 [ 0 1 40818 1500 ]
[ 59172 0x8c34250   2 440 499 ] D  23.8403540000038  2 [ 0 2 40822 500 ]
[ 59185 0x8c1f530   1  58 499 ] D  23.8451692625581  5 [ 0 1 40832 1500 ]
[ 59188 0x8c25c90   2 442 499 ] D  23.8475540000038  2 [ 0 2 40834 500 ]
[ 59211 0x8c1a7a0   2 440 499 ] D  23.8547540000038  2 [ 0 2 40852 1000 ]
[ 59212 0x8c2f710   2 440 499 ] D  23.8547540000038  2 [ 0 2 40853 500 ]
[ 59233 0x8c30910   1  58 499 ] D  23.8620815317762  5 [ 0 1 40869 1500 ]
[ 59238 0x8c242d0   2 441 499 ] D  23.8643540000038  2 [ 0 2 40873 500 ]
[ 59257 0x8c1dfe0   2 442 499 ] D  23.8715540000038  2 [ 0 2 40887 500 ]
[ 59262 0x8c26490   2 442 499 ] D  23.8739540000038  2 [ 0 2 40892 500 ]
[ 59283 0x8c36550   2 442 499 ] D  23.8811540000038  2 [ 0 2 40907 500 ]
[ 59286 0x8c23850   2 442 499 ] D  23.8835540000038  2 [ 0 2 40910 500 ]
[ 59287 0x8c23850   1  57 499 ] D  23.8836830499457  5 [ 0 1 40911 1500 ]
[ 59332 0x8c218f0   2 442 499 ] D  23.8979540000038  2 [ 0 2 40945 500 ]
[ 59361 0x8c34590   1  56 499 ] D  23.9079044982598  5 [ 0 1 40967 1500 ]
[ 71856 0x8c35190   2 439 499 ] D  28.7819540000069  2 [ 0 2 49397 500 ]
[ 71863 0x8c32910   2 437 499 ] D  28.7843540000069  2 [ 0 2 49403 1000 ]
[ 71864 0x8c2bb10   2 437 499 ] D  28.7843540000069  2 [ 0 2 49404 500 ]
[ 71877 0x8c12060   2 437 499 ] D  28.7891540000069  2 [ 0 2 49414 500 ]
[ 71898 0x8c0d778   2 437 499 ] D  28.7963540000069  2 [ 0 2 49430 500 ]
[ 71931 0x8c2ee90   2 437 499 ] D  28.8083540000069  2 [ 0 2 49455 1000 ]
[ 71932 0x8c268d0   2 437 499 ] D  28.8083540000069  2 [ 0 2 49456 500 ]
[ 71985 0x8c08d40   2 437 499 ] D  28.8251540000069  2 [ 0 2 49496 500 ]
[ 72014 0x8c32f90   1  61 499 ] D  28.8348834278778  5 [ 0 1 49518 1500 ]
[ 72027 0x8b63a10   2 438 499 ] D  28.8395540000069  2 [ 0 2 49528 500 ]
[ 72070 0x8c20f90   2 439 499 ] D  28.8539540000069  2 [ 0 2 49560 500 ]
[ 72081 0x8c2b670   2 438 499 ] D  28.8587540000069  2 [ 0 2 49569 1000 ]
[ 72082 0x8c20f90   2 438 499 ] D  28.8587540000069  2 [ 0 2 49570 500 ]
[ 72109 0x8c279f0   2 439 499 ] D  28.8683540000069  2 [ 0 2 49590 500 ]
[ 72116 0x8c334d0   2 438 499 ] D  28.8707540000069  2 [ 0 2 49596 500 ]
[ 72129 0x8c31310   2 437 499 ] D  28.8755540000069  2 [ 0 2 49606 1000 ]
[ 72130 0x8c35190   2 437 499 ] D  28.8755540000069  2 [ 0 2 49607 500 ]
[ 72135 0x8c32910   2 437 499 ] D  28.8779540000069  2 [ 0 2 49611 500 ]
[ 72148 0x8c32d90   2 437 499 ] D  28.8827540000069  2 [ 0 2 49621 500 ]
[ 72153 0x8c22150   2 437 499 ] D  28.8851540000069  2 [ 0 2 49625 500 ]
[ 72190 0x8c20370   2 437 499 ] D  28.8971540000069  2 [ 0 2 49653 500 ]
[ 72219 0x8c31390   2 437 499 ] D  28.9067540000069  2 [ 0 2 49675 500 ]
[ 72262 0x8c1f430   2 438 499 ] D  28.921154000007  2 [ 0 2 49707 500 ]
[ 72747 0x8c16930   2 468 499 ] D  29.1035540000071  2 [ 0 2 50071 500 ]
[ 72762 0x8c35f90   1  31 499 ] D  29.1086372565829  5 [ 0 1 50083 1500 ]
[ 72789 0x8c237d0   2 469 499 ] D  29.1179540000071  2 [ 0 2 50103 500 ]
[ 72804 0x8c26ab0   2 468 499 ] D  29.1227540000071  2 [ 0 2 50115 500 ]
[ 72805 0x8c26ab0   1  31 499 ] D  29.1229010290462  5 [ 0 1 50116 1500 ]
[ 72818 0x8c2c3d0   1  30 499 ] D  29.1276790324903  5 [ 0 1 50126 1500 ]
[ 72831 0x8c13288   2 469 499 ] D  29.1323540000071  2 [ 0 2 50136 500 ]
[ 72844 0x8c22e10   2 469 499 ] D  29.1371540000071  2 [ 0 2 50146 500 ]
[ 72857 0x8c36890   2 469 499 ] D  29.1419540000071  2 [ 0 2 50156 500 ]
[ 72862 0x8c2ce50   2 469 499 ] D  29.1443540000071  2 [ 0 2 50160 500 ]
[ 72881 0x8c26710   1  28 499 ] D  29.1516333918304  5 [ 0 1 50174 1500 ]
[ 72892 0x8c1f330   2 471 499 ] D  29.1563540000071  2 [ 0 2 50183 500 ]
[ 72893 0x8c1f330   1  28 499 ] D  29.1567033941265  5 [ 0 1 50184 1500 ]
[ 84586 0x8c35b90   2 440 499 ] D  33.75475400001  2 [ 0 2 58015 500 ]
[ 84599 0x8c1ba28   1  58 499 ] D  33.7596494819856  5 [ 0 1 58025 1500 ]
[ 84604 0x8c20370   2 441 499 ] D  33.76195400001  2 [ 0 2 58030 500 ]
[ 84611 0x8c2c7f0   2 440 499 ] D  33.76435400001  2 [ 0 2 58035 500 ]
[ 84624 0x8c2c790   2 440 499 ] D  33.76915400001  2 [ 0 2 58045 500 ]
[ 84643 0x8c31f10   2 441 499 ] D  33.77635400001  2 [ 0 2 58059 500 ]
[ 84650 0x8c31f10   1  58 499 ] D  33.7799696656739  5 [ 0 1 58065 1500 ]
[ 84653 0x8c28f90   2 442 499 ] D  33.78115400001  2 [ 0 2 58067 500 ]
[ 84668 0x8c20b10   2 441 499 ] D  33.78595400001  2 [ 0 2 58079 500 ]
[ 84681 0x8c26390   2 441 499 ] D  33.79075400001  2 [ 0 2 58089 500 ]
[ 84718 0x8c2afb0   1  57 499 ] D  33.8034459406323  5 [ 0 1 58117 1500 ]
[ 84723 0x8c27090   2 442 499 ] D  33.80515400001  2 [ 0 2 58121 500 ]
[ 84744 0x8c1f2d0   1  56 499 ] D  33.8124383663839  5 [ 0 1 58137 1500 ]
[ 84757 0x8c2ab90   2 443 499 ] D  33.81715400001  2 [ 0 2 58147 500 ]
[ 84786 0x8c24390   2 443 499 ] D  33.82675400001  2 [ 0 2 58169 500 ]
[ 84813 0x8c317d0   2 444 499 ] D  33.83635400001  2 [ 0 2 58189 500 ]
[ 84820 0x8c201f0   2 443 499 ] D  33.83875400001  2 [ 0 2 58195 500 ]
[ 84829 0x8c32c10   2 442 499 ] D  33.8411540000101  2 [ 0 2 58202 500 ]
[ 84842 0x8c28d50   1  56 499 ] D  33.846299572635  5 [ 0 1 58212 1500 ]
[ 97315 0x8c2a810   2 440 499 ] D  38.7227540000131  2 [ 0 2 66620 500 ]
[ 97336 0x8c30550   1  58 499 ] D  38.730025851102  5 [ 0 1 66636 1500 ]
[ 97359 0x8c31490   1  57 499 ] D  38.7378340290501  5 [ 0 1 66653 1500 ]
[ 97364 0x8c20f90   2 442 499 ] D  38.7395540000131  2 [ 0 2 66657 500 ]
[ 97377 0x8c20f90   2 442 499 ] D  38.7443540000131  2 [ 0 2 66667 500 ]
[ 97392 0x8c2d410   1  57 499 ] D  38.7491552936762  5 [ 0 1 66679 1500 ]
[ 97405 0x8c24d50   1  56 499 ] D  38.7542133826503  5 [ 0 1 66689 1500 ]
[ 97438 0x8c2f450   2 443 499 ] D  38.7659540000132  2 [ 0 2 66714 1000 ]
[ 97439 0x8c2ac50   2 443 499 ] D  38.7659540000132  2 [ 0 2 66715 500 ]
[ 97492 0x8c31510   1  55 499 ] D  38.782893338802  5 [ 0 1 66755 1500 ]
[ 97511 0x8c1fb90   2 445 499 ] D  38.7899540000132  2 [ 0 2 66770 500 ]
[ 97532 0x8c33790   2 445 499 ] D  38.7971540000132  2 [ 0 2 66785 500 ]
[ 97547 0x8c33790   2 444 499 ] D  38.8019540000132  2 [ 0 2 66797 500 ]
[ 97560 0x8c1ba28   2 444 499 ] D  38.8067540000132  2 [ 0 2 66807 500 ]
[ 97581 0x8c2d790   2 444 499 ] D  38.8139540000132  2 [ 0 2 66823 500 ]
[ 110546 0x8c2dd10   2 438 499 ] D  43.8371540000163  2 [ 0 2 75598 500 ]
[ 110567 0x8c320d0   2 438 499 ] D  43.8443540000164  2 [ 0 2 75614 500 ]
[ 110600 0x8c24db0   2 438 499 ] D  43.8563540000164  2 [ 0 2 75639 1000 ]
[ 110601 0x8c2a430   2 438 499 ] D  43.8563540000164  2 [ 0 2 75640 500 ]
[ 110606 0x8c33790   2 438 499 ] D  43.8587540000164  2 [ 0 2 75644 500 ]
[ 110641 0x8c3fad0   2 439 499 ] D  43.8707540000164  2 [ 0 2 75671 500 ]
[ 110668 0x8c247d0   1  59 499 ] D  43.8805293268308  5 [ 0 1 75691 1500 ]
[ 110683 0x8c20310   2 440 499 ] D  43.8851540000164  2 [ 0 2 75702 500 ]
[ 110690 0x8c334d0   2 439 499 ] D  43.8875540000164  2 [ 0 2 75708 500 ]
[ 110697 0x8c33f10   2 439 499 ] D  43.8899540000164  2 [ 0 2 75713 500 ]
[ 110718 0x8c25810   2 439 499 ] D  43.8971540000164  2 [ 0 2 75730 500 ]
[ 110733 0x8c290f0   2 438 499 ] D  43.9019540000164  2 [ 0 2 75741 500 ]
[ 110770 0x8c2b7f0   2 438 499 ] D  43.9139540000164  2 [ 0 2 75769 500 ]
[ 110791 0x8c2ee90   2 438 499 ] D  43.9211540000164  2 [ 0 2 75785 500 ]
[ 110804 0x8c218f0   1  60 499 ] D  43.9259613043974  5 [ 0 1 75795 1500 ]
[ 110823 0x8c27ad0   2 440 499 ] D  43.9331540000164  2 [ 0 2 75810 500 ]
[ 110844 0x8c1eb30   2 440 499 ] D  43.9403540000164  2 [ 0 2 75825 500 ]
[ 110859 0x8c35ad0   2 439 499 ] D  43.9451540000164  2 [ 0 2 75837 500 ]
[ 110872 0x8c29450   2 439 499 ] D  43.9499540000164  2 [ 0 2 75847 500 ]
[ 110917 0x8c33290   2 439 499 ] D  43.9643540000164  2 [ 0 2 75881 500 ]
[ 111544 0x8c2a590   2 479 499 ] D  44.2019540000166  2 [ 0 2 76351 500 ]
[ 111557 0x8c29710   1  19 499 ] D  44.2067987188341  5 [ 0 1 76361 1500 ]
[ 111568 0x8c31f90   2 481 499 ] D  44.2115540000166  2 [ 0 2 76369 500 ]
[ 111583 0x8c2b850   2 480 499 ] D  44.2163540000166  2 [ 0 2 76381 500 ]
[ 111614 0x8c20830   1  18 499 ] D  44.2277162480863  5 [ 0 1 76404 1500 ]
[ 111615 0x8c335d0   2 481 499 ] D  44.2283540000166  2 [ 0 2 76405 1000 ]
[ 111616 0x8c2db90   2 481 499 ] D  44.2283540000166  2 [ 0 2 76406 500 ]
[ 111631 0x8c26ab0   2 480 499 ] D  44.2331540000166  2 [ 0 2 76418 500 ]
[ 111802 0x8c25090   2 492 499 ] D  44.3003540000166  2 [ 0 2 76546 500 ]
[ 111841 0x8c2b3f0   1   6 499 ] D  44.3135491764623  5 [ 0 1 76575 1500 ]
[ 111852 0x8c36490   2 492 499 ] D  44.3171540000167  2 [ 0 2 76584 1000 ]
[ 111853 0x8c2c5d0   2 492 499 ] D  44.3171540000167  2 [ 0 2 76585 500 ]
[ 111874 0x8c31310   2 492 499 ] D  44.3243540000167  2 [ 0 2 76601 500 ]
[ 111947 0x8c08e48   1   5 499 ] D  44.3489322139497  5 [ 0 1 76656 1500 ]
[ 111968 0x8c30010   1   4 499 ] D  44.3558076385532  5 [ 0 1 76672 1500 ]
[ 123159 0x8c33810   2 439 499 ] D  48.7763540000195  2 [ 0 2 84125 500 ]
[ 123192 0x8c35f90   2 440 499 ] D  48.7883540000195  2 [ 0 2 84150 500 ]
[ 123209 0x8c1e8a8   1  59 499 ] D  48.7934234085224  5 [ 0 1 84163 1500 ]
[ 123214 0x8c33910   2 440 499 ] D  48.7955540000195  2 [ 0 2 84167 500 ]
[ 123255 0x8c2ced0   2 440 499 ] D  48.8099540000195  2 [ 0 2 84198 1000 ]
[ 123256 0x8c26ab0   2 440 499 ] D  48.8099540000195  2 [ 0 2 84199 500 ]
[ 123273 0x8c25590   2 441 499 ] D  48.8171540000195  2 [ 0 2 84212 500 ]
[ 123280 0x8c2e950   2 441 499 ] D  48.8195540000195  2 [ 0 2 84217 500 ]
[ 123295 0x8c32290   2 440 499 ] D  48.8243540000195  2 [ 0 2 84229 500 ]
[ 123316 0x8c25c90   1  58 499 ] D  48.8318974635826  5 [ 0 1 84245 1500 ]
[ 123335 0x8c334d0   1  56 499 ] D  48.839056973716  5 [ 0 1 84259 1500 ]
[ 123342 0x8c2c110   2 442 499 ] D  48.8411540000195  2 [ 0 2 84265 500 ]
[ 123357 0x8c32210   2 442 499 ] D  48.8459540000195  2 [ 0 2 84276 500 ]
[ 123364 0x8c274d0   1  57 499 ] D  48.8483664849975  5 [ 0 1 84282 1500 ]
[ 123375 0x8c1f770   2 443 499 ] D  48.8531540000195  2 [ 0 2 84290 500 ]
[ 123388 0x8c21790   2 443 499 ] D  48.8579540000195  2 [ 0 2 84300 500 ]
[ 123395 0x8c29c10   2 442 499 ] D  48.8603540000195  2 [ 0 2 84306 500 ]
[ 123408 0x8c1a4d0   2 442 499 ] D  48.8651540000195  2 [ 0 2 84316 500 ]
[ 123429 0x8c218f0   2 442 499 ] D  48.8723540000195  2 [ 0 2 84332 500 ]
[ 123450 0x8c30a50   2 442 499 ] D  48.8795540000195  2 [ 0 2 84348 500 ]
[ 136053 0x8c3fad0   2 440 499 ] D  53.7971540000226  2 [ 0 2 92852 500 ]
[ 136070 0x8c2dc50   2 440 499 ] D  53.8043540000226  2 [ 0 2 92865 1000 ]
[ 136071 0x8c2b590   2 440 499 ] D  53.8043540000226  2 [ 0 2 92866 500 ]
[ 136102 0x8c23d90   2 438 499 ] D  53.8139540000226  2 [ 0 2 92890 1000 ]
[ 136103 0x8c34750   2 438 499 ] D  53.8139540000226  2 [ 0 2 92891 500 ]
[ 136132 0x8c35790   1  60 499 ] D  53.8247371316541  5 [ 0 1 92913 1500 ]
[ 136137 0x8c28910   1  59 499 ] D  53.8260857994688  5 [ 0 1 92917 1500 ]
[ 136156 0x8c21450   2 441 499 ] D  53.8331540000226  2 [ 0 2 92931 500 ]
[ 136179 0x8c26ab0   2 440 499 ] D  53.8403540000226  2 [ 0 2 92949 500 ]
[ 136214 0x8c20b10   2 441 499 ] D  53.8523540000227  2 [ 0 2 92975 500 ]
[ 136221 0x8c2dd90   2 440 499 ] D  53.8547540000227  2 [ 0 2 92981 500 ]
[ 136242 0x8c33790   1  58 499 ] D  53.8629006834691  5 [ 0 1 92997 1500 ]
[ 136253 0x8c317d0   2 442 499 ] D  53.8667540000227  2 [ 0 2 93005 500 ]
[ 136276 0x8c365d0   2 441 499 ] D  53.8739540000227  2 [ 0 2 93023 500 ]
[ 136289 0x8c26b10   2 441 499 ] D  53.8787540000227  2 [ 0 2 93033 500 ]
[ 136294 0x8c2d6d0   2 441 499 ] D  53.8811540000227  2 [ 0 2 93037 500 ]
[ 136321 0x8c30b10   2 442 499 ] D  53.8907540000227  2 [ 0 2 93057 500 ]
[ 136334 0x8c20730   2 442 499 ] D  53.8955540000227  2 [ 0 2 93067 500 ]
[ 136341 0x8c34e10   2 441 499 ] D  53.8979540000227  2 [ 0 2 93073 500 ]
[ 136364 0x8c2dfd0   1  57 499 ] D  53.9053694010018  5 [ 0 1 93090 1500 ]
[ 136377 0x8c2fe10   2 442 499 ] D  53.9099540000227  2 [ 0 2 93100 500 ]
[ 136394 0x8c2b510   2 443 499 ] D  53.9171540000227  2 [ 0 2 93113 500 ]
[ 148579 0x8c28310   2 439 499 ] D  58.7027540000257  2 [ 0 2 101309 500 ]
[ 148604 0x8c0fbe0   1  58 499 ] D  58.712907466551  5 [ 0 1 101328 1500 ]
[ 148605 0x8c362f0   1  58 499 ] D  58.7136557998843  5 [ 0 1 101329 1500 ]
[ 148608 0x8c21eb8   2 442 499 ] D  58.7147540000257  2 [ 0 2 101331 500 ]
[ 148611 0x8c21eb8   1  58 499 ] D  58.715004467699  5 [ 0 1 101334 1500 ]
[ 148630 0x8c22450   2 442 499 ] D  58.7219540000257  2 [ 0 2 101348 500 ]
[ 148637 0x8c23270   2 441 499 ] D  58.7243540000257  2 [ 0 2 101354 500 ]
[ 148676 0x8c29150   2 442 499 ] D  58.7387540000257  2 [ 0 2 101383 1000 ]
[ 148677 0x8c300d0   2 442 499 ] D  58.7387540000257  2 [ 0 2 101384 500 ]
[ 148684 0x8c22530   2 441 499 ] D  58.7411540000257  2 [ 0 2 101390 500 ]
[ 148721 0x8c22350   2 441 499 ] D  58.7531540000257  2 [ 0 2 101418 500 ]
[ 148734 0x8c31310   1  57 499 ] D  58.7582057751548  5 [ 0 1 101428 1500 ]
[ 148747 0x8c26570   2 442 499 ] D  58.7627540000258  2 [ 0 2 101438 500 ]
[ 148768 0x8c1fed0   2 442 499 ] D  58.7699540000258  2 [ 0 2 101454 500 ]
[ 148787 0x8c08e48   2 443 499 ] D  58.7771540000258  2 [ 0 2 101468 500 ]
[ 148794 0x8c294d0   1  56 499 ] D  58.7797961333471  5 [ 0 1 101474 1500 ]
[ 148805 0x8c08e48   2 444 499 ] D  58.7843540000258  2 [ 0 2 101483 500 ]
[ 148820 0x8c35650   2 443 499 ] D  58.7891540000258  2 [ 0 2 101494 500 ]
[ 148839 0x8c30d90   2 444 499 ] D  58.7963540000258  2 [ 0 2 101508 500 ]
[ 161564 0x8c2db90   2 439 499 ] D  63.7475540000289  2 [ 0 2 110105 500 ]
[ 161593 0x8c2c5d0   1  59 499 ] D  63.7574467667661  5 [ 0 1 110127 1500 ]
[ 161614 0x8c289d0   2 440 499 ] D  63.7643540000289  2 [ 0 2 110143 500 ]
[ 161641 0x8c2e090   2 441 499 ] D  63.7739540000289  2 [ 0 2 110163 500 ]
[ 161652 0x8c2dd90   2 440 499 ] D  63.7787540000289  2 [ 0 2 110172 1000 ]
[ 161653 0x8c28b10   2 440 499 ] D  63.7787540000289  2 [ 0 2 110173 500 ]
[ 161680 0x8c22cb0   2 441 499 ] D  63.7883540000289  2 [ 0 2 110194 500 ]
[ 161711 0x8c2add0   2 440 499 ] D  63.7979540000289  2 [ 0 2 110217 500 ]
[ 161734 0x8c298d0   2 441 499 ] D  63.8075540000289  2 [ 0 2 110234 1000 ]
[ 161735 0x8bff298   2 441 499 ] D  63.8075540000289  2 [ 0 2 110235 500 ]
[ 161748 0x8c1fb90   2 441 499 ] D  63.8123540000289  2 [ 0 2 110246 500 ]
[ 161763 0x8c35f90   2 440 499 ] D  63.8171540000289  2 [ 0 2 110257 500 ]
[ 161778 0x8c29e50   2 440 499 ] D  63.8219540000289  2 [ 0 2 110268 500 ]
[ 161785 0x8c20f10   1  59 499 ] D  63.824367930317  5 [ 0 1 110274 1500 ]
[ 161806 0x8c30910   2 440 499 ] D  63.8315540000289  2 [ 0 2 110290 500 ]
[ 161827 0x8c2b850   2 440 499 ] D  63.8387540000289  2 [ 0 2 110306 500 ]
[ 161832 0x8c21950   2 440 499 ] D  63.841154000029  2 [ 0 2 110310 500 ]
[ 161833 0x8c25650   2 440 499 ] D  63.843554000029  2 [ 0 2 110311 1000 ]
[ 161834 0x8c2b850   2 440 499 ] D  63.843554000029  2 [ 0 2 110312 500 ]
[ 162515 0x8c35250   1  19 499 ] D  64.0958159102163  5 [ 0 1 110823 1500 ]
[ 162534 0x8c20f90   2 481 499 ] D  64.1027540000288  2 [ 0 2 110837 500 ]
[ 162541 0x8c23450   2 480 499 ] D  64.1051540000288  2 [ 0 2 110843 500 ]
[ 162576 0x8c13288   1  17 499 ] D  64.1171625261465  5 [ 0 1 110869 1500 ]
[ 162583 0x8c33310   2 480 499 ] D  64.1195540000288  2 [ 0 2 110875 1000 ]
[ 162584 0x8c2b9d0   2 480 499 ] D  64.1195540000288  2 [ 0 2 110876 500 ]
[ 162821 0x8c1ecd0   1   8 499 ] D  64.2037424591151  5 [ 0 1 111054 1500 ]
[ 162954 0x8c20c50   1   5 499 ] D  64.2468994378299  5 [ 0 1 111154 1500 ]
[ 162955 0x8c32910   1   5 499 ] D  64.2468994378299  5 [ 0 1 111155 1500 ]
[ 162966 0x8c29010   2 495 499 ] D  64.2515540000285  2 [ 0 2 111163 500 ]
[ 162973 0x8c2b390   2 494 499 ] D  64.2539540000285  2 [ 0 2 111169 500 ]
[ 174388 0x8c36910   2 441 499 ] D  68.749154000018  2 [ 0 2 118787 1000 ]
[ 174389 0x8c2ff90   2 441 499 ] D  68.749154000018  2 [ 0 2 118788 500 ]
[ 174396 0x8c283d0   2 440 499 ] D  68.751554000018  2 [ 0 2 118794 500 ]
[ 174419 0x8c1ec50   2 440 499 ] D  68.758754000018  2 [ 0 2 118811 500 ]
[ 174450 0x8c29550   2 439 499 ] D  68.7683540000179  2 [ 0 2 118835 500 ]
[ 174477 0x8c2d790   2 440 499 ] D  68.7779540000179  2 [ 0 2 118856 500 ]
[ 174484 0x8c21810   2 439 499 ] D  68.7803540000179  2 [ 0 2 118861 500 ]
[ 174497 0x8c2a290   2 439 499 ] D  68.7851540000179  2 [ 0 2 118871 500 ]
[ 174518 0x8c34650   2 439 499 ] D  68.7923540000179  2 [ 0 2 118887 500 ]
[ 174523 0x8c223d0   2 439 499 ] D  68.7947540000179  2 [ 0 2 118891 500 ]
[ 174544 0x8c30a50   2 439 499 ] D  68.8019540000179  2 [ 0 2 118907 500 ]
[ 174565 0x8c1a230   2 439 499 ] D  68.8091540000178  2 [ 0 2 118923 500 ]
[ 174586 0x8c1fb90   2 439 499 ] D  68.8163540000178  2 [ 0 2 118939 500 ]
[ 174607 0x8c2d550   1  59 499 ] D  68.8238019368205  5 [ 0 1 118955 1500 ]
[ 174616 0x8c2a750   2 440 499 ] D  68.8283540000178  2 [ 0 2 118962 1000 ]
[ 174617 0x8c2d550   2 440 499 ] D  68.8283540000178  2 [ 0 2 118963 500 ]
[ 174630 0x8c20910   2 440 499 ] D  68.8331540000178  2 [ 0 2 118973 500 ]
[ 174683 0x8c30910   2 439 499 ] D  68.8499540000177  2 [ 0 2 119013 1000 ]
[ 174684 0x8c2add0   2 439 499 ] D  68.8499540000177  2 [ 0 2 119014 500 ]
[ 174709 0x8c21c50   2 440 499 ] D  68.8595540000177  2 [ 0 2 119033 500 ]
[ 174722 0x8c214b0   2 440 499 ] D  68.8643540000177  2 [ 0 2 119043 500 ]
[ 174723 0x8c214b0   1  59 499 ] D  68.8651463187239  5 [ 0 1 119044 1500 ]
[ 174728 0x8c24758   1  58 499 ] D  68.8670749865386  5 [ 0 1 119048 1500 ]
[ 174747 0x8c1fa90   2 442 499 ] D  68.8739540000177  2 [ 0 2 119062 500 ]
[ 174754 0x8c26c90   2 441 499 ] D  68.8763540000177  2 [ 0 2 119068 500 ]
[ 174773 0x8c27990   2 442 499 ] D  68.8835540000177  2 [ 0 2 119082 500 ]
[ 174794 0x8c33010   2 442 499 ] D  68.8907540000177  2 [ 0 2 119098 500 ]
[ 174809 0x8c23270   2 441 499 ] D  68.8955540000176  2 [ 0 2 119110 500 ]
[ 174830 0x8c33010   1  57 499 ] D  68.9029044505278  5 [ 0 1 119126 1500 ]
[ 174835 0x8c2b390   2 442 499 ] D  68.9051540000176  2 [ 0 2 119130 500 ]
[ 174840 0x8c2b390   2 442 499 ] D  68.9075540000176  2 [ 0 2 119134 500 ]
[ 174851 0x8c220d0   2 443 499 ] D  68.9123540000176  2 [ 0 2 119142 500 ]
[ 187132 0x8c2b610   2 440 499 ] D  73.7243540000064  2 [ 0 2 127413 500 ]
[ 187145 0x8c33010   1  58 499 ] D  73.7294149278575  5 [ 0 1 127423 1500 ]
[ 187150 0x8c23f90   2 441 499 ] D  73.7315540000064  2 [ 0 2 127427 500 ]
[ 187167 0x8c2d490   1  58 499 ] D  73.7369303524611  5 [ 0 1 127440 1500 ]
[ 187186 0x8c2b9d0   2 442 499 ] D  73.7435540000063  2 [ 0 2 127454 500 ]
[ 187193 0x8c21070   2 441 499 ] D  73.7459540000063  2 [ 0 2 127460 500 ]
[ 187206 0x8c289d0   2 441 499 ] D  73.7507540000063  2 [ 0 2 127470 500 ]
[ 187219 0x8c35650   2 441 499 ] D  73.7555540000063  2 [ 0 2 127480 500 ]
[ 187272 0x8c2fb10   1  57 499 ] D  73.7726558175983  5 [ 0 1 127520 1500 ]
[ 187285 0x8c25590   2 442 499 ] D  73.7771540000063  2 [ 0 2 127530 500 ]
[ 187298 0x8c22150   2 442 499 ] D  73.7819540000063  2 [ 0 2 127540 500 ]
[ 187343 0x8c2fcf0   2 442 499 ] D  73.7963540000062  2 [ 0 2 127574 500 ]
[ 187370 0x8c08d40   2 443 499 ] D  73.8059540000062  2 [ 0 2 127594 500 ]
[ 187383 0x8c239b0   2 443 499 ] D  73.8107540000062  2 [ 0 2 127604 500 ]
[ 199880 0x8c21210   1  58 499 ] D  78.6997015142536  5 [ 0 1 136027 1500 ]
[ 199885 0x8c2cd90   2 441 499 ] D  78.7019539999948  2 [ 0 2 136031 500 ]
[ 199914 0x8c21950   1  57 499 ] D  78.711635523438  5 [ 0 1 136053 1500 ]
[ 199935 0x8c26570   1  56 499 ] D  78.7187669480415  5 [ 0 1 136069 1500 ]
[ 199940 0x8c345f0   2 443 499 ] D  78.7211539999947  2 [ 0 2 136073 500 ]
[ 199961 0x8c26570   2 443 499 ] D  78.7283539999947  2 [ 0 2 136089 500 ]
[ 199966 0x8c0b388   1  55 499 ] D  78.7308482894113  5 [ 0 1 136093 1500 ]
[ 199987 0x8c30d90   2 444 499 ] D  78.7379539999947  2 [ 0 2 136109 500 ]
[ 200008 0x8c30d90   1  54 499 ] D  78.7452351386183  5 [ 0 1 136125 1500 ]
[ 200009 0x8c26c90   1  54 499 ] D  78.7452351386183  5 [ 0 1 136126 1500 ]
[ 200036 0x8c25cf0   2 446 499 ] D  78.7547539999947  2 [ 0 2 136146 500 ]
[ 200049 0x8c2b450   2 446 499 ] D  78.7595539999947  2 [ 0 2 136156 500 ]
[ 200070 0x8c35790   2 446 499 ] D  78.7667539999946  2 [ 0 2 136172 500 ]
[ 200077 0x8c35850   2 445 499 ] D  78.7691539999946  2 [ 0 2 136178 500 ]
[ 200122 0x8c2e110   1  53 499 ] D  78.783626853855  5 [ 0 1 136212 1500 ]
[ 200127 0x8c20890   1  52 499 ] D  78.786407855003  5 [ 0 1 136216 1500 ]
[ 212978 0x8c36010   2 439 499 ] D  83.770753999983  2 [ 0 2 144907 500 ]
[ 212991 0x8c35dd0   1  59 499 ] D  83.7757321460252  5 [ 0 1 144917 1500 ]
[ 213004 0x8c20190   1  58 499 ] D  83.7813664828027  5 [ 0 1 144927 1500 ]
[ 213009 0x8c1f9d8   2 441 499 ] D  83.7827539999829  2 [ 0 2 144931 500 ]
[ 213030 0x8c2be10   1  57 499 ] D  83.7902067462808  5 [ 0 1 144947 1500 ]
[ 213043 0x8c41f50   2 442 499 ] D  83.7947539999829  2 [ 0 2 144957 500 ]
[ 213106 0x8c2d810   1  56 499 ] D  83.8140441957434  5 [ 0 1 145004 1500 ]
[ 213113 0x8c2f3d0   2 442 499 ] D  83.8163539999829  2 [ 0 2 145010 500 ]
[ 213126 0x8c0d778   2 442 499 ] D  83.8211539999829  2 [ 0 2 145020 500 ]
[ 213179 0x8c35190   1  56 499 ] D  83.8383888139698  5 [ 0 1 145060 1500 ]
[ 213184 0x8c2a7b0   2 443 499 ] D  83.8403539999828  2 [ 0 2 145064 500 ]
[ 213205 0x8c32b50   2 443 499 ] D  83.8475539999828  2 [ 0 2 145080 500 ]
[ 213210 0x8c32f90   2 443 499 ] D  83.8499539999828  2 [ 0 2 145084 500 ]
[ 213223 0x8c28e50   2 443 499 ] D  83.8547539999828  2 [ 0 2 145094 500 ]
[ 226112 0x8c2a4f0   2 438 499 ] D  88.8563539999711  2 [ 0 2 153812 500 ]
[ 226141 0x8c334d0   1  60 499 ] D  88.8662695677594  5 [ 0 1 153834 1500 ]
[ 226158 0x8c08e48   2 439 499 ] D  88.8731539999711  2 [ 0 2 153847 1000 ]
[ 226159 0x8c32450   2 439 499 ] D  88.8731539999711  2 [ 0 2 153848 500 ]
[ 226186 0x8c24db0   2 440 499 ] D  88.8827539999711  2 [ 0 2 153868 500 ]
[ 226193 0x8c2a670   2 438 499 ] D  88.8851539999711  2 [ 0 2 153874 1000 ]
[ 226194 0x8c334d0   2 438 499 ] D  88.8851539999711  2 [ 0 2 153875 500 ]
[ 226237 0x8c20bd0   2 439 499 ] D  88.899553999971  2 [ 0 2 153907 500 ]
[ 226274 0x8c2cf50   2 439 499 ] D  88.911553999971  2 [ 0 2 153935 500 ]
[ 226297 0x8c29010   2 438 499 ] D  88.918753999971  2 [ 0 2 153953 500 ]
[ 226322 0x8c309d0   2 438 499 ] D  88.928353999971  2 [ 0 2 153972 1000 ]
[ 226323 0x8c1a4d0   2 438 499 ] D  88.928353999971  2 [ 0 2 153973 500 ]
[ 226334 0x8c309d0   2 439 499 ] D  88.9331539999709  2 [ 0 2 153981 500 ]
[ 226363 0x8c2d550   2 439 499 ] D  88.9427539999709  2 [ 0 2 154003 500 ]
[ 226370 0x8c2dcb0   2 438 499 ] D  88.9451539999709  2 [ 0 2 154009 500 ]
[ 226395 0x8c2b6d0   2 438 499 ] D  88.9547539999709  2 [ 0 2 154028 1000 ]
[ 226396 0x8c27cd0   2 438 499 ] D  88.9547539999709  2 [ 0 2 154029 500 ]
[ 227055 0x8c2c550   1  33 499 ] D  89.1875908318861  5 [ 0 1 154522 1500 ]
[ 227068 0x8c24c50   2 466 499 ] D  89.1923539999703  2 [ 0 2 154532 500 ]
[ 227087 0x8c0e9b8   2 467 499 ] D  89.1995539999703  2 [ 0 2 154546 500 ]
[ 227094 0x8c31990   2 466 499 ] D  89.2019539999703  2 [ 0 2 154552 500 ]
[ 227113 0x8c32d10   2 467 499 ] D  89.2091539999703  2 [ 0 2 154566 500 ]
[ 227142 0x8c25890   2 467 499 ] D  89.2187539999703  2 [ 0 2 154588 500 ]
[ 227145 0x8c300d0   2 466 499 ] D  89.2211539999703  2 [ 0 2 154591 1000 ]
[ 227146 0x8c1e950   2 466 499 ] D  89.2211539999703  2 [ 0 2 154592 500 ]
[ 227167 0x8c2b7f0   2 466 499 ] D  89.2283539999703  2 [ 0 2 154608 500 ]
[ 227188 0x8c24e90   2 465 499 ] D  89.2355539999702  2 [ 0 2 154624 1000 ]
[ 227189 0x8c2b7f0   2 465 499 ] D  89.2355539999702  2 [ 0 2 154625 500 ]
[ 227194 0x8c29550   2 465 499 ] D  89.2379539999702  2 [ 0 2 154629 500 ]
[ 227499 0x8c30d10   2 480 499 ] D  89.34835399997  2 [ 0 2 154858 500 ]
[ 227504 0x8c26710   2 480 499 ] D  89.35075399997  2 [ 0 2 154862 500 ]
[ 227525 0x8c25470   2 480 499 ] D  89.35795399997  2 [ 0 2 154878 500 ]
[ 238614 0x8c2a970   2 437 499 ] D  93.7619539999597  2 [ 0 2 162256 500 ]
[ 238643 0x8c24110   2 437 499 ] D  93.7715539999597  2 [ 0 2 162278 500 ]
[ 238670 0x8c25810   2 438 499 ] D  93.7811539999596  2 [ 0 2 162299 500 ]
[ 238701 0x8c2dfd0   2 437 499 ] D  93.7907539999596  2 [ 0 2 162322 500 ]
[ 238718 0x8c30c50   2 438 499 ] D  93.7979539999596  2 [ 0 2 162335 500 ]
[ 238719 0x8c30c50   1  61 499 ] D  93.7979769570037  5 [ 0 1 162336 1500 ]
[ 238740 0x8c2c4d0   2 438 499 ] D  93.8051539999596  2 [ 0 2 162352 500 ]
[ 238751 0x8c2c4d0   2 439 499 ] D  93.8099539999596  2 [ 0 2 162360 500 ]
[ 238754 0x8c23950   2 438 499 ] D  93.8123539999596  2 [ 0 2 162363 1000 ]
[ 238755 0x8c26a50   2 438 499 ] D  93.8123539999596  2 [ 0 2 162364 500 ]
[ 238792 0x8c239b0   2 438 499 ] D  93.8243539999595  2 [ 0 2 162392 500 ]
[ 238811 0x8c25890   2 439 499 ] D  93.8315539999595  2 [ 0 2 162406 500 ]
[ 238828 0x8c2b670   1  60 499 ] D  93.8364630899556  5 [ 0 1 162419 1500 ]
[ 238831 0x8c25b10   2 439 499 ] D  93.8387539999595  2 [ 0 2 162422 500 ]
[ 238832 0x8c25b10   1  60 499 ] D  93.8387557566223  5 [ 0 1 162423 1500 ]
[ 238861 0x8c24cd0   1  59 499 ] D  93.8485011067784  5 [ 0 1 162445 1500 ]
[ 238880 0x8c2f950   2 441 499 ] D  93.8555539999595  2 [ 0 2 162459 500 ]
[ 238895 0x8c21010   1  58 499 ] D  93.8603751247491  5 [ 0 1 162471 1500 ]
[ 238908 0x8c27910   2 441 499 ] D  93.8651539999594  2 [ 0 2 162481 500 ]
[ 238921 0x8c20890   2 441 499 ] D  93.8699539999594  2 [ 0 2 162491 500 ]
[ 238942 0x8c346d0   1  57 499 ] D  93.8774633084375  5 [ 0 1 162507 1500 ]
[ 238955 0x8c2fc90   2 442 499 ] D  93.8819539999594  2 [ 0 2 162517 500 ]
[ 238982 0x8c2f450   2 443 499 ] D  93.8915539999594  2 [ 0 2 162537 500 ]
[ 251443 0x8c21710   1  60 499 ] D  98.7564764873114  5 [ 0 1 170942 1500 ]
[ 251456 0x8c2d790   1  59 499 ] D  98.7615345762855  5 [ 0 1 170952 1500 ]
[ 251461 0x8c2ab90   2 440 499 ] D  98.763553999948  2 [ 0 2 170956 500 ]
[ 251474 0x8c236d0   2 440 499 ] D  98.768353999948  2 [ 0 2 170966 500 ]
[ 251519 0x8c34250   2 440 499 ] D  98.782753999948  2 [ 0 2 171000 500 ]
[ 251542 0x8c1f430   2 440 499 ] D  98.789953999948  2 [ 0 2 171017 500 ]
[ 251557 0x8c30d90   1  59 499 ] D  98.7950360402747  5 [ 0 1 171029 1500 ]
[ 251570 0x8c34250   2 440 499 ] D  98.7995539999479  2 [ 0 2 171039 500 ]
[ 251637 0x8c2c850   2 441 499 ] D  98.8211539999479  2 [ 0 2 171089 500 ]
[ 251676 0x8c1a230   1  58 499 ] D  98.833197681064  5 [ 0 1 171119 1500 ]
[ 264575 0x8c27550   2 438 499 ] D  103.841953999936  2 [ 0 2 179842 500 ]
[ 264590 0x8c27550   1  61 499 ] D  103.846847061384  5 [ 0 1 179854 1500 ]
[ 264601 0x8c27a50   2 439 499 ] D  103.851553999936  2 [ 0 2 179862 500 ]
[ 264608 0x8c238d0   1  60 499 ] D  103.854053818173  5 [ 0 1 179868 1500 ]
[ 264621 0x8c2d6d0   2 439 499 ] D  103.858753999936  2 [ 0 2 179878 500 ]
[ 264634 0x8c2d910   2 438 499 ] D  103.863553999936  2 [ 0 2 179888 1000 ]
[ 264635 0x8c2a350   2 438 499 ] D  103.863553999936  2 [ 0 2 179889 500 ]
[ 264654 0x8c2db90   2 439 499 ] D  103.870753999936  2 [ 0 2 179903 500 ]
[ 264661 0x8c347b0   2 438 499 ] D  103.873153999936  2 [ 0 2 179909 500 ]
[ 264672 0x8c2b850   2 439 499 ] D  103.877953999936  2 [ 0 2 179917 500 ]
[ 264679 0x8c29dd0   2 438 499 ] D  103.880353999936  2 [ 0 2 179923 500 ]
[ 264700 0x8c23d90   1  60 499 ] D  103.888553184402  5 [ 0 1 179939 1500 ]
[ 264705 0x8c144b0   2 439 499 ] D  103.889953999936  2 [ 0 2 179943 500 ]
[ 264732 0x8c35650   2 440 499 ] D  103.899553999936  2 [ 0 2 179963 500 ]
[ 264739 0x8c236d0   2 439 499 ] D  103.901953999936  2 [ 0 2 179969 500 ]
[ 264758 0x8c2b950   2 440 499 ] D  103.909153999936  2 [ 0 2 179983 500 ]
[ 264781 0x8c28150   2 439 499 ] D  103.916353999936  2 [ 0 2 180001 500 ]
[ 264794 0x8c12060   2 439 499 ] D  103.921153999936  2 [ 0 2 180011 500 ]
[ 264807 0x8c25dd0   2 439 499 ] D  103.925953999936  2 [ 0 2 180021 500 ]
[ 264834 0x8c25b10   2 440 499 ] D  103.935553999936  2 [ 0 2 180041 500 ]
[ 264855 0x8c28310   2 440 499 ] D  103.942753999936  2 [ 0 2 180057 500 ]
[ 277158 0x8c29dd0   2 439 499 ] D  108.769153999925  2 [ 0 2 188339 500 ]
[ 277163 0x8c29dd0   1  59 499 ] D  108.771671913498  5 [ 0 1 188343 1500 ]
[ 277192 0x8c2c3d0   2 440 499 ] D  108.781153999925  2 [ 0 2 188365 500 ]
[ 277199 0x8c35250   2 439 499 ] D  108.783553999925  2 [ 0 2 188371 500 ]
[ 277214 0x8c25090   2 439 499 ] D  108.788353999925  2 [ 0 2 188382 500 ]
[ 277221 0x8c1e848   1  60 499 ] D  108.790921527132  5 [ 0 1 188388 1500 ]
[ 277234 0x8c25090   1  59 499 ] D  108.795599616106  5 [ 0 1 188398 1500 ]
[ 277269 0x8c28910   2 441 499 ] D  108.807553999925  2 [ 0 2 188424 500 ]
[ 277284 0x8c2ed90   2 440 499 ] D  108.812353999925  2 [ 0 2 188436 500 ]
[ 277305 0x8c204d0   1  58 499 ] D  108.819704072059  5 [ 0 1 188452 1500 ]
[ 277332 0x8c2ce50   1  56 499 ] D  108.830029165625  5 [ 0 1 188472 1500 ]
[ 277337 0x8c18788   2 443 499 ] D  108.831553999925  2 [ 0 2 188476 500 ]
[ 277344 0x8c31510   1  56 499 ] D  108.834074920118  5 [ 0 1 188482 1500 ]
[ 277381 0x8c362f0   1  55 499 ] D  108.846109768177  5 [ 0 1 188510 1500 ]
[ 277408 0x8c1f430   2 445 499 ] D  108.855553999925  2 [ 0 2 188530 500 ]
[ 290067 0x8c2f5d0   2 438 499 ] D  113.780353999913  2 [ 0 2 197081 500 ]
[ 290084 0x8c2afb0   2 437 499 ] D  113.785153999913  2 [ 0 2 197094 500 ]
[ 290105 0x8c2ce50   2 437 499 ] D  113.792353999913  2 [ 0 2 197110 500 ]
[ 290124 0x8c34f10   2 438 499 ] D  113.799553999913  2 [ 0 2 197125 500 ]
[ 290139 0x8b081b8   2 437 499 ] D  113.804353999913  2 [ 0 2 197136 500 ]
[ 290176 0x8c2a750   1  61 499 ] D  113.816644908601  5 [ 0 1 197164 1500 ]
[ 290189 0x8c22350   1  60 499 ] D  113.821523330908  5 [ 0 1 197174 1500 ]
[ 290202 0x8c24890   1  59 499 ] D  113.826405667686  5 [ 0 1 197184 1500 ]
[ 290215 0x8b63a10   2 440 499 ] D  113.830753999913  2 [ 0 2 197194 500 ]
[ 290234 0x8c29c10   2 441 499 ] D  113.837953999913  2 [ 0 2 197208 500 ]
[ 290247 0x8c2b110   2 441 499 ] D  113.842753999913  2 [ 0 2 197218 500 ]
[ 290268 0x8c23d90   2 441 499 ] D  113.849953999913  2 [ 0 2 197235 500 ]
[ 290279 0x8c2f650   2 440 499 ] D  113.854753999913  2 [ 0 2 197243 1000 ]
[ 290280 0x8c29e50   2 440 499 ] D  113.854753999913  2 [ 0 2 197244 500 ]
[ 290351 0x8c2a670   1  58 499 ] D  113.876631820905  5 [ 0 1 197297 1500 ]
[ 290356 0x8c2ab90   2 441 499 ] D  113.878753999913  2 [ 0 2 197301 500 ]
[ 290363 0x8c32a90   2 440 499 ] D  113.881153999913  2 [ 0 2 197307 500 ]
[ 290382 0x8c20250   2 441 499 ] D  113.888353999913  2 [ 0 2 197321 500 ]
[ 290395 0x8c1e248   2 441 499 ] D  113.893153999913  2 [ 0 2 197331 500 ]
[ 290402 0x8c20250   2 440 499 ] D  113.895553999913  2 [ 0 2 197337 500 ]
[ 290413 0x8c2a3d0   2 441 499 ] D  113.900353999913  2 [ 0 2 197345 500 ]
[ 302874 0x8c2cd90   2 438 499 ] D  118.772353999901  2 [ 0 2 205746 500 ]
[ 302887 0x8c36910   2 438 499 ] D  118.777153999901  2 [ 0 2 205756 500 ]
[ 302900 0x8c2cf50   2 438 499 ] D  118.781953999901  2 [ 0 2 205766 500 ]
[ 302923 0x8c2cf50   1  60 499 ] D  118.78940145799  5 [ 0 1 205783 1500 ]
[ 302928 0x8c34750   2 439 499 ] D  118.791553999901  2 [ 0 2 205787 500 ]
[ 302951 0x8c24cd0   2 438 499 ] D  118.798753999901  2 [ 0 2 205805 500 ]
[ 302994 0x8c2bb90   2 439 499 ] D  118.813153999901  2 [ 0 2 205837 500 ]
[ 303009 0x8c20730   2 438 499 ] D  118.817953999901  2 [ 0 2 205849 500 ]
[ 303044 0x8c33010   2 439 499 ] D  118.829953999901  2 [ 0 2 205875 500 ]
[ 303051 0x8c29710   1  60 499 ] D  118.832360005611  5 [ 0 1 205881 1500 ]
[ 303088 0x8c27550   2 439 499 ] D  118.844353999901  2 [ 0 2 205909 500 ]
[ 303093 0x8c32f90   2 439 499 ] D  118.846753999901  2 [ 0 2 205913 500 ]
[ 303120 0x8c1fb90   2 440 499 ] D  118.856353999901  2 [ 0 2 205933 500 ]
[ 303135 0x8c1f9d8   2 439 499 ] D  118.861153999901  2 [ 0 2 205945 500 ]
[ 303162 0x8c2a610   2 440 499 ] D  118.870753999901  2 [ 0 2 205965 500 ]
[ 303169 0x8c33790   1  59 499 ] D  118.873249901842  5 [ 0 1 205971 1500 ]
[ 303178 0x8c24fd0   1  59 499 ] D  118.876551323001  5 [ 0 1 205978 1500 ]
[ 315705 0x8c214b0   2 439 499 ] D  123.77155399989  2 [ 0 2 214425 500 ]
[ 315718 0x8c28e50   2 439 499 ] D  123.77635399989  2 [ 0 2 214435 500 ]
[ 315733 0x8c27090   2 438 499 ] D  123.78115399989  2 [ 0 2 214447 500 ]
[ 315796 0x8c26150   2 438 499 ] D  123.80035399989  2 [ 0 2 214495 500 ]
[ 315811 0x8c2c790   2 437 499 ] D  123.80515399989  2 [ 0 2 214506 500 ]
[ 315832 0x8c2d2d0   2 437 499 ] D  123.81235399989  2 [ 0 2 214522 500 ]
[ 315861 0x8c1a4d0   1  61 499 ] D  123.82235508969  5 [ 0 1 214544 1500 ]
[ 315882 0x8c31f90   1  60 499 ] D  123.829450599823  5 [ 0 1 214560 1500 ]
[ 315895 0x8c08da0   1  59 499 ] D  123.834048603267  5 [ 0 1 214570 1500 ]
[ 315932 0x8c1ea10   2 440 499 ] D  123.84595399989  2 [ 0 2 214598 500 ]
[ 315961 0x8c27210   2 440 499 ] D  123.85555399989  2 [ 0 2 214620 500 ]
[ 315988 0x8c36550   2 441 499 ] D  123.86515399989  2 [ 0 2 214640 500 ]
[ 315995 0x8c36550   1  58 499 ] D  123.867846981727  5 [ 0 1 214646 1500 ]
[ 316008 0x8c27d30   1  57 499 ] D  123.872668985171  5 [ 0 1 214656 1500 ]
[ 316015 0x8c1f590   2 442 499 ] D  123.87475399989  2 [ 0 2 214661 500 ]
[ 316028 0x8c347b0   2 442 499 ] D  123.879553999889  2 [ 0 2 214671 500 ]
[ 316035 0x8c27d90   2 441 499 ] D  123.881953999889  2 [ 0 2 214677 500 ]
[ 316080 0x8c30310   1  57 499 ] D  123.896441184534  5 [ 0 1 214711 1500 ]
[ 316109 0x8c2d790   1  56 499 ] D  123.90698244916  5 [ 0 1 214733 1500 ]
[ 316112 0x8c21950   2 444 499 ] D  123.908353999889  2 [ 0 2 214735 500 ]
