# VLDDashClient mimuroto
151.188988 0.176955 3616.745817 3584
156.271261 5.032273 3561.014831 3328
161.012447 4.691186 3547.077385 3328
165.743139 4.730692 3517.455778 3328
170.355647 4.612508 3607.582120 3328
175.036394 4.680747 3554.987822 3328
179.709864 4.673469 3560.524004 3328
185.013509 5.303645 3137.464951 3328
190.559637 5.546128 3000.291378 3328
196.079541 5.519904 3014.545071 3328
201.716892 5.637351 2951.741152 3072
206.957352 5.190461 2959.274957 3072
212.135571 5.128218 2995.192209 3072
217.332837 5.147266 2984.108395 3072
222.603443 5.220606 2942.187281 3072
227.825783 5.172340 2969.642359 3072
232.965201 5.089418 3018.026806 3072
238.246937 5.231737 2935.927511 3072
243.449870 5.152932 2980.826990 3072
248.569497 5.069627 3029.808453 3072
253.803120 5.183623 2963.178370 3072
258.928471 5.075350 3026.392139 3072
264.135835 5.157364 2978.265404 3072
269.453516 5.267681 2915.894195 3072
274.624297 5.120781 2999.542473 3072
279.823892 5.149595 2982.758959 3072
285.031323 5.157431 2978.226718 3072
290.247010 5.165687 2973.467132 3072
295.361869 5.064859 3032.660966 3072
300.651342 5.239474 2931.592222 3072
305.974978 5.273636 2912.601436 3072
311.251055 5.226077 2939.107174 3072
316.502243 5.201187 2953.171846 3072
321.652256 5.100013 3011.756922 3072
326.783029 5.080773 3023.162036 3072
332.010543 5.177514 2966.674540 3072
337.232367 5.171824 2969.938778 2816
342.039586 4.757219 2959.712104 2816
346.704225 4.664639 3018.454577 2816
351.447798 4.743573 2968.226703 2816
356.178594 4.730796 2976.243336 2816
360.925688 4.747094 2966.025352 2816
365.619800 4.694112 2999.502042 2816
370.316900 4.697100 2997.594208 2816
375.060433 4.743533 2968.251590 2816
379.688405 4.627972 3042.369541 2816
384.405030 4.716625 2985.185436 2816
389.070346 4.665316 3018.016568 2816
393.703895 4.633550 3038.706996 2816
398.414421 4.710526 2989.050451 2816
403.007504 4.593083 3065.479318 2816
407.736156 4.728652 2977.592644 2816
412.476150 4.739994 2970.467827 2816
417.164517 4.688367 3003.177873 2816
421.771489 4.606971 3056.238008 2816
426.475111 4.703623 2993.437498 2816
431.271018 4.795907 2935.836510 2816
435.916516 4.645498 3030.891609 2816
440.646242 4.729726 2976.916748 2816
445.351336 4.705094 2992.501383 2816
450.001855 4.650519 3027.619274 2816
454.730683 4.728828 2977.481861 2816
459.408780 4.678098 3009.770428 2816
464.183401 4.774621 2948.925330 2816
468.900084 4.716683 2985.148421 2816
473.559850 4.659766 3021.611241 2816
478.293679 4.733829 2974.336582 2816
483.006157 4.712479 2987.812034 2816
487.595091 4.588934 3068.250623 2816
492.270276 4.675185 3011.645529 2816
496.924320 4.641953 3033.205855 2816
502.048796 4.766429 2953.993678 2816
506.933341 4.650974 3027.322789 2816
512.079522 4.797155 2935.073120 2816
516.912474 4.630107 3040.966246 2816
521.934657 4.652290 3026.466387 2816
527.071503 4.789136 2939.987275 2816
531.990455 4.708088 2990.598235 2816
536.978714 4.696347 2998.074915 2816
541.920954 4.638588 3035.406785 2816
547.000168 4.717801 2984.441163 2816
551.905719 4.623352 3045.409595 2816
556.970962 4.688595 3003.031969 2816
561.926221 4.643854 3031.964297 2816
567.003348 4.720981 2982.430979 2816
572.009100 4.726733 2978.801342 2816
576.730322 4.447955 3165.499531 2816
581.917581 4.635214 3037.615658 2816
586.949533 4.667166 3016.820069 2816
591.965303 4.682936 3006.660595 2816
597.006542 4.724175 2980.414382 2816
601.948165 4.665798 3017.704814 2816
607.004509 4.722142 2981.697421 2816
611.975138 4.692771 3000.359338 2816
616.940881 4.658514 3022.423115 2816
621.992170 4.709803 2989.509543 2816
627.022028 4.739661 2970.676526 2816
631.876553 4.594186 3064.743382 2816
636.873453 4.591086 3066.812615 2816
641.930258 4.647891 3029.330860 2816
646.866200 4.583834 3071.664795 2816
651.745224 4.462857 3154.929670 2816
656.387181 4.104815 3430.118427 2816
662.021394 4.739027 2971.074049 2816
666.859818 4.577451 3075.947842 2816
671.922850 4.640483 3034.166704 2816
677.007652 4.725285 2979.714427 2816
682.072656 4.790289 2939.279579 2816
686.964244 4.681877 3007.340861 2816
691.919355 4.636988 3036.454041 2816
696.918154 4.635788 3037.240140 2816
702.016839 4.734472 2973.932419 2816
706.952003 4.669636 3015.224515 2816
712.029742 4.747375 2965.849762 2816
716.844003 4.561636 3086.611642 2816
722.039957 4.757590 2959.481837 2816
727.043534 4.761167 2957.258011 2816
731.991770 4.709403 2989.763250 2816
736.989167 4.706800 2991.416473 2816
742.030020 4.747653 2965.676051 2816
746.987492 4.705125 2992.481366 2816
751.935662 4.653295 3025.812790 2816
756.931373 4.649006 3028.604264 2816
762.013373 4.731006 2976.111071 2816
766.982106 4.699739 2995.910957 2816
771.982994 4.700627 2995.344880 2816
777.010781 4.728414 2977.742761 2816
781.981460 4.699093 2996.322717 2816
786.930395 4.648028 3029.241764 2816
791.891369 4.609002 3054.891067 2816
796.892960 4.610593 3053.836793 2816
801.740316 4.457950 3158.402722 2816
806.889891 4.607524 3055.871249 2816
811.805850 4.523483 3112.646019 2816
816.833194 4.550827 3093.942894 2816
821.874126 4.591759 3066.362964 2816
826.879194 4.596827 3062.982421 2816
831.884182 4.601815 3059.662189 2816
836.832956 4.550589 3094.104778 2816
841.929080 4.646713 3030.098831 2816
846.712443 4.430076 3178.275140 2816
851.411178 4.128811 3410.182558 2816
856.063344 3.780978 3723.904711 2816
860.548627 3.266260 4310.740780 2816
865.264878 2.982511 4720.854627 2816
869.902857 2.620490 5373.041210 2816
874.772436 2.490069 5654.461563 2816
880.021288 2.738921 5140.710236 3072
885.283050 3.000683 5118.834245 3072
890.526854 3.244487 4734.183823 3072
895.751565 3.469198 4427.536671 3072
901.104403 3.822036 4018.799977 3072
906.466170 4.183803 3671.300994 3072
911.943097 4.660730 3295.620836 3072
917.148964 4.866597 3156.209738 3072
922.321460 5.039093 3048.167861 3072
927.513053 5.191593 2958.629364 3072
932.657242 5.144189 2985.893273 3072
937.831023 5.173781 2968.815202 3072
943.036996 5.205973 2950.457285 3072
948.135094 5.098098 3012.888391 3072
953.332397 5.197304 2955.378582 3072
958.436336 5.103939 3009.440371 3072
963.583819 5.147482 2983.983064 3072
968.700264 5.116445 3002.084167 3072
973.822501 5.122237 2998.690041 3072
979.038085 5.215585 2945.019761 3072
984.095700 5.057615 3037.004833 3072
989.199475 5.103775 3009.537205 3072
994.386482 5.187007 2961.245347 3072
999.470881 5.084400 3021.005618 3072
1004.584261 5.113380 3003.884144 3072
1009.812316 5.228055 2937.995134 3072
1015.045568 5.233252 2935.077230 3072
1020.163718 5.118150 3001.084474 3072
1025.329220 5.165502 2973.573586 3072
1030.429199 5.099979 3011.777015 3072
1035.697962 5.268762 2915.295651 3072
1040.456758 4.758796 3227.707160 3072
1044.556877 4.100120 3746.232027 3072
