# VLDDashClient mimuroto
181.215449 0.205228 3118.487036 3072
186.455276 5.189826 2959.636711 2816
191.252815 4.747539 2965.747090 2816
195.927423 4.674608 3012.017302 2816
200.702163 4.774741 2948.851212 2816
205.399455 4.697292 2997.471956 2816
210.091545 4.692090 3000.794744 2816
214.792241 4.700696 2995.301390 2816
219.486602 4.694361 2999.342947 2816
224.286710 4.800107 2933.267641 2816
228.958558 4.671848 3013.796394 2816
233.672556 4.713997 2986.849308 2816
238.474848 4.802292 2931.933342 2816
243.241739 4.766892 2953.706748 2816
247.907880 4.666141 3017.482687 2816
252.572812 4.664932 3018.264964 2816
257.269587 4.696775 2997.801576 2816
262.000827 4.731239 2975.964479 2816
266.768789 4.767962 2953.043456 2816
271.448269 4.679480 3008.881193 2816
276.133729 4.685459 3005.041527 2816
280.966275 4.832546 2913.577819 2816
285.709066 4.742791 2968.716347 2816
290.440181 4.731115 2976.042448 2816
295.195360 4.755180 2960.981780 2816
299.935514 4.740153 2970.368015 2816
304.664716 4.729202 2977.246382 2816
309.370603 4.705887 2991.996762 2816
314.038015 4.667411 3016.661450 2816
318.796441 4.758426 2958.961669 2816
323.494314 4.697874 2997.100657 2816
328.289398 4.795084 2936.340826 2816
332.940455 4.651057 3027.268629 2816
337.623213 4.682758 3006.775007 2816
342.410828 4.787615 2940.921673 2816
347.098512 4.687683 3003.615888 2816
351.699198 4.600687 3060.412763 2816
356.493129 4.793931 2937.047046 2816
361.338396 4.833120 2913.231823 2816
366.239344 4.734068 2974.185955 2816
371.299574 4.794299 2936.821618 2816
376.156134 4.650858 3027.398163 2816
381.296014 4.790738 2939.004290 2816
386.072948 4.567672 3082.532885 2816
391.203473 4.698197 2996.894157 2816
396.248921 4.743645 2968.181477 2816
401.220053 4.714777 2986.355459 2816
406.294024 4.788748 2940.225615 2816
411.318308 4.813032 2925.390825 2816
416.327711 4.822435 2919.686916 2816
421.136962 4.631686 3039.929551 2816
426.235870 4.730595 2976.369868 2816
431.207654 4.702379 2994.229364 2816
436.284257 4.778982 2946.234363 2816
441.179012 4.673736 3012.579095 2816
446.294958 4.789683 2939.652052 2816
451.299216 4.793941 2937.041022 2816
456.277851 4.772575 2950.189338 2816
461.236634 4.731358 2975.889733 2816
466.248325 4.743049 2968.554330 2816
471.316998 4.811722 2926.187399 2816
476.197701 4.692426 3000.580179 2816
481.135544 4.630268 3040.860529 2816
486.195952 4.690676 3001.699489 2816
491.275320 4.770044 2951.754536 2816
496.138433 4.633157 3038.964542 2816
501.219339 4.714064 2986.807335 2816
506.170816 4.665540 3017.871490 2816
511.156198 4.650922 3027.356600 2816
516.232893 4.727618 2978.244130 2816
521.090935 4.585659 3070.442075 2816
526.260657 4.755382 2960.855816 2816
531.237485 4.732210 2975.354245 2816
536.168523 4.663248 3019.355050 2816
541.206597 4.701321 2994.902848 2816
546.188040 4.682764 3006.770896 2816
551.184546 4.679270 3009.016393 2816
556.216186 4.710910 2988.806590 2816
561.197407 4.692131 3000.768589 2816
566.174001 4.668725 3015.812731 2816
571.072455 4.567180 3082.865339 2816
576.194870 4.689594 3002.391884 2816
581.146261 4.640985 3033.838485 2816
586.180020 4.674744 3011.929434 2816
591.198353 4.693077 3000.163643 2816
596.167584 4.662308 3019.963372 2816
601.182157 4.676882 3010.552926 2816
606.213852 4.708576 2990.288057 2816
611.214820 4.709545 2989.673265 2816
616.128667 4.623391 3045.383753 2816
621.138610 4.633334 3038.848232 2816
626.175782 4.670506 3014.662497 2816
631.244833 4.739557 2970.741624 2816
636.159169 4.653893 3025.424009 2816
641.133709 4.628434 3042.065789 2816
646.170438 4.665163 3018.115612 2816
651.055127 4.549852 3094.606460 2816
655.420140 3.914864 3596.548717 2816
661.182838 4.677562 3010.114981 2816
666.271201 4.765926 2954.305414 2816
671.264879 4.759603 2958.229904 2816
676.215984 4.710708 2988.934742 2816
681.279750 4.774475 2949.015453 2816
686.237470 4.732194 2975.364079 2816
691.176830 4.671554 3013.986378 2816
696.100418 4.595143 3064.105044 2816
701.294888 4.789612 2939.695063 2816
706.182341 4.677065 3010.434958 2816
711.181035 4.675759 3011.275625 2816
716.139083 4.633807 3038.538142 2816
721.194212 4.688936 3002.813199 2816
726.394424 4.889149 2879.846866 2816
731.223068 4.717792 2984.446733 2816
736.168061 4.662786 3019.654176 2816
741.152537 4.647262 3029.741171 2816
746.152414 4.647138 3029.821613 2816
751.167792 4.662516 3019.828457 2816
756.213076 4.707800 2990.781281 2816
761.051563 4.546287 3097.032523 2816
766.223198 4.717923 2984.364363 2816
771.256546 4.751271 2963.417661 2816
776.216883 4.711608 2988.364235 2816
781.224771 4.719496 2983.369680 2816
786.282667 4.777392 2947.214816 2816
791.066381 4.561105 3086.970988 2816
796.053054 4.547779 3096.016942 2816
801.096358 4.591082 3066.814875 2816
806.001096 4.495821 3131.797582 2816
811.177112 4.671836 3013.804344 2816
816.047267 4.541992 3099.961657 2816
821.198063 4.692787 3000.349240 2816
825.996921 4.491645 3134.708784 2816
831.113717 4.608441 3055.263191 2816
836.119411 4.614135 3051.492647 2816
840.998531 4.493255 3133.585451 2816
845.980253 4.474977 3146.384900 2816
850.662850 4.157575 3386.589895 2816
855.513216 4.007941 3513.026081 2816
860.321145 3.815869 3689.853795 2816
864.971511 3.466235 4062.043797 2816
869.692304 3.187028 4417.909046 2816
874.572859 3.067583 4589.932661 2816
879.753628 3.248353 4334.504729 2816
884.823817 3.318542 4242.827755 2816
890.017897 3.512622 4008.402131 2816
895.250361 3.745085 3759.594125 2816
900.455695 3.950420 3564.178334 2816
905.582381 4.077105 3453.430731 2816
910.749095 4.243819 3317.766207 2816
916.031332 4.526056 3110.876206 2816
921.182205 4.676929 3010.522413 2816
926.255219 4.749944 2964.245559 2816
931.205358 4.700082 2995.692283 2816
936.234342 4.729066 2977.331994 2816
941.211411 4.706135 2991.839318 2816
946.279208 4.773933 2949.350232 2816
951.176052 4.670777 3014.488046 2816
956.269533 4.764258 2955.339767 2816
961.264303 4.759027 2958.587917 2816
966.256346 4.751070 2963.542805 2816
971.298396 4.793120 2937.543613 2816
976.257126 4.751850 2963.056399 2816
981.190137 4.684861 3005.425151 2816
986.269479 4.764204 2955.373270 2816
991.252750 4.747474 2965.787533 2816
996.281018 4.775742 2948.232723 2816
1001.326433 4.821157 2920.460866 2816
1006.211870 4.706594 2991.547654 2816
1011.347923 4.842647 2907.500756 2816
1016.236840 4.731565 2975.759742 2816
1021.336349 4.831073 2914.466189 2816
1026.286335 4.781059 2944.954018 2816
1031.309415 4.804139 2930.805955 2816
1036.179170 4.673895 3012.477053 2816
1040.768027 4.262752 3303.030846 2816
1045.300172 3.794897 3710.245802 2816
1049.677317 3.172041 4438.782309 2816
1053.341665 1.836389 7667.221196 2816
1057.304308 0.799032 17621.314442 3072
1062.384251 0.878975 17474.893108 3072
