# AndroidClient mimuroto
91.045063 0.040579 15771.622174 5120
95.389462 4.294399 5961.253845 5120
98.454307 3.064845 8352.786863 5120
101.532994 3.078687 8315.234303 5120
105.598592 4.065598 6296.736647 5120
108.960958 3.362366 7613.685223 5120
112.008528 3.047570 8400.134623 5120
115.754053 3.745524 6834.824100 5120
120.353631 4.258568 6011.410761 5120
126.913187 5.818124 4400.043719 5120
132.644559 5.731372 4466.643944 5120
138.389307 5.744747 4456.244827 5120
144.214283 5.824976 4394.867516 5120
150.011784 5.797501 4415.695552 5120
156.942027 6.930243 3693.954263 5120
164.187749 7.245722 3533.119237 5120
171.486617 7.298868 3507.393347 5120
178.749735 7.213118 3549.089084 4864
186.482563 7.682827 3165.501391 4864
194.719396 8.186833 2970.623668 4608
202.572945 7.803549 2952.502630 4352
209.927213 7.304268 2979.080214 4352
217.372226 7.395013 2942.523592 4352
224.806663 7.384438 2946.737554 4096
231.672182 6.815518 3004.907223 4096
238.583011 6.860830 2985.061764 4096
245.552650 6.919639 2959.692009 4096
252.533758 6.931107 2954.794804 3840
258.967538 6.383780 3007.622343 3840
265.566827 6.549290 2931.615649 3840
272.060745 6.443918 2979.553734 3840
278.508439 6.397694 3001.081514 3840
284.898577 6.340138 3028.325410 3840
291.363814 6.415237 2992.874387 3840
297.885672 6.471858 2966.690516 3840
304.258487 6.322814 3036.622513 3584
310.370883 6.062397 2955.926737 3584
316.539700 6.118817 2928.670890 3584
322.801021 6.211321 2885.054429 3584
328.826647 5.975626 2998.849068 3584
334.999333 6.122686 2926.820110 3584
341.010604 5.961271 3006.070125 3584
347.062096 6.001492 2985.924188 3584
353.247227 6.135131 2920.882816 3584
359.355386 6.058159 2957.994449 3584
365.320533 5.915147 3029.510438 3584
371.266655 5.896122 3039.285808 3584
377.232349 5.915694 3029.230402 3584
383.226020 5.943670 3014.972089 3584
389.131018 5.854998 3060.632993 3584
395.230628 6.049610 2962.174251 3328
400.831877 5.551249 2997.523537 3328
406.306191 5.424314 3067.669262 3328
411.830458 5.474267 3039.676151 3328
417.377510 5.497052 3027.077176 3328
422.916844 5.489334 3031.332969 3328
428.564642 5.597798 2972.597632 3328
434.130851 5.516209 3016.564301 3328
439.762353 5.581502 2981.276625 3328
445.328914 5.516562 3016.371469 3328
450.976229 5.597315 2972.854074 3328
456.458579 5.432350 3063.131236 3328
461.999795 5.491216 3030.294319 3328
467.617711 5.567916 2988.550774 3328
473.168848 5.501137 3024.829020 3328
478.799679 5.580831 2981.634993 3328
484.439873 5.590194 2976.640896 3328
490.039934 5.550061 2998.164996 3328
495.672942 5.583008 2980.472176 3328
501.139948 5.417005 3071.807911 3328
506.578166 5.388218 3088.219602 3328
512.009338 5.381173 3092.262822 3328
517.634636 5.575298 2984.593934 3328
523.146765 5.462129 3046.430885 3328
528.649852 5.453086 3051.483089 3328
534.160545 5.460694 3047.231994 3328
539.659928 5.449383 3053.556801 3328
545.149867 5.439939 3058.857623 3328
550.647622 5.447755 3054.469451 3328
556.180982 5.483360 3034.635791 3328
561.655792 5.424811 3067.388154 3328
567.140000 5.434208 3062.083989 3328
572.621260 5.431260 3063.745766 3328
578.216025 5.544765 3001.029148 3328
583.676444 5.410420 3075.547066 3328
589.198661 5.472216 3040.815402 3328
594.655549 5.406889 3077.555418 3328
600.333023 5.627473 2956.922129 3328
605.793463 5.410440 3075.535293 3328
611.280224 5.436761 3060.645983 3328
616.658904 5.328681 3122.724178 3328
622.143827 5.434923 3061.680796 3328
627.647241 5.453414 3051.299676 3328
633.167422 5.470181 3041.946974 3328
638.755429 5.538007 3004.691076 3328
644.297552 5.492122 3029.794057 3328
649.802636 5.455084 3050.365480 3072
654.054276 4.201641 3655.714708 3328
659.024125 4.969849 3348.190342 3328
664.578624 5.554499 2995.769804 3072
669.672242 5.093618 3015.538128 3072
674.757215 5.084972 3020.665442 3072
679.822705 5.065491 3032.282726 3072
684.883060 5.060355 3035.360295 3072
689.952903 5.019843 3059.856751 3072
695.092009 5.089106 3018.211902 3072
700.307204 5.165195 2973.750018 3072
705.400829 5.043624 3045.429072 3072
710.461313 5.010485 3065.571667 3072
715.558302 5.046989 3043.398692 3072
720.676553 5.068250 3030.631724 3072
725.742548 5.015995 3062.203880 2816
730.452435 4.659887 3021.532533 2816
735.106037 4.653602 3025.613440 2816
739.708703 4.602666 3059.096365 2816
744.336109 4.627406 3042.741452 2816
748.908163 4.572054 3079.578482 2816
753.512853 4.604690 3057.752295 2816
758.189759 4.676906 3010.537413 2816
762.784239 4.594481 3064.546483 2816
767.311078 4.526839 3110.338096 2816
772.068482 4.757404 2959.597591 2816
776.716886 4.648404 3028.996815 2816
781.353483 4.636597 3036.709760 2816
786.025941 4.672459 3013.402848 2816
790.648033 4.622092 3046.239913 2816
795.171057 4.523024 3112.961411 2816
799.655121 4.484064 3140.008977 2816
804.122269 4.467148 3151.898974 2816
808.605495 4.483226 3140.595774 2816
813.148824 4.543329 3099.048923 2816
817.686642 4.537818 3102.812826 2816
822.234871 4.548228 3095.710842 2816
826.806832 4.571962 3079.640979 2816
831.318826 4.511994 3120.571636 2816
835.869785 4.550959 3093.853592 2816
840.450755 4.580970 3073.584699 2816
845.345550 4.553003 3092.464708 2816
850.218451 4.425903 3181.271779 2816
855.010066 4.217518 3338.456568 2816
859.734631 3.942083 3571.715843 2816
864.417444 3.624896 3884.249328 2816
869.196643 3.404095 4136.195124 2816
873.972581 3.180033 4427.626891 3072
879.297454 3.504906 4382.428532 3072
884.484576 3.692028 4160.314802 3072
889.614325 3.821777 4019.072881 3072
894.748488 3.955940 3882.768250 3072
899.894125 4.101578 3744.900547 3072
905.174445 4.381898 3505.330706 3072
910.447153 4.654605 3299.957584 3072
915.537089 4.744542 3237.404491 3072
920.913868 5.121320 2999.226502 3072
926.062809 5.148941 2983.137831 3072
931.318352 5.255543 2922.628756 3072
936.365825 5.047473 3043.106963 3072
941.494196 5.128372 2995.102610 3072
946.629625 5.135428 2990.987228 3072
951.816254 5.186630 2961.460730 3072
956.969726 5.153471 2980.515212 3072
962.059545 5.089819 3017.788789 3072
967.132465 5.072920 3027.842203 3072
972.201573 5.069108 3030.118643 3072
977.311998 5.110424 3005.621214 3072
982.470205 5.158207 2977.778629 3072
987.616971 5.146766 2984.398194 3072
992.780547 5.163576 2974.682823 3072
997.956366 5.175819 2967.646067 3072
1002.996751 5.040384 3047.386662 3072
1008.039225 5.042474 3046.123488 3072
1013.262965 5.223740 2940.422116 3072
1018.398121 5.135156 2991.145601 3072
1023.591147 5.193026 2957.813119 3072
1028.681183 5.090036 3017.660442 3072
1033.871489 5.190306 2959.362979 3072
1039.038840 5.167351 2972.509550 3072
1043.235372 4.196532 3660.164797 3072
1046.617769 3.382397 4541.158785 3072
1049.852812 3.235043 4748.004781 3072
1052.624526 1.831979 8384.377831 3072
