# AndroidClient mimuroto
61.044857 0.040400 15841.566602 5120
63.914773 2.819916 9078.283703 5120
65.461077 1.546304 16555.606200 5120
67.701573 2.240496 11426.042771 5120
69.806658 2.105085 12161.029413 5120
73.945667 2.850810 8979.902524 5120
78.971567 2.876710 8899.053505 5120
83.914171 2.819314 9080.222009 5120
88.916216 2.821359 9073.641734 5120
95.425312 4.330455 5911.618919 5120
100.479630 4.384773 5838.386040 5120
105.478313 4.383456 5840.140812 5120
110.396981 4.302124 5950.549202 5120
115.396384 4.301527 5951.374609 5120
120.429788 4.334931 5905.514574 5120
126.875265 5.780409 4428.752687 5120
132.601235 5.725970 4470.858442 5120
138.347976 5.746741 4454.699085 5120
144.078840 5.730865 4467.039710 5120
149.836861 5.758021 4445.972333 5120
156.740693 6.903832 3708.085824 5120
163.861371 7.120679 3595.162881 5120
170.928245 7.066873 3622.535493 5120
178.115901 7.187657 3561.661475 5120
186.215573 8.049672 3180.253860 5120
194.674582 8.409009 3044.354023 5120
203.340345 8.615763 2971.298100 5120
211.936244 8.545899 2995.588824 4864
220.028924 8.042679 3023.867915 4864
228.308265 8.229341 2955.279102 4608
236.072938 7.714673 2986.516764 4608
243.862193 7.739256 2977.030506 4608
251.710455 7.798262 2954.504574 4352
258.968990 7.208535 3018.643777 4352
266.297653 7.278662 2989.560342 4352
273.649830 7.302177 2979.933192 4352
281.021996 7.322166 2971.798053 4352
288.326066 7.254070 2999.695524 4096
295.317755 6.941690 2950.290294 4096
302.260614 6.892859 2971.190925 4096
309.140104 6.829490 2998.759864 4096
316.090690 6.900586 2967.863879 4096
322.885672 6.744982 3036.331215 4096
329.844050 6.908377 2964.516719 4096
336.748857 6.854807 2987.684223 3840
343.297333 6.498476 2954.538882 3840
349.821616 6.474282 2965.579632 3840
356.324634 6.453019 2975.351748 3840
362.699581 6.324947 3035.598646 3840
369.170064 6.420483 2990.429316 3840
375.546597 6.326533 3034.837600 3840
381.934261 6.337664 3029.507420 3840
388.367474 6.383213 3007.889375 3840
394.781525 6.364051 3016.946455 3840
401.152882 6.321358 3037.322232 3840
407.504452 6.301569 3046.860142 3840
413.892339 6.337888 3029.400402 3584
419.916055 5.973716 2999.807785 3584
426.050963 6.084908 2944.991354 3584
431.946670 5.845707 3065.497516 3584
437.964787 5.968117 3002.622247 3584
443.982365 5.967578 3002.893321 3584
449.994704 5.962340 3005.531586 3584
456.120246 6.075542 2949.530983 3584
462.124333 5.954087 3009.697417 3584
468.084108 5.909775 3032.264309 3584
474.165017 6.030909 2971.359900 3584
480.104622 5.889605 3042.648891 3584
486.019365 5.864743 3055.547322 3584
491.965658 5.896293 3039.197489 3584
497.901294 5.885636 3044.700888 3584
503.956279 6.004985 2984.187099 3584
509.905513 5.899234 3037.682733 3584
515.843924 5.888411 3043.265925 3584
521.716145 5.822221 3077.863047 3584
527.536213 5.770068 3105.682706 3584
533.477391 5.891178 3041.836700 3584
539.408892 5.881501 3046.841087 3584
545.453656 5.994764 2989.275163 3584
551.298040 5.794384 3092.649569 3584
557.210911 5.862870 3056.523346 3584
563.065519 5.804608 3087.202235 3584
569.088160 5.972641 3000.347890 3328
574.638900 5.500740 3025.047642 3328
580.185674 5.496774 3027.230011 3328
585.703027 5.467353 3043.520100 3328
591.261799 5.508772 3020.637003 3328
596.731422 5.419623 3070.324245 3328
602.130473 5.349051 3110.832424 3328
607.621994 5.441521 3057.968263 3328
613.156418 5.484424 3034.047174 3328
618.701346 5.494928 3028.246993 3328
624.312447 5.561101 2992.213141 3328
629.847951 5.485504 3033.449698 3328
635.360960 5.463009 3045.940565 3328
640.893081 5.482121 3035.321778 3328
646.329278 5.386197 3089.378014 3328
651.540246 5.160968 3224.201607 3328
656.197160 4.606915 3611.961882 3328
661.439121 5.241961 3174.384746 3328
666.985141 5.546021 3000.349512 3328
672.493711 5.458570 3048.417462 3328
678.124340 5.580628 2981.743052 3328
683.694263 5.519923 3014.534734 3328
689.303706 5.559443 2993.105678 3328
694.839505 5.485799 3033.286659 3072
699.957992 5.068487 3030.489997 3072
705.092175 5.084183 3021.134283 3072
710.308845 5.166670 2972.901408 3072
715.405460 5.046615 3043.624293 3072
720.431503 4.976043 3086.790115 3072
725.435336 5.003833 3069.646771 3072
730.413251 4.977915 3085.628946 3072
735.469617 5.056366 3037.754849 3072
740.629828 5.110211 3005.746690 3072
745.764557 5.084729 3020.809962 3072
750.828573 5.014016 3063.412712 3072
756.021640 5.143067 2986.544551 2816
760.692861 4.621221 3046.813883 2816
765.323328 4.630467 3040.730344 2816
769.988518 4.665190 3018.098011 2816
774.628148 4.639631 3034.724319 2816
779.249762 4.621614 3046.554850 2816
783.942809 4.693047 3000.182935 2816
788.585083 4.642273 3032.996696 2816
793.023367 4.438284 3172.396960 2816
797.617476 4.594109 3064.794265 2816
802.155326 4.537850 3102.791274 2816
806.753654 4.598327 3061.982865 2816
811.358188 4.604534 3057.855291 2816
815.858923 4.500735 3128.377731 2816
820.344383 4.485460 3139.031711 2816
824.867961 4.523578 3112.580490 2816
829.413744 4.545783 3097.375919 2816
833.914483 4.500739 3128.374857 2816
838.367632 4.453149 3161.807686 2816
842.691563 4.323931 3256.296382 2816
847.097534 4.405971 3195.663378 2816
851.285431 4.187897 3362.069327 2816
855.412679 4.127249 3411.473686 2816
860.050031 3.978390 3539.119660 2816
864.696496 3.624855 3884.293190 2816
869.475568 3.403928 4136.397806 2816
874.275021 3.203381 4395.356621 3072
879.585520 3.513880 4371.236839 3072
884.687467 3.615827 4247.991294 3072
889.927454 3.855814 3983.595027 3072
895.141362 4.069721 3774.214123 3072
900.365074 4.293434 3577.556223 3072
905.531270 4.459630 3444.232095 3072
910.706730 4.635089 3313.852063 3072
915.998335 4.926695 3117.708984 3072
921.124691 5.053050 3039.748049 3072
926.097096 4.972406 3089.048132 3072
931.331970 5.234874 2934.168123 3072
936.477783 5.145813 2984.951251 3072
941.559166 5.081383 3022.799324 3072
946.751427 5.192261 2958.248685 3072
951.919711 5.168284 2971.972954 3072
957.059030 5.139319 2988.722690 3072
962.136888 5.077858 3024.897626 3072
967.253008 5.116121 3002.274776 3072
972.377931 5.124923 2997.118486 3072
977.601078 5.223147 2940.755567 3072
982.778810 5.177731 2966.550276 3072
987.942714 5.163905 2974.493370 3072
992.906139 4.963425 3094.637176 3072
998.028298 5.122158 2998.735865 3072
1003.298834 5.270536 2914.314560 3072
1008.395034 5.096200 3014.010328 3072
1013.602609 5.207575 2949.549447 3072
1018.706147 5.103538 3009.676914 3072
1023.834595 5.128448 2995.058089 3072
1028.965942 5.131347 2993.365972 3072
1034.049134 5.083191 3021.723686 3072
1039.032699 4.983566 3082.130620 3072
1043.201279 4.168580 3684.707723 3072
1046.487108 3.285829 4674.619337 3072
1049.819556 3.332448 4609.224196 3072
1053.188957 2.117317 7254.464181 3072
