# AndroidClient mimuroto
61.004457 0.128000  61.044857 0.128000 
61.094857 5.120000  63.914773 5.120000 
63.914773 5.120000  65.461077 5.120000 
65.461077 5.120000  67.701573 5.120000 
67.701573 5.120000  69.806658 5.120000 
71.094857 5.120000  73.945667 5.120000 
76.094857 5.120000  78.971567 5.120000 
81.094857 5.120000  83.914171 5.120000 
86.094857 5.120000  88.916216 5.120000 
91.094857 5.120000  95.425312 5.120000 
96.094857 5.120000  100.479630 5.120000 
101.094857 5.120000  105.478313 5.120000 
106.094857 5.120000  110.396981 5.120000 
111.094857 5.120000  115.396384 5.120000 
116.094857 5.120000  120.429788 5.120000 
121.094857 5.120000  126.875265 5.120000 
126.875265 5.120000  132.601235 5.120000 
132.601235 5.120000  138.347976 5.120000 
138.347976 5.120000  144.078840 5.120000 
144.078840 5.120000  149.836861 5.120000 
149.836861 5.120000  156.740693 5.120000 
156.740693 5.120000  163.861371 5.120000 
163.861371 5.120000  170.928245 5.120000 
170.928245 5.120000  178.115901 5.120000 
178.165901 5.120000  186.215573 5.120000 
186.265573 5.120000  194.674582 5.120000 
194.724582 5.120000  203.340345 5.120000 
203.390345 5.120000  211.936244 5.120000 
211.986244 4.864000  220.028924 4.864000 
220.078924 4.864000  228.308265 4.864000 
228.358265 4.608000  236.072938 4.608000 
236.122938 4.608000  243.862193 4.608000 
243.912193 4.608000  251.710455 4.608000 
251.760455 4.352000  258.968990 4.352000 
259.018990 4.352000  266.297653 4.352000 
266.347653 4.352000  273.649830 4.352000 
273.699830 4.352000  281.021996 4.352000 
281.071996 4.352000  288.326066 4.352000 
288.376066 4.096000  295.317755 4.096000 
295.367755 4.096000  302.260614 4.096000 
302.310614 4.096000  309.140104 4.096000 
309.190104 4.096000  316.090690 4.096000 
316.140690 4.096000  322.885672 4.096000 
322.935672 4.096000  329.844050 4.096000 
329.894050 4.096000  336.748857 4.096000 
336.798857 3.840000  343.297333 3.840000 
343.347333 3.840000  349.821616 3.840000 
349.871616 3.840000  356.324634 3.840000 
356.374634 3.840000  362.699581 3.840000 
362.749581 3.840000  369.170064 3.840000 
369.220064 3.840000  375.546597 3.840000 
375.596597 3.840000  381.934261 3.840000 
381.984261 3.840000  388.367474 3.840000 
388.417474 3.840000  394.781525 3.840000 
394.831525 3.840000  401.152882 3.840000 
401.202882 3.840000  407.504452 3.840000 
407.554452 3.840000  413.892339 3.840000 
413.942339 3.584000  419.916055 3.584000 
419.966055 3.584000  426.050963 3.584000 
426.100963 3.584000  431.946670 3.584000 
431.996670 3.584000  437.964787 3.584000 
438.014787 3.584000  443.982365 3.584000 
444.032365 3.584000  449.994704 3.584000 
450.044704 3.584000  456.120246 3.584000 
456.170246 3.584000  462.124333 3.584000 
462.174333 3.584000  468.084108 3.584000 
468.134108 3.584000  474.165017 3.584000 
474.215017 3.584000  480.104622 3.584000 
480.154622 3.584000  486.019365 3.584000 
486.069365 3.584000  491.965658 3.584000 
492.015658 3.584000  497.901294 3.584000 
497.951294 3.584000  503.956279 3.584000 
504.006279 3.584000  509.905513 3.584000 
509.955513 3.584000  515.843924 3.584000 
515.893924 3.584000  521.716145 3.584000 
521.766145 3.584000  527.536213 3.584000 
527.586213 3.584000  533.477391 3.584000 
533.527391 3.584000  539.408892 3.584000 
539.458892 3.584000  545.453656 3.584000 
545.503656 3.584000  551.298040 3.584000 
551.348040 3.584000  557.210911 3.584000 
557.260911 3.584000  563.065519 3.584000 
563.115519 3.584000  569.088160 3.584000 
569.138160 3.328000  574.638900 3.328000 
574.688900 3.328000  580.185674 3.328000 
580.235674 3.328000  585.703027 3.328000 
585.753027 3.328000  591.261799 3.328000 
591.311799 3.328000  596.731422 3.328000 
596.781422 3.328000  602.130473 3.328000 
602.180473 3.328000  607.621994 3.328000 
607.671994 3.328000  613.156418 3.328000 
613.206418 3.328000  618.701346 3.328000 
618.751346 3.328000  624.312447 3.328000 
624.362447 3.328000  629.847951 3.328000 
629.897951 3.328000  635.360960 3.328000 
635.410960 3.328000  640.893081 3.328000 
640.943081 3.328000  646.329278 3.328000 
646.379278 3.328000  651.540246 3.328000 
651.590246 3.328000  656.197160 3.328000 
656.197160 3.328000  661.439121 3.328000 
661.439121 3.328000  666.985141 3.328000 
667.035141 3.328000  672.493711 3.328000 
672.543711 3.328000  678.124340 3.328000 
678.174340 3.328000  683.694263 3.328000 
683.744263 3.328000  689.303706 3.328000 
689.353706 3.328000  694.839505 3.328000 
694.889505 3.072000  699.957992 3.072000 
700.007992 3.072000  705.092175 3.072000 
705.142175 3.072000  710.308845 3.072000 
710.358845 3.072000  715.405460 3.072000 
715.455460 3.072000  720.431503 3.072000 
720.431503 3.072000  725.435336 3.072000 
725.435336 3.072000  730.413251 3.072000 
730.413251 3.072000  735.469617 3.072000 
735.519617 3.072000  740.629828 3.072000 
740.679828 3.072000  745.764557 3.072000 
745.814557 3.072000  750.828573 3.072000 
750.878573 3.072000  756.021640 3.072000 
756.071640 2.816000  760.692861 2.816000 
760.692861 2.816000  765.323328 2.816000 
765.323328 2.816000  769.988518 2.816000 
769.988518 2.816000  774.628148 2.816000 
774.628148 2.816000  779.249762 2.816000 
779.249762 2.816000  783.942809 2.816000 
783.942809 2.816000  788.585083 2.816000 
788.585083 2.816000  793.023367 2.816000 
793.023367 2.816000  797.617476 2.816000 
797.617476 2.816000  802.155326 2.816000 
802.155326 2.816000  806.753654 2.816000 
806.753654 2.816000  811.358188 2.816000 
811.358188 2.816000  815.858923 2.816000 
815.858923 2.816000  820.344383 2.816000 
820.344383 2.816000  824.867961 2.816000 
824.867961 2.816000  829.413744 2.816000 
829.413744 2.816000  833.914483 2.816000 
833.914483 2.816000  838.367632 2.816000 
838.367632 2.816000  842.691563 2.816000 
842.691563 2.816000  847.097534 2.816000 
847.097534 2.816000  851.285431 2.816000 
851.285431 2.816000  855.412679 2.816000 
856.071640 2.816000  860.050031 2.816000 
861.071640 2.816000  864.696496 2.816000 
866.071640 2.816000  869.475568 2.816000 
871.071640 2.816000  874.275021 2.816000 
876.071640 3.072000  879.585520 3.072000 
881.071640 3.072000  884.687467 3.072000 
886.071640 3.072000  889.927454 3.072000 
891.071640 3.072000  895.141362 3.072000 
896.071640 3.072000  900.365074 3.072000 
901.071640 3.072000  905.531270 3.072000 
906.071640 3.072000  910.706730 3.072000 
911.071640 3.072000  915.998335 3.072000 
916.071640 3.072000  921.124691 3.072000 
921.124691 3.072000  926.097096 3.072000 
926.097096 3.072000  931.331970 3.072000 
931.331970 3.072000  936.477783 3.072000 
936.477783 3.072000  941.559166 3.072000 
941.559166 3.072000  946.751427 3.072000 
946.751427 3.072000  951.919711 3.072000 
951.919711 3.072000  957.059030 3.072000 
957.059030 3.072000  962.136888 3.072000 
962.136888 3.072000  967.253008 3.072000 
967.253008 3.072000  972.377931 3.072000 
972.377931 3.072000  977.601078 3.072000 
977.601078 3.072000  982.778810 3.072000 
982.778810 3.072000  987.942714 3.072000 
987.942714 3.072000  992.906139 3.072000 
992.906139 3.072000  998.028298 3.072000 
998.028298 3.072000  1003.298834 3.072000 
1003.298834 3.072000  1008.395034 3.072000 
1008.395034 3.072000  1013.602609 3.072000 
1013.602609 3.072000  1018.706147 3.072000 
1018.706147 3.072000  1023.834595 3.072000 
1023.834595 3.072000  1028.965942 3.072000 
1028.965942 3.072000  1034.049134 3.072000 
1034.049134 3.072000  1039.032699 3.072000 
1039.032699 3.072000  1043.201279 3.072000 
1043.201279 3.072000  1046.487108 3.072000 
1046.487108 3.072000  1049.819556 3.072000 
1051.071640 3.072000  1053.188957 3.072000 
