# AndroidClient mimuroto
91.004484 0.128000  91.045063 0.128000 
91.095063 5.120000  95.389462 5.120000 
95.389462 5.120000  98.454307 5.120000 
98.454307 5.120000  101.532994 5.120000 
101.532994 5.120000  105.598592 5.120000 
105.598592 5.120000  108.960958 5.120000 
108.960958 5.120000  112.008528 5.120000 
112.008528 5.120000  115.754053 5.120000 
116.095063 5.120000  120.353631 5.120000 
121.095063 5.120000  126.913187 5.120000 
126.913187 5.120000  132.644559 5.120000 
132.644559 5.120000  138.389307 5.120000 
138.389307 5.120000  144.214283 5.120000 
144.214283 5.120000  150.011784 5.120000 
150.011784 5.120000  156.942027 5.120000 
156.942027 5.120000  164.187749 5.120000 
164.187749 5.120000  171.486617 5.120000 
171.536617 5.120000  178.749735 5.120000 
178.799735 4.864000  186.482563 4.864000 
186.532563 4.864000  194.719396 4.864000 
194.769396 4.608000  202.572945 4.608000 
202.622945 4.352000  209.927213 4.352000 
209.977213 4.352000  217.372226 4.352000 
217.422226 4.352000  224.806663 4.352000 
224.856663 4.096000  231.672182 4.096000 
231.722182 4.096000  238.583011 4.096000 
238.633011 4.096000  245.552650 4.096000 
245.602650 4.096000  252.533758 4.096000 
252.583758 3.840000  258.967538 3.840000 
259.017538 3.840000  265.566827 3.840000 
265.616827 3.840000  272.060745 3.840000 
272.110745 3.840000  278.508439 3.840000 
278.558439 3.840000  284.898577 3.840000 
284.948577 3.840000  291.363814 3.840000 
291.413814 3.840000  297.885672 3.840000 
297.935672 3.840000  304.258487 3.840000 
304.308487 3.584000  310.370883 3.584000 
310.420883 3.584000  316.539700 3.584000 
316.589700 3.584000  322.801021 3.584000 
322.851021 3.584000  328.826647 3.584000 
328.876647 3.584000  334.999333 3.584000 
335.049333 3.584000  341.010604 3.584000 
341.060604 3.584000  347.062096 3.584000 
347.112096 3.584000  353.247227 3.584000 
353.297227 3.584000  359.355386 3.584000 
359.405386 3.584000  365.320533 3.584000 
365.370533 3.584000  371.266655 3.584000 
371.316655 3.584000  377.232349 3.584000 
377.282349 3.584000  383.226020 3.584000 
383.276020 3.584000  389.131018 3.584000 
389.181018 3.584000  395.230628 3.584000 
395.280628 3.328000  400.831877 3.328000 
400.881877 3.328000  406.306191 3.328000 
406.356191 3.328000  411.830458 3.328000 
411.880458 3.328000  417.377510 3.328000 
417.427510 3.328000  422.916844 3.328000 
422.966844 3.328000  428.564642 3.328000 
428.614642 3.328000  434.130851 3.328000 
434.180851 3.328000  439.762353 3.328000 
439.812353 3.328000  445.328914 3.328000 
445.378914 3.328000  450.976229 3.328000 
451.026229 3.328000  456.458579 3.328000 
456.508579 3.328000  461.999795 3.328000 
462.049795 3.328000  467.617711 3.328000 
467.667711 3.328000  473.168848 3.328000 
473.218848 3.328000  478.799679 3.328000 
478.849679 3.328000  484.439873 3.328000 
484.489873 3.328000  490.039934 3.328000 
490.089934 3.328000  495.672942 3.328000 
495.722942 3.328000  501.139948 3.328000 
501.189948 3.328000  506.578166 3.328000 
506.628166 3.328000  512.009338 3.328000 
512.059338 3.328000  517.634636 3.328000 
517.684636 3.328000  523.146765 3.328000 
523.196765 3.328000  528.649852 3.328000 
528.699852 3.328000  534.160545 3.328000 
534.210545 3.328000  539.659928 3.328000 
539.709928 3.328000  545.149867 3.328000 
545.199867 3.328000  550.647622 3.328000 
550.697622 3.328000  556.180982 3.328000 
556.230982 3.328000  561.655792 3.328000 
561.705792 3.328000  567.140000 3.328000 
567.190000 3.328000  572.621260 3.328000 
572.671260 3.328000  578.216025 3.328000 
578.266025 3.328000  583.676444 3.328000 
583.726444 3.328000  589.198661 3.328000 
589.248661 3.328000  594.655549 3.328000 
594.705549 3.328000  600.333023 3.328000 
600.383023 3.328000  605.793463 3.328000 
605.843463 3.328000  611.280224 3.328000 
611.330224 3.328000  616.658904 3.328000 
616.708904 3.328000  622.143827 3.328000 
622.193827 3.328000  627.647241 3.328000 
627.697241 3.328000  633.167422 3.328000 
633.217422 3.328000  638.755429 3.328000 
638.805429 3.328000  644.297552 3.328000 
644.347552 3.328000  649.802636 3.328000 
649.852636 3.072000  654.054276 3.072000 
654.054276 3.328000  659.024125 3.328000 
659.024125 3.328000  664.578624 3.328000 
664.578624 3.072000  669.672242 3.072000 
669.672242 3.072000  674.757215 3.072000 
674.757215 3.072000  679.822705 3.072000 
679.822705 3.072000  684.883060 3.072000 
684.933060 3.072000  689.952903 3.072000 
690.002903 3.072000  695.092009 3.072000 
695.142009 3.072000  700.307204 3.072000 
700.357204 3.072000  705.400829 3.072000 
705.450829 3.072000  710.461313 3.072000 
710.511313 3.072000  715.558302 3.072000 
715.608302 3.072000  720.676553 3.072000 
720.726553 3.072000  725.742548 3.072000 
725.792548 2.816000  730.452435 2.816000 
730.452435 2.816000  735.106037 2.816000 
735.106037 2.816000  739.708703 2.816000 
739.708703 2.816000  744.336109 2.816000 
744.336109 2.816000  748.908163 2.816000 
748.908163 2.816000  753.512853 2.816000 
753.512853 2.816000  758.189759 2.816000 
758.189759 2.816000  762.784239 2.816000 
762.784239 2.816000  767.311078 2.816000 
767.311078 2.816000  772.068482 2.816000 
772.068482 2.816000  776.716886 2.816000 
776.716886 2.816000  781.353483 2.816000 
781.353483 2.816000  786.025941 2.816000 
786.025941 2.816000  790.648033 2.816000 
790.648033 2.816000  795.171057 2.816000 
795.171057 2.816000  799.655121 2.816000 
799.655121 2.816000  804.122269 2.816000 
804.122269 2.816000  808.605495 2.816000 
808.605495 2.816000  813.148824 2.816000 
813.148824 2.816000  817.686642 2.816000 
817.686642 2.816000  822.234871 2.816000 
822.234871 2.816000  826.806832 2.816000 
826.806832 2.816000  831.318826 2.816000 
831.318826 2.816000  835.869785 2.816000 
835.869785 2.816000  840.450755 2.816000 
840.792548 2.816000  845.345550 2.816000 
845.792548 2.816000  850.218451 2.816000 
850.792548 2.816000  855.010066 2.816000 
855.792548 2.816000  859.734631 2.816000 
860.792548 2.816000  864.417444 2.816000 
865.792548 2.816000  869.196643 2.816000 
870.792548 2.816000  873.972581 2.816000 
875.792548 3.072000  879.297454 3.072000 
880.792548 3.072000  884.484576 3.072000 
885.792548 3.072000  889.614325 3.072000 
890.792548 3.072000  894.748488 3.072000 
895.792548 3.072000  899.894125 3.072000 
900.792548 3.072000  905.174445 3.072000 
905.792548 3.072000  910.447153 3.072000 
910.792548 3.072000  915.537089 3.072000 
915.792548 3.072000  920.913868 3.072000 
920.913868 3.072000  926.062809 3.072000 
926.062809 3.072000  931.318352 3.072000 
931.318352 3.072000  936.365825 3.072000 
936.365825 3.072000  941.494196 3.072000 
941.494196 3.072000  946.629625 3.072000 
946.629625 3.072000  951.816254 3.072000 
951.816254 3.072000  956.969726 3.072000 
956.969726 3.072000  962.059545 3.072000 
962.059545 3.072000  967.132465 3.072000 
967.132465 3.072000  972.201573 3.072000 
972.201573 3.072000  977.311998 3.072000 
977.311998 3.072000  982.470205 3.072000 
982.470205 3.072000  987.616971 3.072000 
987.616971 3.072000  992.780547 3.072000 
992.780547 3.072000  997.956366 3.072000 
997.956366 3.072000  1002.996751 3.072000 
1002.996751 3.072000  1008.039225 3.072000 
1008.039225 3.072000  1013.262965 3.072000 
1013.262965 3.072000  1018.398121 3.072000 
1018.398121 3.072000  1023.591147 3.072000 
1023.591147 3.072000  1028.681183 3.072000 
1028.681183 3.072000  1033.871489 3.072000 
1033.871489 3.072000  1039.038840 3.072000 
1039.038840 3.072000  1043.235372 3.072000 
1043.235372 3.072000  1046.617769 3.072000 
1046.617769 3.072000  1049.852812 3.072000 
1050.792548 3.072000  1052.624526 3.072000 
