31.000354 0.016000
41.139926 10980.053382
51.139926 5531.129600
61.140329 5682.990026
71.140747 16597.604847
81.141424 11060.283267
91.142979 11136.530003
101.144381 19108.925525
111.144730 19121.435900
121.144977 17155.622308
131.145125 19173.768010
141.145566 19185.690747
151.146231 19130.710586
161.147046 19234.090531
171.147187 19167.431268
181.147888 19222.024548
191.148961 19152.239022
201.148964 19175.535694
211.149435 19192.527944
221.149662 19175.030607
231.149701 19120.398441
241.150241 19131.471377
251.151217 19145.809219
261.151364 19200.368443
271.151396 19229.786521
281.151409 19174.454515
291.151843 19157.652466
301.152333 19227.092104
311.152480 19131.642273
321.152908 19209.112309
331.153502 19089.033720
341.153775 19199.647069
351.154478 19178.841660
361.154775 19106.315940
371.154986 19190.198985
381.155310 19111.605312
391.155383 19175.498286
401.155423 19184.301934
411.156112 19227.818303
421.156165 19170.445018
431.156385 19153.340393
441.157888 19171.566131
451.157909 19166.725592
461.159072 19194.603356
471.159642 19247.651750
481.160183 19155.921694
491.160310 19165.660901
501.160849 19128.929592
511.161301 19204.191257
521.161690 19184.795608
531.161815 19143.219877
541.162423 19226.715033
551.162613 19267.647876
561.162774 19156.031971
571.163010 19145.087301
581.163473 19177.176487
591.163944 19211.523093
601.163956 19148.211124
611.164085 19111.789634
621.164600 19208.983136
631.164952 19168.181917
641.165070 19143.478262
651.165378 19111.405848
661.165795 19195.053243
671.166448 19137.167994
681.167052 19129.843155
691.167228 19149.440039
701.167847 19105.113688
711.167959 19184.200785
721.168698 19188.237521
731.168928 19168.352559
741.170048 19255.092271
751.170291 19124.885198
761.170771 19079.396496
771.170893 19157.120374
781.170936 19130.053234
791.171437 19138.135751
801.171610 19181.662036
811.172450 19100.673875
821.172978 19192.077787
831.173178 19173.658201
841.173657 19147.994856
851.174487 19152.818681
861.174681 19203.711764
871.175291 19098.659223
881.175408 19090.029460
891.175560 19123.219716
901.175561 19175.909691
911.175826 19169.688487
921.175989 19150.319698
931.176294 19153.509529
941.176848 19101.714045
951.176923 19210.401772
961.177339 19109.119635
971.177557 19165.949366
981.177841 19162.359180
991.178093 19191.382642
1001.178981 19213.476265
1011.179006 19170.954065
1021.179267 19072.111195
1031.179470 19174.881853
1041.179868 19144.471158
1051.181019 19133.430138
1061.280333 5407.355204
