# WEMAClient mimuroto
156.246398 0.223905 2858.352000 2816
161.011347 4.714948 2986.246000 2816
165.749046 4.737699 2971.906000 2816
170.465421 4.716375 2985.343000 2816
175.203688 4.738267 2971.550000 2816
179.945078 4.741390 2969.592000 2816
184.629320 4.684241 3005.823000 2816
189.299534 4.670215 3014.850000 2816
193.980400 4.680866 3007.990000 2816
198.671092 4.690692 3001.689000 2816
203.375316 4.704224 2993.054000 2816
208.049264 4.673948 3012.442000 2816
212.730511 4.681247 3007.745000 2816
217.435112 4.704601 2992.815000 2816
222.122686 4.687574 3003.685000 2816
226.858125 4.735439 2973.325000 2816
231.508440 4.650314 3027.752000 2816
236.193881 4.685442 3005.052000 2816
240.864987 4.671106 3014.275000 2816
245.574316 4.709329 2989.810000 2816
250.269250 4.694934 2998.977000 2816
254.959802 4.690552 3001.779000 2816
259.650575 4.690773 3001.637000 2816
264.326690 4.676115 3011.046000 2816
268.993959 4.667269 3016.753000 2816
273.671808 4.677849 3009.930000 2816
278.348808 4.677001 3010.476000 2816
283.030272 4.681463 3007.606000 2816
287.721635 4.691363 3001.259000 2816
292.412037 4.690402 3001.874000 2816
297.078809 4.666772 3017.074000 2816
301.774750 4.695940 2998.334000 2816
306.409227 4.634477 3038.098000 2816
311.002033 4.592806 3065.663000 2816
315.866880 4.570481 3080.638000 3072
321.381763 5.085365 3020.432000 2816
326.069644 4.687880 3003.489000 2816
330.920537 4.624139 3044.891000 2816
335.854629 4.558230 3088.918000 3072
341.400071 5.103673 3009.597000 2816
346.121031 4.720960 2982.444000 2816
350.975145 4.678746 3009.353000 2816
355.894287 4.597888 3062.275000 2816
360.850264 4.553866 3091.878000 3072
366.377308 5.080910 3023.080000 2816
371.127676 4.750368 2963.980000 2816
375.977170 4.680771 3008.051000 2816
380.886539 4.590140 3067.444000 2816
385.863054 4.566656 3083.218000 3072
391.366457 5.070059 3029.550000 2816
396.094162 4.727705 2978.189000 2816
400.982425 4.686026 3004.677000 2816
405.888262 4.591864 3066.293000 2816
410.854909 4.558510 3088.728000 3072
416.408889 5.112490 3004.406000 2816
421.091480 4.682591 3006.882000 2816
425.926902 4.630504 3040.706000 2816
430.875408 4.579010 3074.900000 3072
436.384531 5.088132 3018.789000 2816
441.084861 4.700331 2995.533000 2816
445.912074 4.615676 3050.474000 2816
450.868750 4.572352 3079.378000 3072
456.386638 5.090240 3017.539000 2816
461.092166 4.705528 2992.225000 2816
465.928304 4.631905 3039.785000 2816
470.868899 4.572500 3079.278000 3072
476.374942 5.078544 3024.488000 2816
481.144894 4.769951 2951.812000 2816
485.971090 4.674692 3011.963000 2816
490.836403 4.540005 3101.318000 3072
496.390539 5.094141 3015.228000 2816
501.144493 4.753954 2961.745000 2816
505.980643 4.684245 3005.820000 2816
510.900512 4.604113 3058.134000 2816
515.854454 4.558055 3089.036000 3072
521.295428 4.999030 3072.596000 3072
526.486353 5.189954 2959.563000 2816
531.179445 4.693092 3000.154000 2816
535.917172 4.620774 3047.108000 2816
540.857178 4.560780 3087.191000 3072
546.283827 4.987429 3079.743000 3072
551.470857 5.174459 2968.426000 2816
556.157007 4.686149 3004.599000 2816
560.914578 4.618180 3048.820000 2816
565.871407 4.575008 3077.589000 3072
571.321705 5.025306 3056.530000 2816
576.052075 4.730370 2976.511000 2816
580.958303 4.661904 3020.224000 2816
585.939475 4.643077 3032.471000 2816
590.886202 4.589804 3067.669000 2816
595.879350 4.582952 3072.255000 3072
601.470949 5.174551 2968.373000 2816
606.135903 4.664954 3018.250000 2816
610.887054 4.590655 3067.100000 2816
615.856877 4.560478 3087.395000 3072
621.394191 5.097793 3013.068000 2816
626.153850 4.759658 2958.195000 2816
631.008985 4.712587 2987.743000 2816
635.905392 4.608994 3054.896000 2816
640.905167 4.608769 3055.046000 2816
645.898400 4.602001 3059.538000 2816
650.932606 4.636208 3036.964000 2816
655.977990 4.681591 3007.524000 2816
660.839276 4.542878 3099.356000 3072
666.290927 4.994528 3075.365000 3072
671.416841 5.120442 2999.740000 2816
676.047171 4.630330 3040.819000 2816
680.800541 4.504143 3126.010000 3072
686.388432 5.092034 3016.476000 2816
691.080965 4.692533 3000.511000 2816
695.905590 4.609191 3054.765000 2816
700.747752 4.451353 3163.083000 3072
706.340201 5.043803 3045.321000 2816
711.011726 4.671524 3014.005000 2816
715.884168 4.587769 3069.029000 2816
720.797741 4.501343 3127.955000 3072
726.350248 5.053849 3039.267000 2816
731.062007 4.711759 2988.268000 2816
735.903039 4.606640 3056.457000 2816
740.806016 4.509618 3122.215000 3072
746.388825 5.092427 3016.243000 2816
751.093066 4.704241 2993.043000 2816
755.929865 4.633467 3038.761000 2816
760.784582 4.488183 3137.126000 3072
766.375782 5.079384 3023.988000 2816
771.065698 4.689915 3002.186000 2816
775.914286 4.617888 3049.012000 2816
780.799111 4.502712 3127.004000 3072
786.413651 5.117252 3001.610000 2816
791.135662 4.722011 2981.780000 2816
795.928294 4.631896 3039.791000 2816
800.806931 4.510532 3121.582000 3072
806.398896 5.102497 3010.290000 2816
811.103641 4.704746 2992.722000 2816
815.935612 4.639213 3034.997000 2816
820.794330 4.497932 3130.327000 3072
826.289294 4.992895 3076.371000 3072
831.331631 5.035233 3050.504000 2816
835.825003 4.493371 3133.504000 3072
841.099134 4.802735 3198.177000 3072
846.284587 4.988188 3079.274000 3072
851.377348 5.080950 3023.056000 2816
855.907020 4.529672 3108.392000 3072
861.030618 4.734220 3244.462000 3072
866.213711 4.917312 3123.657000 3072
871.328781 5.032383 3052.232000 2816
875.957800 4.629019 3041.681000 2816
880.731654 4.435255 3174.563000 3072
886.063775 4.767377 3221.897000 3072
891.202209 4.905811 3130.980000 3072
896.330649 5.034251 3051.099000 2816
900.982104 4.651455 3027.009000 2816
905.702749 4.406350 3195.388000 3072
910.922854 4.626455 3320.036000 3072
916.086805 4.790406 3206.408000 3072
920.700068 4.403670 3487.999000 3328
924.963676 3.667278 4537.425000 4352
930.740176 4.443778 4896.734000 4864
936.433368 5.136970 4734.308000 4608
941.770425 5.337057 4316.986000 4096
946.611955 4.841530 4230.067000 4096
951.455447 4.843492 4228.354000 4096
956.310024 4.854577 4218.698000 4096
961.192964 4.882939 4194.194000 4096
966.153706 4.857308 4216.327000 4096
971.125036 4.828637 4241.362000 4096
976.080268 4.783869 4281.053000 4096
980.658646 4.362248 4694.827000 4608
985.146515 3.850116 5984.234000 5120
990.299965 4.003567 6394.298000 5120
995.302914 4.006515 6389.592000 5120
1000.303765 4.007367 6388.234000 5120
1005.288129 3.991730 6413.259000 5120
1010.290508 3.994109 6409.439000 5120
1015.294818 3.998420 6402.529000 5120
1019.423473 3.127074 8186.565000 5120
1024.472226 3.175828 8060.890000 5120
1029.584190 3.287791 7786.382000 5120
1034.544394 3.247995 7881.784000 5120
1038.630875 2.334476 10966.057000 5120
