# WEMAClient mimuroto
94.131694 0.116517 5492.746000 5120
97.937011 3.755317 6817.000000 5120
103.589964 5.652953 4528.606000 4352
108.497000 4.907036 4434.448000 4352
113.401920 4.904920 4436.361000 4352
118.298125 4.896205 4444.258000 4352
123.182433 4.884308 4455.083000 4352
128.889707 5.707274 3812.678000 3584
133.905713 5.016006 3572.563000 3328
138.607021 4.701308 3539.440000 3328
143.289314 4.682293 3553.814000 3328
147.975418 4.686104 3550.924000 3328
152.633125 4.657708 3572.572000 3328
157.540548 4.907423 3390.781000 3328
163.157090 5.616542 2962.676000 2816
167.885280 4.728190 2977.883000 2816
172.614246 4.728966 2977.394000 2816
177.353429 4.739183 2970.976000 2816
182.063033 4.709604 2989.635000 2816
186.788053 4.725020 2979.881000 2816
191.441078 4.653025 3025.988000 2816
196.119033 4.677955 3009.862000 2816
200.835302 4.716269 2985.410000 2816
205.510728 4.675426 3011.490000 2816
210.215472 4.704744 2992.723000 2816
214.909215 4.693743 2999.738000 2816
219.611226 4.702011 2994.463000 2816
224.292015 4.680789 3008.039000 2816
228.946489 4.654474 3025.046000 2816
233.636149 4.689660 3002.349000 2816
238.304977 4.668828 3015.746000 2816
243.016416 4.711439 2988.471000 2816
247.700891 4.684476 3005.672000 2816
252.425291 4.724400 2980.272000 2816
257.107357 4.682066 3007.219000 2816
261.843669 4.736312 2972.776000 2816
266.533276 4.689607 3002.384000 2816
271.196604 4.663328 3019.303000 2816
275.851445 4.654841 3024.807000 2816
280.547786 4.696342 2998.078000 2816
285.221561 4.673775 3012.554000 2816
289.898580 4.677019 3010.464000 2816
294.580036 4.681456 3007.611000 2816
299.224025 4.643989 3031.876000 2816
303.892425 4.668400 3016.022000 2816
308.839285 4.657591 3023.021000 2816
313.761134 4.579441 3074.611000 3072
319.194177 5.012483 3064.349000 2816
323.951358 4.757182 2959.735000 2816
328.817880 4.636187 3036.978000 2816
333.759308 4.577615 3075.837000 3072
339.170448 4.988755 3078.924000 3072
344.336433 5.154739 2979.782000 2816
349.013854 4.677421 3010.205000 2816
353.789181 4.607487 3055.895000 2816
358.759674 4.577981 3075.591000 3072
364.177452 4.995758 3074.608000 3072
369.362547 5.180854 2964.762000 2816
374.044057 4.681509 3007.577000 2816
378.812312 4.630619 3040.630000 2816
383.746283 4.564590 3084.614000 3072
389.174175 4.992481 3076.626000 3072
394.372750 5.191056 2958.935000 2816
399.035433 4.662683 3019.720000 2816
403.783270 4.601576 3059.821000 2816
408.751835 4.570141 3080.867000 3072
414.185926 5.004233 3069.401000 2816
418.936351 4.750425 2963.945000 2816
423.828676 4.646982 3029.923000 2816
428.737670 4.555977 3090.445000 3072
434.183562 5.001869 3070.852000 2816
438.957356 4.773794 2949.435000 2816
443.832870 4.651176 3027.191000 2816
448.748877 4.567183 3082.863000 3072
454.197316 5.015622 3062.431000 2816
458.953754 4.756439 2960.198000 2816
463.832697 4.651003 3027.303000 2816
468.763697 4.582003 3072.891000 3072
474.181106 4.999412 3072.361000 3072
479.360587 5.178893 2965.884000 2816
484.013092 4.652506 3026.326000 2816
488.758836 4.577142 3076.155000 3072
494.177054 4.995360 3074.853000 3072
499.352442 5.170749 2970.556000 2816
504.035343 4.682901 3006.683000 2816
508.787996 4.606302 3056.681000 2816
513.786707 4.605013 3057.537000 2816
518.740706 4.559013 3088.388000 3072
524.357311 5.175617 2967.761000 2816
529.065847 4.708536 2990.313000 2816
533.852351 4.670657 3014.565000 2816
538.771292 4.589599 3067.806000 2816
543.705439 4.523746 3112.465000 3072
549.373782 5.192088 2958.347000 2816
554.058821 4.685039 3005.310000 2816
558.837744 4.656050 3024.022000 2816
563.789188 4.607494 3055.891000 2816
568.760487 4.578794 3075.045000 3072
574.355015 5.173321 2969.078000 2816
578.995779 4.640764 3033.982000 2816
583.809064 4.627370 3042.764000 2816
588.774931 4.593237 3065.376000 2816
593.738608 4.556914 3089.810000 3072
599.273047 5.091354 3016.879000 2816
603.987638 4.714590 2986.473000 2816
608.822444 4.640751 3033.991000 2816
613.729914 4.548220 3095.716000 3072
619.164137 4.982444 3082.824000 3072
624.392178 5.210485 2947.902000 2816
629.092675 4.700497 2995.428000 2816
633.827980 4.646286 3030.377000 2816
638.774282 4.592588 3065.809000 2816
643.748183 4.566490 3083.330000 3072
649.164012 4.982319 3082.902000 3072
654.199691 5.017997 3060.982000 2816
658.765409 4.565718 3083.852000 3072
664.077714 4.896021 3137.241000 3072
669.292434 5.110740 3005.435000 2816
673.969573 4.677139 3010.387000 2816
678.721747 4.540053 3101.285000 3072
684.144266 4.962573 3095.168000 3072
689.316679 5.134986 2991.245000 2816
693.946683 4.630004 3041.034000 2816
698.678144 4.496450 3131.359000 3072
704.084320 4.902626 3133.014000 3072
709.292524 5.110830 3005.382000 2816
713.875920 4.583397 3071.957000 2816
718.693350 4.511656 3120.805000 3072
724.122833 4.941139 3108.595000 3072
729.301084 5.119391 3000.357000 2816
733.904509 4.603425 3058.592000 2816
738.693014 4.511321 3121.037000 3072
744.128616 4.946922 3104.960000 3072
749.327432 5.145738 2984.994000 2816
753.954339 4.626907 3043.069000 2816
758.699296 4.517602 3116.697000 3072
764.123330 4.941637 3108.281000 3072
769.320328 5.138635 2989.120000 2816
773.930880 4.610552 3053.864000 2816
778.710668 4.528975 3108.871000 3072
784.139508 4.957814 3098.139000 3072
789.341200 5.159506 2977.029000 2816
793.980007 4.638807 3035.263000 2816
798.704802 4.523108 3112.903000 3072
804.155800 4.974107 3087.991000 3072
809.316647 5.134954 2991.263000 2816
813.951521 4.634874 3037.838000 2816
818.696739 4.515046 3118.462000 3072
824.082442 4.900749 3134.214000 3072
829.211006 5.029313 3054.095000 2816
833.779829 4.568823 3081.756000 3072
838.918763 4.737069 3242.511000 3072
844.077622 4.895928 3137.300000 3072
849.260885 5.079191 3024.103000 2816
853.857092 4.596207 3063.395000 2816
858.477332 4.295639 3277.742000 3072
863.994617 4.812924 3191.407000 3072
869.176546 4.994853 3075.165000 3072
874.244149 5.062455 3034.100000 2816
878.708341 4.464192 3153.986000 3072
883.839414 4.657721 3297.750000 3072
888.957202 4.775508 3216.411000 3072
894.135307 4.953614 3100.766000 3072
899.259539 5.077846 3024.904000 2816
903.714079 4.454540 3160.820000 3072
908.683051 4.501357 3412.304000 3328
914.120777 4.939084 3369.045000 3328
919.156833 4.975139 3344.629000 3328
922.220552 3.038859 5475.740000 5120
926.982923 2.801229 9138.845000 5120
933.290579 4.108885 6230.400000 5120
939.989292 5.807599 4408.018000 4352
945.140771 5.151479 4224.029000 4096
949.914221 4.773450 4290.398000 4096
954.659228 4.745007 4316.115000 4096
959.409912 4.750684 4310.957000 4096
964.042692 4.632780 4420.671000 4352
969.017422 4.835729 4499.838000 4352
973.881034 4.699340 4630.437000 4608
979.086157 4.904464 4697.761000 4608
