# AndroidClient mimuroto
63.111553 0.094777 6752.667477 5120
65.564077 2.402524 10655.460831 5120
68.227437 2.663360 9611.919675 5120
71.520224 3.292787 7774.569977 5120
75.354033 3.833809 6677.431993 5120
78.559121 3.205088 7987.299878 5120
81.788883 3.229762 7926.280506 5120
85.832350 2.670797 9585.155462 5120
90.518676 2.357122 10860.700659 5120
96.697355 3.535802 7240.224857 5120
103.885307 5.723754 4472.589293 5120
109.656611 5.771304 4435.739192 5120
115.424039 5.767428 4438.720565 5120
121.181246 5.757207 4446.600364 5120
127.443888 6.262641 4087.732001 5120
134.638066 7.194178 3558.432862 5120
141.851943 7.213877 3548.716027 5120
149.079660 7.227718 3541.920389 5120
156.386006 7.256346 3527.946443 5120
165.042361 8.606355 2974.546082 5120
173.682788 8.590427 2980.061531 4864
181.928876 8.196088 2967.269397 4608
189.613379 7.634503 3017.878143 4608
197.300682 7.637303 3016.771613 4608
205.080279 7.729596 2980.750688 4352
212.377439 7.247160 3002.555464 4352
219.710763 7.283325 2987.646555 4352
226.986180 7.225417 3011.590892 4096
233.853612 6.817432 3004.063636 4096
240.752153 6.848540 2990.418231 4096
247.594506 6.792353 3015.155561 4096
254.496120 6.851614 2989.076520 4096
261.396945 6.850825 2989.420867 3840
267.806861 6.359915 3018.908046 3840
274.260933 6.404072 2998.092531 3840
280.729762 6.418829 2991.199673 3840
287.148974 6.369212 3014.501706 3840
293.600858 6.401885 2999.116810 3840
300.013615 6.362756 3017.560163 3840
306.409747 6.346132 3025.464807 3840
312.667544 6.207797 3092.884729 3840
318.939001 6.221458 3086.093559 3584
324.976613 5.987612 2992.845938 3584
330.909837 5.883224 3045.948893 3584
336.661952 5.702114 3142.694014 3584
342.675174 5.963222 3005.086712 3584
348.695225 5.970051 3001.649559 3584
354.537077 5.791853 3094.001279 3584
360.374993 5.787915 3096.106137 3584
366.281956 5.856963 3059.606159 3584
372.326515 5.994559 2989.377338 3584
378.276680 5.900165 3037.202953 3584
384.046638 5.719958 3132.890341 3584
389.942998 5.846360 3065.155259 3584
396.018296 6.025299 2974.126456 3584
401.920772 5.852476 3061.952129 3584
407.755949 5.785177 3097.571474 3584
413.590395 5.784445 3097.963336 3584
419.649731 6.009336 2982.026591 3584
425.597150 5.897419 3038.617473 3584
431.354248 5.707099 3139.949274 3584
437.374704 5.970456 3001.445979 3328
442.905004 5.480300 3036.329983 3328
448.336759 5.381755 3091.927962 3328
453.736643 5.349884 3110.348100 3328
459.362973 5.576331 2984.041204 3328
464.864151 5.451178 3052.551327 3328
470.295293 5.381142 3092.280350 3328
475.769646 5.424353 3067.647096 3328
481.397355 5.577709 2983.303853 3328
486.892567 5.445212 3055.895672 3328
492.205362 5.262795 3161.818229 3328
497.867122 5.611761 2965.201382 3328
503.486533 5.569411 2987.748725 3328
508.944847 5.408314 3076.744301 3328
514.343247 5.348400 3111.210826 3328
519.737962 5.344715 3113.356126 3328
525.407077 5.619115 2961.320288 3328
531.012790 5.555713 2995.115083 3328
536.445868 5.383078 3091.168346 3328
541.819543 5.323675 3125.660111 3328
547.328613 5.459069 3048.138533 3328
552.938115 5.559502 2993.073831 3328
558.492133 5.504018 3023.245844 3328
563.921407 5.379274 3093.354459 3328
569.285833 5.314427 3131.099745 3328
574.948903 5.613070 2964.509541 3328
580.482610 5.483707 3034.443823 3328
585.965636 5.433026 3062.750172 3328
591.308778 5.293142 3143.690228 3328
596.754651 5.395873 3083.838443 3328
602.385158 5.580507 2981.807940 3328
607.901464 5.466306 3044.103206 3328
613.321548 5.370084 3098.647991 3328
618.720778 5.349230 3110.728317 3328
624.410829 5.640052 2950.327523 3328
630.011946 5.551116 2997.595290 3328
635.494719 5.432773 3062.892383 3328
640.924021 5.379302 3093.338263 3328
646.267373 5.293352 3143.565745 3328
651.689295 5.371922 3097.587505 3328
657.181428 5.442133 3057.624702 3072
662.061339 4.829911 3180.182793 3072
667.150490 5.089151 3018.185194 3072
672.258368 5.107878 3007.119702 3072
677.229130 4.920763 3121.467441 3072
682.113894 4.884763 3144.471861 3072
687.248063 5.134169 2991.720621 3072
692.296254 5.048191 3042.674228 3072
697.186992 4.890739 3140.629931 3072
701.994132 4.807140 3195.246957 3072
707.050994 5.056861 3037.457236 3072
712.057504 5.006510 3068.005171 3072
716.961945 4.904441 3131.855619 2816
721.429405 4.467460 3151.679191 2816
726.082526 4.653121 3025.925999 2816
730.785949 4.703423 2993.564406 2816
735.330330 4.544381 3098.331639 2816
739.733643 4.403313 3197.592559 2816
744.236648 4.503005 3126.800754 2816
748.952055 4.715407 2985.956384 2816
753.583504 4.631449 3040.085017 2816
758.064370 4.480866 3142.249916 2816
762.478596 4.414226 3189.687326 2816
767.167418 4.688823 3002.886092 2816
771.825193 4.657775 3022.902775 2816
776.391407 4.566214 3083.517449 2816
780.889458 4.498051 3130.244372 2816
785.444570 4.555112 3091.032615 2816
790.171780 4.727209 2978.501447 2816
794.770868 4.599089 3061.476101 2816
799.197719 4.426850 3180.590832 2816
803.728734 4.531015 3107.471434 2816
808.434653 4.705919 2991.976532 2816
813.077083 4.642430 3032.894661 2816
817.553281 4.476198 3145.526759 2816
821.993735 4.440454 3170.847045 2816
826.967209 4.658841 3022.210671 2816
831.971954 4.663586 3019.135626 2816
836.783282 4.474914 3146.429277 2816
841.842263 4.533895 3105.497473 2816
846.988787 4.680419 3008.277694 2816
852.019710 4.711342 2988.532757 2816
856.773231 4.464863 3153.511987 2816
861.727365 4.418998 3186.243031 2816
866.924617 4.616249 3050.095497 2816
871.993117 4.684749 3005.497263 2816
876.908415 4.600047 3060.838027 2816
881.688648 4.380280 3214.406669 2816
886.760042 4.451674 3162.855128 2816
891.894892 4.586524 3069.862988 2816
897.017356 4.708988 2990.026902 2816
901.913119 4.604752 3057.711126 2816
906.604777 4.296409 3277.155578 2816
911.572090 4.263722 3302.279444 3072
917.214052 4.905684 3131.061843 3072
921.081549 3.773181 4070.835273 3072
925.415514 3.107146 4943.443246 3072
930.638051 3.329683 4613.051793 3072
935.927757 3.619389 4243.809713 3072
941.187408 3.879040 3959.742333 3072
946.183103 3.874735 3964.142497 3072
951.166312 3.857944 3981.395237 3072
956.172641 3.864273 3974.874409 3072
961.175217 3.866849 3972.226825 3072
966.145054 3.836686 4003.455084 3072
971.117698 3.809330 4032.205177 3072
976.069313 3.760945 4084.079633 3072
980.657684 3.349316 4586.011343 3072
985.108037 2.799669 5486.363382 3072
990.113953 2.805585 5474.794708 3072
995.116699 2.808331 5469.441292 3072
1000.119077 2.810709 5464.813378 3072
1005.099330 2.790962 5503.477828 3072
1010.098376 2.790008 5505.360752 3072
1015.111266 2.802898 5480.043017 3072
1019.347877 2.039509 7531.224500 3072
1024.386793 2.078425 7390.212634 3328
1029.581050 2.272682 7321.747192 3328
1034.546132 2.237764 7435.995373 3328
