# WEMAClient mimuroto
32.013449 0.128000  32.097205 0.128000 
32.147205 5.120000  34.083326 5.120000 
34.083326 5.120000  35.552298 5.120000 
35.552298 5.120000  37.873985 5.120000 
37.873985 5.120000  39.930500 5.120000 
42.147205 5.120000  44.069871 5.120000 
47.147205 5.120000  49.058206 5.120000 
52.147205 5.120000  54.074825 5.120000 
57.147205 5.120000  59.082312 5.120000 
62.147205 5.120000  65.037170 5.120000 
67.147205 5.120000  70.963812 5.120000 
72.147205 5.120000  75.981371 5.120000 
77.147205 5.120000  80.982000 5.120000 
82.147205 5.120000  85.317378 5.120000 
87.147205 5.120000  89.938274 5.120000 
92.147205 5.120000  95.419645 5.120000 
97.147205 5.120000  102.533510 5.120000 
102.533510 4.608000  107.750228 4.608000 
107.750228 4.352000  112.648070 4.352000 
112.648070 4.352000  117.537751 4.352000 
117.537751 4.352000  122.428121 4.352000 
122.428121 4.352000  127.941299 4.352000 
127.941299 3.840000  133.339222 3.840000 
133.339222 3.328000  138.031825 3.328000 
138.031825 3.328000  142.713879 3.328000 
142.713879 3.328000  147.413083 3.328000 
147.413083 3.328000  152.093635 3.328000 
152.147205 3.328000  156.996618 3.328000 
157.147205 3.328000  162.757198 3.328000 
162.757198 2.816000  167.510686 2.816000 
167.510686 2.816000  172.240974 2.816000 
172.240974 2.816000  176.993234 2.816000 
177.147205 2.816000  181.899043 2.816000 
182.147205 2.816000  186.868056 2.816000 
187.147205 2.816000  191.874198 2.816000 
192.147205 2.816000  196.887101 2.816000 
197.147205 2.816000  201.898612 2.816000 
202.147205 2.816000  206.876714 2.816000 
207.147205 2.816000  211.905980 2.816000 
212.147205 2.816000  216.886608 2.816000 
217.147205 2.816000  221.885253 2.816000 
222.147205 2.816000  226.886260 2.816000 
227.147205 2.816000  231.898668 2.816000 
232.147205 2.816000  236.906685 2.816000 
237.147205 2.816000  241.879434 2.816000 
242.147205 2.816000  246.906798 2.816000 
247.147205 2.816000  251.894771 2.816000 
252.147205 2.816000  256.882738 2.816000 
257.147205 2.816000  261.882355 2.816000 
262.147205 2.816000  266.879886 2.816000 
267.147205 2.816000  271.864688 2.816000 
272.147205 2.816000  276.859294 2.816000 
277.147205 2.816000  281.874304 2.816000 
282.147205 2.816000  286.906703 2.816000 
287.147205 2.816000  291.869412 2.816000 
292.147205 2.816000  296.868108 2.816000 
297.147205 2.816000  301.855539 2.816000 
302.147205 2.816000  306.819906 2.816000 
307.147205 2.816000  311.751030 2.816000 
312.147205 2.816000  316.722276 2.816000 
317.147205 3.072000  322.308859 3.072000 
322.308859 2.816000  326.948780 2.816000 
327.147205 2.816000  331.747377 2.816000 
332.147205 2.816000  336.695048 2.816000 
337.147205 3.072000  342.342469 3.072000 
342.342469 2.816000  347.016398 2.816000 
347.147205 2.816000  351.785484 2.816000 
352.147205 2.816000  356.741290 2.816000 
357.147205 2.816000  361.694378 2.816000 
362.147205 3.072000  367.335526 3.072000 
367.335526 2.816000  372.049316 2.816000 
372.147205 2.816000  376.789470 2.816000 
377.147205 2.816000  381.733197 2.816000 
382.147205 2.816000  386.708842 2.816000 
387.147205 3.072000  392.310767 3.072000 
392.310767 2.816000  397.010601 2.816000 
397.147205 2.816000  401.791485 2.816000 
402.147205 2.816000  406.734408 2.816000 
407.147205 2.816000  411.699640 2.816000 
412.147205 3.072000  417.330772 3.072000 
417.330772 2.816000  421.972844 2.816000 
422.147205 2.816000  426.742395 2.816000 
427.147205 2.816000  431.714852 2.816000 
432.147205 3.072000  437.345317 3.072000 
437.345317 2.816000  441.989134 2.816000 
442.147205 2.816000  446.743845 2.816000 
447.147205 2.816000  451.708006 2.816000 
452.147205 3.072000  457.328747 3.072000 
457.328747 2.816000  461.997152 2.816000 
462.147205 2.816000  466.737662 2.816000 
467.147205 2.816000  471.709180 2.816000 
472.147205 3.072000  477.311209 3.072000 
477.311209 2.816000  482.019312 2.816000 
482.147205 2.816000  486.773197 2.816000 
487.147205 2.816000  491.705024 2.816000 
492.147205 3.072000  497.332226 3.072000 
497.332226 2.816000  502.047066 2.816000 
502.147205 2.816000  506.788186 2.816000 
507.147205 2.816000  511.743918 2.816000 
512.147205 2.816000  516.708527 2.816000 
517.147205 3.072000  522.256829 3.072000 
522.256829 2.816000  526.989721 2.816000 
527.147205 2.816000  531.850416 2.816000 
532.147205 2.816000  536.756464 2.816000 
537.147205 2.816000  541.704937 2.816000 
542.147205 3.072000  547.242102 3.072000 
547.242102 2.816000  551.981039 2.816000 
552.147205 2.816000  556.831624 2.816000 
557.147205 2.816000  561.748943 2.816000 
562.147205 2.816000  566.722438 2.816000 
567.147205 3.072000  572.243701 3.072000 
572.243701 2.816000  576.948984 2.816000 
577.147205 2.816000  581.779440 2.816000 
582.147205 2.816000  586.772096 2.816000 
587.147205 2.816000  591.714101 2.816000 
592.147205 3.072000  597.165604 3.072000 
597.165604 2.816000  601.925383 2.816000 
602.147205 2.816000  606.811255 2.816000 
607.147205 2.816000  611.733830 2.816000 
612.147205 2.816000  616.686959 2.816000 
617.147205 3.072000  622.354505 3.072000 
622.354505 2.816000  627.080696 2.816000 
627.147205 2.816000  631.818661 2.816000 
632.147205 2.816000  636.752477 2.816000 
637.147205 2.816000  641.702646 2.816000 
642.147205 3.072000  647.054579 3.072000 
647.147205 3.072000  652.176133 3.072000 
652.176133 2.816000  656.821115 2.816000 
657.147205 2.816000  661.628291 2.816000 
662.147205 3.072000  667.239558 3.072000 
667.239558 2.816000  671.949414 2.816000 
672.147205 2.816000  676.705313 2.816000 
677.147205 3.072000  682.055926 3.072000 
682.147205 3.072000  687.293368 3.072000 
687.293368 2.816000  691.943267 2.816000 
692.147205 2.816000  696.678401 2.816000 
697.147205 3.072000  701.947592 3.072000 
702.147205 3.072000  707.228661 3.072000 
707.228661 2.816000  711.854700 2.816000 
712.147205 2.816000  716.678723 2.816000 
717.147205 3.072000  722.044288 3.072000 
722.147205 3.072000  727.229523 3.072000 
727.229523 2.816000  731.888995 2.816000 
732.147205 2.816000  736.678867 2.816000 
737.147205 3.072000  742.022187 3.072000 
742.147205 3.072000  747.291771 3.072000 
747.291771 2.816000  751.960657 2.816000 
752.147205 2.816000  756.721229 2.816000 
757.147205 3.072000  762.019733 3.072000 
762.147205 3.072000  767.259997 3.072000 
767.259997 2.816000  771.901789 2.816000 
772.147205 2.816000  776.697419 2.816000 
777.147205 3.072000  782.048441 3.072000 
782.147205 3.072000  787.301528 3.072000 
787.301528 2.816000  791.972212 2.816000 
792.147205 2.816000  796.720524 2.816000 
797.147205 3.072000  802.038061 3.072000 
802.147205 3.072000  807.295354 3.072000 
807.295354 2.816000  811.979320 2.816000 
812.147205 2.816000  816.714530 2.816000 
817.147205 3.072000  822.030834 3.072000 
822.147205 3.072000  827.155844 3.072000 
827.155844 2.816000  831.812320 2.816000 
832.147205 2.816000  836.627138 2.816000 
837.147205 3.072000  842.032702 3.072000 
842.147205 3.072000  847.192305 3.072000 
847.192305 2.816000  851.900783 2.816000 
852.147205 2.816000  856.623966 2.816000 
857.147205 3.072000  861.932272 3.072000 
862.147205 3.072000  867.118098 3.072000 
867.147205 3.072000  872.213453 3.072000 
872.213453 2.816000  876.814450 2.816000 
877.147205 2.816000  881.559295 2.816000 
882.147205 3.072000  886.956733 3.072000 
887.147205 3.072000  892.095403 3.072000 
892.147205 3.072000  897.213109 3.072000 
897.213109 2.816000  901.812579 2.816000 
902.147205 2.816000  906.470855 2.816000 
907.147205 3.072000  911.746444 3.072000 
912.147205 3.328000  917.433698 3.328000 
