126.007460 18508.646580 0.000000
127.008719 19582.727009 18508.646580
128.011304 18881.422861 20656.807438
129.012569 19727.930844 20399.349434
130.015438 19136.514560 20526.019776
131.016036 19302.323574 19946.270501
132.018475 19756.484622 19578.313639
133.018495 18529.252194 19665.958478
134.020141 19492.318264 18811.988112
135.021647 19490.525117 19036.618502
136.022632 19883.113477 19261.513777
137.025755 18518.893916 19725.655519
138.027960 20072.010105 18973.926209
139.029281 19587.672557 19649.140623
140.030734 19500.750217 19729.212039
141.033123 19341.199710 19668.671122
142.033632 18920.485636 19476.757557
143.037008 19158.242045 19031.375757
144.038330 19469.348573 18959.279634
145.038522 18347.993889 19206.302071
146.039748 19552.382381 18554.558902
147.039974 19530.959798 19080.337433
148.040115 18607.719664 19445.170999
149.042985 19530.123971 18956.604881
150.043295 19323.761081 19316.903748
151.044094 19752.043216 19395.586070
152.046420 18511.631379 19738.182585
153.048593 19622.232726 18982.637122
154.049413 19241.656014 19320.063966
155.051710 19185.278081 19278.887043
156.053788 19066.339751 19206.707375
157.054738 18921.021993 19076.056470
158.057185 18746.587066 18899.313519
159.059269 19475.576526 18685.542967
160.061805 19080.291921 19140.660810
161.064525 20045.163493 19155.485207
162.065272 18568.393567 19867.752763
163.066210 19552.806214 19160.661779
164.069030 19563.257452 19397.358719
165.070386 19136.583502 19562.407491
166.073132 18890.645299 19325.138905
167.074853 18812.453929 18974.912109
168.075781 19944.390599 18720.088481
169.076614 17528.682401 19464.720532
170.077324 20001.677083 18145.172925
171.078887 20332.719392 19186.022502
172.079331 18784.297171 20158.642668
173.082520 18823.649372 19527.155266
174.082594 19041.810040 19055.211192
175.084464 19422.703371 18924.969201
176.087929 18485.976334 19174.728414
177.089039 19531.474203 18659.056481
178.092166 19373.663693 19142.073880
179.092574 19383.651573 19362.574778
180.093278 18365.009877 19483.088366
181.094031 19752.359708 18754.504689
182.096600 18603.428815 19333.351522
183.097727 19829.306345 18865.828814
184.100788 19681.171469 19485.875608
185.101662 18309.897772 19770.655533
186.104906 19274.446242 18862.219206
187.106755 19024.046612 18993.332037
188.108921 19114.414174 18941.367281
189.110803 18277.852214 19003.830408
190.111768 18526.508262 18435.286442
191.113450 19180.613221 18298.147939
192.115910 19825.096222 18777.247487
193.116511 19279.154086 19601.000946
194.119162 18897.198183 19659.444891
195.120876 19948.750627 19307.127236
196.121772 19244.095047 19817.150478
197.122816 18578.565773 19576.570451
198.125891 19640.000214 18874.014631
199.126588 19415.601408 19244.950338
200.131129 19851.494779 19360.881556
201.132995 18779.473233 19759.447156
202.133874 19081.318134 19177.725702
203.134055 19201.648502 19013.685534
204.135303 19532.144906 19038.821376
205.136314 19375.605210 19339.968382
206.137825 19409.678567 19421.181243
207.141233 19529.299605 19475.948684
208.144710 19496.551723 19576.480653
209.145464 19262.222476 19590.390464
210.147528 19205.089038 19398.138750
211.150824 18695.152071 19225.183745
212.153770 18640.920198 18751.229841
213.154951 19305.046590 18459.559542
214.158321 19004.452843 18857.159350
215.159577 18693.224148 18942.485754
216.162724 19023.064766 18767.219207
217.162935 18433.319703 18908.467632
218.164245 19645.290280 18565.432331
219.167111 19266.978234 19269.864456
220.170732 19891.666596 19432.202940
221.172265 19578.847736 19940.582277
222.173309 19054.708004 19947.928880
223.176529 19480.514157 19466.227097
224.177586 19389.615455 19441.851047
225.181911 19133.162751 19371.154773
226.182140 19636.451498 19148.082278
227.182224 19481.663293 19410.282710
228.183851 20112.933324 19481.833969
229.186915 19367.185830 19991.019452
230.187273 19126.471969 19716.780041
231.187376 19118.975929 19311.726388
232.190762 19824.064200 19057.263926
233.192555 18419.951881 19474.276899
234.193969 18788.000074 18717.145972
235.195966 19520.261805 18540.318130
236.199290 18795.063820 19063.020994
237.199673 19592.366875 18894.784139
238.200417 19966.740501 19383.712924
239.201604 18991.892070 19961.121023
240.205297 19051.428528 19520.093619
241.207562 18828.238446 19212.181873
242.212038 19115.287682 18850.645103
243.213405 18843.954364 18879.561980
244.213531 19157.037367 18749.451856
245.216921 19245.879094 18942.834673
246.217464 19162.362134 19159.708050
247.220223 18108.328806 19227.049780
248.223636 19453.188411 18454.023738
249.225132 18824.508596 18989.731687
250.228726 19396.441789 18901.939981
251.230798 18258.618870 19267.636177
252.232809 19008.790777 18629.318488
253.233375 19399.307297 18780.113670
254.236572 19138.925613 19205.567927
255.239964 19058.162403 19271.443635
256.241586 17980.225046 19210.679576
257.242236 18733.721892 18333.715236
258.244040 19266.255810 18371.983153
259.244236 19470.417407 18880.952235
260.246032 19227.036929 19384.883867
261.246791 19028.011011 19475.697710
262.250839 18152.461657 19309.669997
263.252040 18560.697133 18499.579379
264.252945 18755.978471 18313.931246
265.253391 18309.426896 18429.259655
266.253764 19696.451526 18233.689883
267.255413 19585.840785 19195.107722
268.258621 18850.843137 19718.194537
269.260990 19454.839199 19395.401271
270.263538 19373.421700 19550.862151
271.266803 19579.048980 19543.523729
272.268035 19200.137549 19651.549470
273.268191 19129.515614 19403.253645
274.270679 18925.797267 19175.360258
275.271023 18938.420544 18897.163642
276.273011 18354.998422 18774.691199
277.276028 18783.271761 18316.820722
278.277906 18244.798210 18418.634913
279.280408 18882.028032 18156.846057
280.281578 18420.794869 18525.862033
281.284134 19608.403082 18453.486649
282.287776 19650.937888 19299.832172
283.291369 19180.765174 19832.048765
284.292680 19375.463163 19700.249807
285.296645 18625.118359 19650.502661
286.298836 18833.014354 18994.110611
287.299571 19346.987182 18729.588519
288.301402 20035.834272 19008.663553
289.304486 18930.428153 19749.417294
290.307451 19199.681414 19362.343821
291.310743 18293.429403 19262.768112
292.313763 19054.240586 18517.519576
293.315000 20206.661679 18659.481151
294.316322 19493.247691 19693.467617
295.318182 19321.039700 19803.698875
296.320850 19330.669526 19652.045715
297.323426 19262.557287 19500.690000
298.325467 18841.523748 19331.422845
299.358087 19126.344717 18913.797724
300.358672 18861.608723 18900.532396
301.361150 19281.129409 18751.800816
302.362706 19368.283128 19019.527518
303.365583 19560.348078 19284.156631
304.368490 19148.375482 19581.551524
305.370645 19470.864574 19415.968662
306.373023 19056.113693 19508.145755
307.375981 18861.638032 19233.850846
308.376719 18830.177525 18906.412357
309.378965 19854.814325 18707.904151
310.379441 19851.913896 19407.695992
311.383346 19742.250781 19867.196173
312.386288 18782.258378 20010.878359
313.387775 19569.259847 19295.568255
314.390665 19180.799231 19399.836836
315.393986 19652.111031 19202.981417
316.394356 19251.106669 19452.492010
317.394954 18677.958132 19326.398791
318.396784 19191.764401 18814.667748
319.399769 19214.671113 18909.979524
320.401498 18805.446332 19045.261665
321.403663 18423.490006 18848.336512
322.408717 19442.237688 18452.684146
323.411938 19051.787316 19011.620190
324.414102 19029.600241 19105.904807
325.414623 18686.721387 19122.877437
326.415175 19728.007802 18850.885313
327.418104 19224.964074 19454.813080
328.421459 19590.558498 19447.792848
329.422004 19112.314184 19662.771357
330.423278 18857.405377 19393.524161
331.426556 19523.551762 18997.416463
332.430669 19155.653180 19263.969632
333.431007 18833.899917 19186.217812
334.433338 18644.656977 18898.385797
335.435821 18458.652236 18596.416115
336.437087 19631.230908 18317.987933
337.438164 19439.508976 19093.373922
338.439457 19475.465167 19471.739714
339.439599 19294.493395 19679.832069
340.442329 18628.210424 19597.057692
341.444028 19116.764731 18980.317201
342.447359 19422.581362 18950.335991
343.447698 19231.563918 19206.315045
344.447703 19102.774122 19245.108068
345.451749 19683.444413 19164.526195
346.454977 19265.373388 19544.299958
347.457731 19454.399404 19455.419685
348.459246 18611.432460 19505.237486
349.460398 18292.568520 18885.211659
350.463425 19884.949428 18267.605990
351.463905 19980.710266 19159.329469
352.466349 19216.459472 19858.416827
353.467161 19850.260451 19665.345770
354.467911 19330.157896 19931.939401
355.470016 19275.157836 19654.739563
356.473570 19469.819856 19393.744182
357.477250 19363.191401 19379.596420
358.477788 19178.420393 19315.107057
359.478199 19203.040620 19156.305205
360.481671 19003.873556 19100.898247
361.484311 19952.973218 18949.355063
362.488441 19101.923340 19599.037841
363.491836 18759.366219 19374.075665
364.493119 19957.273875 18936.638655
365.493876 19177.786787 19572.032783
366.496314 19821.673075 19401.424805
367.496459 19357.724677 19743.126026
368.500125 19683.624200 19585.652101
369.502425 18899.200090 19694.357925
370.504069 20264.455698 19157.709323
371.507788 19392.392658 19848.699420
372.508842 19089.117396 19644.086258
373.512240 18508.593182 19251.399830
374.512254 19142.882377 18579.092847
375.513133 20871.252162 18701.031336
376.515431 19578.550495 20168.740679
377.516880 18738.414857 20108.696972
378.516932 18993.707220 19316.036770
379.520604 19608.398240 18966.770463
380.523741 19776.367471 19259.889764
381.525886 19316.368575 19619.553457
382.528826 19313.033734 19493.589635
383.531110 18815.088151 19383.801328
384.531908 19441.675924 18937.756089
385.534758 18456.585574 19154.007315
386.536573 19036.967139 18595.232317
387.539866 20108.372764 18716.469306
388.540339 19531.210182 19660.766478
389.542324 19060.895127 19811.944699
390.545649 19013.345083 19464.613888
391.547282 19045.039392 19154.356260
392.547754 19552.349871 18987.745384
393.550203 19309.411303 19299.246307
394.552201 19213.573298 19336.068734
395.553312 18607.356064 19275.937086
396.553787 18939.945178 18775.617389
397.557368 19575.779237 18732.834045
398.557570 19263.140156 19240.095700
399.560538 18712.688072 19343.168101
400.560678 19752.784649 18961.858253
401.562709 18526.278884 19488.983216
402.565671 19034.619239 18898.616732
403.566486 18743.405341 18891.604294
404.570646 19231.180505 18705.441388
405.571776 19844.072127 18987.682297
406.574377 19261.102438 19649.346019
407.575138 18345.249202 19591.632141
408.576482 19273.149952 18793.252848
409.579112 19307.336489 18977.987854
410.581607 19854.179749 19169.785784
411.585249 19581.811862 19710.204870
412.588986 19343.593337 19812.132218
413.589569 18793.618443 19626.851909
414.592579 19674.425466 19050.915941
415.593644 19107.807107 19359.228850
416.596712 18458.493854 19167.220689
417.597448 19817.234658 18569.378273
418.597862 18966.454747 19261.791564
419.600376 18445.318581 19108.774049
420.602058 17965.913346 18605.833342
421.603611 19600.385929 17954.680372
422.604491 19250.582410 18857.766567
423.606524 18377.348642 19232.611866
424.606569 19345.499489 18769.601826
425.608379 20131.961649 19166.146645
426.609493 18922.059737 19999.103886
427.613040 19433.908606 19541.370512
428.616379 18801.318152 19541.562784
429.617680 19398.180530 19040.302534
430.620290 19202.457523 19177.573097
431.623274 18561.049102 19154.567982
432.624872 19489.770153 18673.981494
433.625013 20001.971604 19101.995940
434.628652 19449.794539 19797.097804
435.631815 18802.262494 19781.734388
436.634048 19549.365341 19205.418684
437.637707 18906.495739 19376.798920
438.640968 19219.410711 19023.478441
439.644613 18361.739047 19052.258755
440.644960 18642.898402 18465.183154
441.646525 18810.438735 18356.653842
442.649150 19452.511031 18499.605576
443.650379 18508.488713 19130.343955
444.653454 18750.822273 18818.238175
445.656128 19305.441744 18766.498089
446.657776 19752.939394 19152.673696
447.658758 19859.860773 19719.576748
448.659441 19869.327549 20091.559970
449.660564 18965.964004 20226.726864
450.664340 19256.290544 19527.437823
451.664452 18091.654989 19255.169753
452.667834 19621.663464 18245.839249
453.669427 18183.323422 18850.134289
454.671698 19486.265596 18266.409071
455.674561 19512.148122 18930.981680
456.677151 19106.200820 19421.500858
457.679772 19215.331705 19384.961787
458.681431 19402.224035 19378.850173
459.682459 19139.608795 19475.083997
460.683020 18932.598984 19308.024488
461.685670 19259.374837 19027.133452
462.687218 19186.364996 19108.136207
463.690391 20045.063141 19131.689862
464.691899 18012.223483 19801.159081
465.693391 20109.387887 18672.239962
466.694829 18801.224799 19515.649586
467.696846 19296.467943 19104.666657
468.699341 19334.189600 19194.747086
469.701832 19315.325973 19293.508758
470.701870 19522.287997 19338.912083
471.706018 19656.085427 19510.938737
472.706020 18811.912551 19700.137452
473.708032 20102.359306 19150.594146
474.711075 18561.871449 19758.987160
475.713314 19936.107648 18993.660811
476.715103 19227.803681 19533.727445
477.717913 19233.775999 19373.127838
478.721785 19382.478648 19260.976234
479.722414 18828.336124 19309.627359
480.722463 19640.038262 18936.558851
481.724836 19753.508394 19331.745519
482.728531 18560.722161 19691.514638
483.732054 19060.489847 18992.307961
484.734532 18206.086419 18909.633938
485.735514 19226.006619 18265.208332
486.736044 19261.592668 18693.155201
487.737583 19147.063918 19067.031026
488.739621 19101.837356 19216.712787
489.744024 19140.511076 19240.221529
490.746835 18702.425252 19246.385147
491.748869 19106.386674 18894.434070
492.750347 18896.124792 18973.427393
493.753050 19487.758750 18888.467463
494.755992 17953.086633 19291.627300
495.759422 18307.331723 18391.235992
496.762884 18695.694230 18097.186816
497.763838 19859.067840 18293.970335
498.764929 18740.831642 19365.323276
499.768234 18907.735952 19185.758739
500.771851 19863.821758 19109.922929
501.775128 20028.182682 19738.522634
502.777480 18224.758469 20207.417961
503.778523 18711.955049 19044.488644
504.782416 19818.994896 18623.488878
505.782784 18540.843898 19265.385422
506.783639 19498.967086 18766.122814
507.786341 18903.593796 19178.764173
508.788220 19635.112505 19018.605612
509.788309 19399.187081 19458.412410
510.788619 18600.629146 19545.546765
511.790489 19934.524222 18953.605570
512.792263 19852.368184 19569.812173
513.793993 19482.498976 19907.476459
514.794322 19293.925350 19785.129627
515.798115 19387.698020 19506.868328
516.799597 18562.033582 19384.831437
517.802335 18772.774649 18705.281309
518.803679 18800.332884 18487.750113
519.805812 19650.269858 18470.909326
520.809071 18413.478931 19182.297552
521.811640 18544.496081 18727.391546
522.811760 19802.886082 18519.723252
523.815123 19625.584173 19365.874813
524.815143 19814.639429 19765.226979
525.817763 19625.259648 20071.783803
526.821298 17801.710118 20018.741285
527.824221 19622.312981 18526.187470
528.825441 18708.970781 18964.243371
529.826823 19083.675869 18662.782075
530.831177 19101.939542 18804.627419
531.833093 18260.476270 18959.009959
532.834945 18657.711135 18440.836170
533.837096 19345.338261 18434.585449
534.837870 18926.385767 19002.961855
535.840938 19075.114629 19058.529789
536.844082 19088.271108 19164.824396
537.845328 19729.343994 19205.411618
538.847001 18926.823220 19677.224765
539.849838 19273.907403 19324.270566
540.855071 19891.974015 19308.744767
541.856690 19605.593109 19755.822486
542.856807 19210.450724 19798.613548
543.857451 19361.923940 19475.397180
544.861210 19234.842758 19361.157294
545.863394 18642.148325 19208.918126
546.866824 18799.671578 18694.758875
547.867092 19215.983952 18542.669052
548.868649 18677.777782 18843.109053
549.871042 19577.120286 18682.893150
550.872493 19728.640096 19276.013235
551.875706 19260.393876 19761.489897
552.876133 19602.494621 19644.831113
553.878607 18869.548606 19746.967971
554.881928 19516.575189 19212.208551
555.883579 19958.651090 19344.433792
556.884179 19410.736761 19785.138688
557.887813 19016.528788 19637.933489
558.888501 18693.474723 19211.875728
559.891862 19448.176583 18707.719564
560.895106 19854.515198 19018.106666
561.897159 19141.695475 19585.571658
562.901161 19055.397059 19401.925247
563.901231 19430.824229 19180.320786
564.904690 19597.469988 19319.858001
565.906504 19055.768232 19542.352485
566.909145 18111.482378 19261.102786
567.911178 19267.220605 18360.929907
568.911989 19525.409040 18715.285256
569.912196 19655.677805 19224.088094
570.913508 19810.114239 19651.521323
571.915277 20022.882655 19982.104383
572.918649 19853.132888 20263.974690
573.920396 18374.293552 20217.324509
574.923806 19270.341661 18993.822011
575.926145 18721.776163 18899.224729
576.927291 19329.762364 18533.281198
577.928160 19894.647276 18853.422824
578.928830 19701.531677 19556.242206
579.930735 18517.856835 19847.416465
580.933874 17843.719249 19068.776267
581.935888 19546.551012 18036.123120
582.938780 18757.093441 18748.819401
583.939063 19854.771225 18712.507266
584.940731 19861.796586 19528.756080
585.944329 18831.874801 20023.653295
586.946046 19162.027503 19458.196386
587.948825 19551.081781 19266.502062
588.949256 18828.212731 19436.326968
589.950427 19552.343334 19007.776337
590.952440 19313.222458 19291.708073
591.954494 19786.606890 19319.492099
592.958110 19197.457734 19686.855025
593.959583 18813.234476 19453.612588
594.960873 18367.369144 18984.785212
595.961063 19245.139338 18373.084842
596.963795 17988.952734 18724.133377
597.965625 19592.664878 18087.769182
598.965689 19620.028518 18947.667080
599.966615 19175.863734 19559.388209
600.969583 18971.813725 19547.285263
601.972497 18779.406172 19295.340901
602.975376 19091.227956 18944.181261
603.979154 19307.968416 18961.274007
604.981296 18937.457386 19164.864212
605.984316 19503.152876 19024.552093
606.985788 18849.867286 19356.893974
607.989932 19105.085210 19069.665447
608.991166 18749.574640 19062.515087
609.994641 19728.049965 18802.949510
610.994984 19808.327825 19393.679498
611.995117 19179.640533 19832.845503
612.997259 19976.466638 19574.783618
613.999862 19263.509966 19944.586482
615.000840 18707.779204 19602.740450
616.002041 19642.570695 18930.211741
617.003574 19124.446232 19239.432871
618.005193 19884.058705 19106.234544
619.005646 18492.812066 19613.897657
620.007181 19393.156282 18891.834497
621.011101 19433.539626 19106.305471
622.013014 18580.729680 19315.541169
623.014822 19650.360024 18810.051173
624.016765 18113.896798 19302.198559
625.017473 18448.206260 18482.965199
626.021803 19277.247798 18231.813515
627.024214 19209.108702 18782.117013
628.025812 19123.185811 19129.947136
629.027887 18696.677339 19259.210421
630.028541 19214.256816 18969.954557
631.030526 18246.867280 19145.191928
632.033397 18368.294744 18524.534684
633.035042 18628.449333 18235.859809
634.036386 19399.434536 18319.747047
635.038415 19562.779903 19017.105140
636.039228 18772.764812 19583.875560
637.042240 19018.792034 19269.475538
638.044166 19429.688905 19172.618262
639.044498 19157.877751 19393.905720
640.046501 19642.926103 19309.636880
641.047560 18833.621667 19593.348941
642.050139 18906.741690 19140.620936
643.054912 18827.600248 18892.347133
644.057853 19549.972824 18712.452790
645.059141 18949.966882 19193.071914
646.059568 19338.376502 19072.602248
647.061426 18977.008123 19273.015788
648.062690 18871.455376 19118.536453
649.063161 19598.512628 18926.750142
650.064533 19664.737408 19362.326234
651.064660 18450.738759 19688.829464
652.066567 19682.196499 18935.559078
653.067115 18797.807117 19361.312110
654.069334 19124.473285 18991.117687
655.070490 19656.841548 19002.692459
656.073214 19303.502809 19438.201248
657.075530 19429.607976 19445.611664
658.078945 19594.218955 19508.368533
659.080527 18586.195341 19643.515062
660.083654 18958.302887 18942.746590
661.086731 18773.652322 18782.305201
662.087892 19196.263330 18607.596004
663.089131 19310.228084 18878.713742
664.091014 18942.131803 19179.133573
665.091954 18929.956262 19086.044906
666.092076 18618.194065 18994.390641
667.096101 18429.287485 18698.633265
668.097698 19067.334502 18388.964843
669.100016 19339.830218 18722.746555
670.102701 19108.909653 19180.156185
671.104153 18922.022977 19275.589084
672.106752 19269.350888 19141.470669
673.107135 18878.243920 19280.045472
674.108231 18079.677109 19053.329001
675.109643 18255.949573 18297.274387
676.110983 19101.689476 17997.052109
677.111540 18506.218246 18545.970263
678.112738 19537.151832 18512.755721
679.113818 19276.412981 19267.714270
680.114503 19968.326430 19516.998797
681.115653 18957.730841 20100.429693
682.117925 19196.776524 19601.172634
683.119775 19116.356113 19369.967918
684.122055 19097.536712 19150.752403
685.123561 19747.294758 19018.431023
686.127347 19003.201342 19459.365289
687.131093 18957.201708 19193.744728
688.131351 20079.433321 18978.798875
689.135361 18979.310934 19707.600367
690.138237 19739.120216 19339.867560
691.138821 18852.343307 19635.718962
692.139306 19352.024908 19144.412295
693.140506 19090.833273 19200.502915
694.142840 19231.433028 19070.534997
695.146682 19073.289136 19116.075423
696.148035 18742.465156 19049.077118
697.150186 18555.352698 18773.512986
698.153731 18611.628970 18487.634618
699.156191 18822.661189 18403.832159
700.159534 20396.382490 18572.154296
701.667738 19529.103889 19899.233064
702.668542 19016.619178 20036.600853
703.668843 18555.390674 19594.046974
704.669372 18275.233678 18882.491707
705.670190 19420.947448 18234.821068
706.672922 19350.272252 18780.374229
707.675329 19123.978491 19160.287717
708.678986 19824.738441 19228.020274
709.679032 20115.797101 19761.446069
710.682736 19113.983837 20262.276055
711.685495 19074.836187 19724.711361
712.687356 19225.721582 19273.886396
713.690155 19456.797401 19111.875408
714.691903 18462.740242 19232.638321
715.692614 18428.335705 18603.516679
716.694136 18165.963988 18227.958345
717.696558 18317.884124 17893.494731
718.699962 18631.475217 17908.320340
719.702432 19421.254420 18253.317410
720.704208 19655.876327 19112.689799
721.705067 20393.645957 19795.483579
722.707541 19045.832354 20655.305879
723.708262 20160.126593 20008.941846
724.709549 19161.722023 20280.703136
725.711312 19215.866487 19637.636217
726.713702 18187.123508 19237.732558
727.714245 18949.179906 18260.756976
728.714805 18458.227243 18325.403117
729.715570 20513.323337 18145.455887
730.716457 19633.931348 19674.997182
731.719703 19216.342692 19989.805376
732.721402 19983.733093 19745.049475
733.725621 18678.839078 20066.037629
734.726848 20225.166593 19227.285060
735.727165 19676.224835 19830.542917
736.728053 18922.528055 19819.121446
737.731565 18934.680252 19212.413973
738.734430 19146.887857 18845.702905
739.734472 19439.883313 18843.747411
740.736165 19339.815078 19138.301368
741.736827 18617.022262 19285.922657
742.739399 19532.682658 18831.111794
743.742321 18324.507402 19236.929277
744.742528 19573.069142 18607.644921
745.743027 19115.323978 19158.639669
746.744714 18696.086901 19194.435538
747.745161 18836.095795 18878.127775
748.746458 18633.760202 18779.470346
749.748621 19645.396533 18592.546299
750.752273 19256.233898 19268.114999
751.753703 19387.102554 19408.347756
752.755999 18535.339728 19538.587163
753.756084 19047.607675 18927.013594
754.757455 19265.018617 18907.509303
755.759923 20170.371046 19095.839958
756.763598 19171.507577 19911.314271
757.763989 19210.154883 19634.668020
758.765667 19877.881390 19409.540263
759.767861 19127.732199 19747.924920
760.769216 18782.980463 19386.994472
761.769487 18625.882235 18883.149878
762.771391 19068.067546 18488.361556
763.775248 18872.838235 18656.986549
764.779536 19628.782629 18697.647311
765.783280 19297.700453 19328.733719
766.785943 18994.293819 19470.977518
767.787287 18898.751515 19271.225176
768.787394 19835.537517 19030.459437
769.789902 19092.213701 19579.739089
770.793457 18841.930502 19360.835660
771.794027 19081.124961 18996.516056
772.794296 19437.311840 18955.105710
773.795999 18941.629196 19233.045509
774.798811 19041.462007 19051.320008
775.799724 18622.563951 19007.909163
776.801995 18653.234640 18680.418409
777.804550 20148.731390 18525.212435
778.804581 19039.101450 19601.237562
779.806658 19086.684825 19443.901127
780.809298 19568.141112 19299.720522
781.812188 19440.417801 19535.463510
782.813001 19078.028231 19565.711922
783.814036 19630.328140 19277.720420
784.814526 18556.929836 19498.026553
785.817627 18901.332416 18836.206289
786.821526 18306.060700 18693.778978
787.821538 19168.769316 18227.999896
788.825010 19244.953399 18661.657017
789.825473 18822.360436 19062.401715
790.826035 18875.361201 18991.467263
791.826464 19156.589941 18953.473904
792.829345 18856.032039 19125.870603
793.830625 19207.159130 18994.330361
794.832369 18924.401814 19157.330978
795.832748 18880.762040 19039.220337
796.834488 18800.655083 18918.730555
797.834576 19033.350992 18788.913318
798.836595 19264.492940 18901.462072
799.841044 19002.630895 19164.065140
800.842074 18945.626819 19124.077091
801.844139 19384.251103 19030.968460
802.844979 18133.543665 19292.046948
803.847009 18888.999718 18507.606652
804.849646 19886.313033 18588.462797
805.851624 19645.106634 19452.010086
806.851810 20151.939506 19811.454668
807.854451 18971.054626 20329.714605
808.857967 19385.950541 19658.737138
809.859176 19696.008363 19462.499713
810.861463 19496.811002 19577.787074
811.864344 19511.573960 19515.588056
812.865333 18567.626569 19490.866502
813.868248 19531.931883 18775.722046
814.870858 18802.730641 19089.354935
815.872237 20244.860886 18809.914684
816.872931 19094.904313 19749.996232
817.873716 19674.203875 19481.285739
818.875274 19139.066707 19684.809808
819.877804 18778.371226 19382.567483
820.880829 19496.896815 18900.049516
821.882696 17772.098731 19167.265151
822.882907 18597.144491 18089.682322
823.884708 18848.327919 18090.279330
824.887798 19039.299161 18405.681695
825.890345 19766.527196 18817.272865
826.893826 19215.826531 19623.996050
827.897802 19969.030290 19649.964931
828.898399 20480.332388 20119.317590
829.902199 19033.924907 20699.898669
830.904161 18979.339180 19850.492027
831.906958 19611.176706 19180.707631
832.908058 19492.971363 19269.351464
833.909815 19048.707609 19310.475685
834.912470 19294.377440 19043.463898
835.914395 19324.215851 19095.521307
836.914932 19228.999867 19193.642852
837.916763 19096.928734 19203.934887
838.917767 20381.660520 19116.293800
839.918904 19451.785816 20031.180829
840.919006 19183.034175 19878.838238
841.921863 19709.103135 19494.340106
842.922560 19193.318856 19618.816277
843.922931 19609.825235 19316.787869
844.925309 18437.024374 19447.286195
845.926944 19433.249319 18673.569473
846.926957 18526.518888 18974.743546
847.927490 18585.237355 18559.909202
848.929684 19363.122870 18388.183302
849.931147 19484.073423 18934.998001
850.932059 18743.553249 19406.149483
851.933724 19828.767154 19105.816079
852.935552 19545.609519 19678.994097
853.938912 20231.891033 19790.658144
854.940986 19272.576548 20299.939148
855.943719 18934.853645 19818.081756
856.943834 19636.614580 19187.484581
857.944801 19690.220656 19335.348962
858.947031 19236.144671 19524.802113
859.949090 18620.217040 19320.326336
860.949675 19419.205004 18735.097308
861.950684 20295.171561 19013.003700
862.952747 19230.752687 19910.482139
863.955296 19544.972603 19657.079559
864.957078 18546.343189 19659.461488
865.960557 19676.172384 18883.058171
866.962113 20036.419033 19258.049663
867.962324 19116.701150 19820.261076
868.963867 19213.542914 19465.617859
869.964936 19624.105259 19273.698397
870.966163 19515.372320 19470.621553
871.966399 18928.128560 19525.904354
872.968313 19558.396412 19110.479926
873.971226 19350.153765 19329.880759
874.974197 19497.496482 19340.528104
875.977546 19757.549606 19458.765230
876.977566 18272.910633 19722.606448
877.980715 19247.613600 18749.783617
878.983480 18815.716423 18875.181181
879.984753 19138.240726 18707.065185
880.985656 18682.951184 18892.063224
881.987800 20082.368549 18704.639462
882.990706 19127.559769 19655.068535
883.991992 19028.898242 19521.001491
884.993384 19211.151950 19281.611393
885.996422 18827.706123 19235.428337
886.998038 19922.502893 18918.683342
887.999417 19522.588737 19558.664118
889.001918 19207.575320 19669.678582
890.003671 18904.833260 19452.153290
891.006498 19518.342838 19055.189607
892.009051 19165.025243 19279.250862
893.009705 20072.201571 19186.066287
894.009844 18892.479417 19814.595984
895.012757 19061.783086 19308.470614
896.014438 18846.109188 19078.387882
897.015725 18260.676243 18797.439893
898.016402 19317.976752 18230.058513
899.018211 20285.516942 18746.997638
900.021066 18595.501236 19873.867121
901.024269 19576.491403 19272.702538
902.026505 19982.717767 19538.562546
903.027121 19230.233507 19985.644538
904.027778 18702.816482 19644.090646
905.029182 19095.149279 18974.286646
906.031190 18652.152438 18865.766703
907.031486 19267.016958 18536.604745
908.033392 19006.003120 18862.059079
909.035699 19301.939031 18930.265337
910.038632 19777.322891 19205.254846
911.667273 18681.664067 19723.458541
912.668013 19213.931850 19174.282358
913.668462 18784.760145 19175.740531
914.669312 19255.121572 18864.138669
915.670908 19108.449726 19041.264177
916.671442 18591.080748 19073.287396
917.672260 19511.088878 18710.062853
918.675823 18621.116177 19188.711153
919.677912 19358.069544 18841.150209
920.678263 19073.788618 19165.076254
921.678744 17658.106722 19162.076905
922.679857 18692.136980 18076.743736
923.680478 18787.247964 18204.940592
924.680563 19415.227155 18462.171355
926.665632 20049.005445 19143.040282
927.667511 19188.702457 20026.855181
928.668840 19263.648709 19829.072956
929.669445 18963.169610 19626.298908
931.667050 18520.196030 19208.890010
932.667561 19094.870806 18606.525276
933.669517 19677.596641 18714.766679
934.670183 19438.324692 19300.957789
936.666417 19120.216198 19508.759095
937.666971 18768.599149 19356.469777
938.669186 19645.146118 18957.548936
939.669923 18783.007926 19368.261296
940.670793 18773.261705 18996.235037
941.672087 19279.841561 18749.605464
942.673470 19366.839746 19012.139630
943.676221 19738.974013 19275.580834
944.679579 18502.131012 19709.216864
945.681007 18875.202239 19005.841916
946.681824 19254.312964 18808.030136
947.681893 19010.786962 19010.250315
948.683225 19038.044014 18989.731566
949.685862 19409.582060 19005.178829
951.665565 19235.891701 19299.772291
952.668941 19446.751255 19344.253695
953.671499 19188.076488 19497.548564
954.674157 19333.589951 19367.490596
955.675540 18186.314733 19366.743182
956.675808 23782.947127 18497.624754
957.676659 19929.953447 22182.712330
958.677087 19497.402765 21535.569557
959.677114 19124.781739 20486.181132
960.678448 19032.003211 19434.826558
961.678713 17814.169499 18762.054170
962.679792 19067.066486 17579.779952
963.683385 18724.389077 17986.912970
964.684816 19087.458481 18203.509802
966.666990 19413.350992 18714.330090
967.670037 19337.275530 19307.441714
968.673357 19159.837143 19573.418249
969.673396 19376.149168 19514.292047
971.666743 19096.454409 19558.349239
972.667949 19173.869581 19325.056748
973.668260 19319.372991 19209.321297
974.670322 18447.780053 19251.718200
976.667417 18876.232201 18636.135645
977.667999 19732.732450 18602.594581
978.668404 19030.789420 19296.608641
979.669776 19253.304919 19226.189350
981.665153 18769.259729 19309.016347
982.666010 19726.083949 18973.468096
983.668285 19215.921064 19472.260044
984.670355 18966.055660 19402.489830
986.665232 17252.108713 19133.563479
987.667527 18982.665256 17671.763138
988.667728 19137.942056 18133.866768
989.668770 19451.331826 18693.575806
991.665313 16383.313926 19319.564215
992.666033 19468.806943 17364.486897
993.667486 19547.351932 18455.774758
994.667828 18693.900413 19313.585477
996.664991 16632.441343 19160.843810
997.665684 19383.328856 17421.642826
998.667238 18544.832115 18417.907598
999.668413 18820.639935 18528.522742
1001.665697 18577.760954 18794.763523
1002.665808 18992.994298 18752.193780
1003.667170 19256.820081 18998.725711
1006.665939 19570.246588 19318.428160
1007.666231 19164.741753 19697.947245
1008.667973 18948.213051 19551.652997
1011.665562 19105.421505 19219.381536
1012.667129 19170.154659 19103.360024
1013.668603 19326.522171 19094.414504
1014.669464 18987.542277 19226.152416
