33.002800 18695.992983 0.000000
34.003196 19421.349329 18695.992983
35.003245 18961.721757 20146.705675
36.003654 18878.226681 19983.324083
37.005924 18803.171909 19583.611398
38.006290 19416.046220 19151.117797
39.007174 19286.715512 19307.540258
42.149854 18857.925746 19315.879948
43.150002 19216.504025 18991.166360
47.149420 18916.198992 19064.433122
48.149898 19134.211731 18913.855454
52.150345 18971.478541 19002.662058
53.150653 19040.854642 18957.902886
57.149997 18830.336911 18990.949289
58.150083 19096.895141 18862.060531
62.149709 18738.352387 18989.603920
63.150265 18817.287697 18811.291354
64.151410 18816.351068 18763.101812
67.151777 18822.320486 18751.851040
68.152922 19121.385538 18766.827724
69.153097 18969.981758 19012.488047
70.154290 18963.844510 19048.989746
72.150510 19506.881161 19042.885662
73.151018 18787.247523 19427.350820
74.152432 19046.905245 19099.740756
75.152750 18676.670417 19052.555707
77.151482 19438.443695 18749.874446
78.152140 19187.890101 19151.562767
79.153072 19080.973041 19236.211964
80.153416 19654.660300 19186.268302
82.150821 19292.159109 19565.238100
83.151816 19011.238230 19505.202656
84.151838 18677.932000 19211.233388
85.154176 18801.731201 18764.270292
87.149395 18508.582773 18612.053572
88.149415 19035.612651 18363.503298
89.149791 19030.421078 18670.770438
92.150388 19346.229024 18911.720881
93.150432 18933.284861 19298.727112
94.150432 18638.739397 19194.397583
95.150549 19116.342116 18856.045540
97.150495 20508.918257 18990.745022
98.151148 18869.505561 20133.926142
99.153512 19215.828361 19569.705209
100.155561 19283.635654 19372.286930
101.157629 18856.990339 19285.318618
102.158220 18924.541460 18921.429735
103.159919 19952.581246 18774.038785
104.160523 18809.040626 19508.998818
105.160928 19193.074968 19129.718977
106.161291 18461.080494 19147.935225
107.162994 19042.104516 18619.332429
108.163439 19174.672878 18751.236064
109.164735 19418.018091 18989.331266
110.165630 18786.825694 19337.223179
111.166153 19671.717888 19057.973567
112.168034 18306.534707 19514.230938
113.168266 19414.784334 18757.843975
114.169722 18919.359900 19098.010397
115.170131 18852.414345 18975.718767
116.172386 19533.540733 18850.274068
117.173031 19412.555433 19298.931580
118.174550 19286.086820 19491.173648
119.176663 19439.808303 19472.788669
120.177525 18407.985169 19532.211830
121.179509 18916.347901 18764.955178
122.180104 19129.353333 18673.356399
123.180699 19526.791985 18848.058959
124.183819 18561.771119 19303.812821
125.185463 18870.526528 18863.668894
126.186341 19277.716574 18799.689043
127.188688 18725.667111 19090.801024
128.189829 18391.839647 18869.048804
129.192790 18779.412134 18471.956673
130.192845 19187.011757 18544.060716
131.193749 18798.283608 18944.650310
132.196138 19254.087779 18913.989356
133.196308 18829.879478 19211.585571
134.199131 19718.893660 19052.853004
135.201046 19054.217533 19584.503976
136.203848 18306.450438 19385.419787
137.205648 18761.403239 18642.251808
138.207785 18162.812054 18527.932077
139.209488 19426.090101 18080.196613
140.210334 19371.555850 18824.441277
141.212944 18970.274841 19306.075126
142.212997 19221.812410 19262.301476
143.213816 19325.149594 19356.061168
144.215925 20162.735714 19446.881713
145.217564 18884.518222 20090.048546
146.219965 19223.572563 19471.140635
147.221226 19302.429240 19269.321832
148.222793 19389.893213 19216.117622
149.224991 19142.387358 19276.691400
150.226897 19289.071323 19149.649352
151.227101 19234.628854 19194.325803
152.227419 18984.531434 19199.518556
153.227880 19218.280738 19023.319442
154.229474 19406.296450 19100.834861
155.231149 19352.035176 19309.965824
156.232396 18187.394087 19397.918006
157.233068 19026.389554 18556.942573
158.234710 19563.262898 18673.314335
159.238815 19015.440632 19222.424029
160.241666 18588.212031 19171.321894
161.245591 20321.393048 18786.379060
162.247181 19294.417969 19844.251648
163.247504 19200.534178 19722.241983
164.247619 18943.033093 19483.868304
165.251030 18109.614144 19100.722119
166.253737 19414.368830 18244.662558
167.257349 19319.243589 18761.436689
168.259327 19250.934031 19111.712858
169.261904 19934.268471 19287.501458
170.265187 19317.171592 19878.754730
171.265715 19691.605528 19725.437143
172.269606 19028.445523 19827.537413
173.270144 19438.149886 19347.234574
174.273063 19200.967584 19334.664163
175.275636 19503.798402 19176.363662
176.277794 18749.222737 19330.487506
177.278150 18759.626484 18884.945403
178.280599 18814.898125 18636.046496
179.281527 19416.578481 18583.945770
180.284022 19878.631527 19066.893762
181.285974 19080.462881 19742.328723
182.288525 19094.651154 19515.495419
183.291081 18797.005253 19303.961838
184.292619 19387.360499 18922.632951
185.294041 18637.302258 19143.328017
186.294135 18823.544095 18752.139990
187.297298 19293.889604 18667.517921
188.298072 19947.689695 19016.972562
189.302331 19698.496110 19751.279211
190.302923 18650.111631 19980.639968
191.306779 18481.978054 19238.496023
192.308981 18544.131442 18594.227770
193.312333 19626.304115 18290.646255
194.312608 19634.770806 19013.856299
195.313808 19311.686775 19534.923294
196.317515 19692.544934 19578.105646
197.317600 18963.745257 19818.735723
198.320824 18303.899607 19360.903307
199.322466 19034.924392 18537.813349
200.325822 18809.887284 18616.058523
201.326905 19494.933813 18591.119746
202.327755 19161.122824 19147.127139
203.330710 18293.765963 19261.724262
204.332764 19207.983822 18643.354818
205.335342 19446.884162 18932.436277
206.337642 19336.546322 19325.039147
207.338268 19827.785210 19469.048456
208.339977 19046.344133 19876.356743
209.340066 19872.754571 19481.787195
210.340533 20282.523968 19795.449485
211.344113 18214.730013 20278.933949
212.345102 19485.506696 18970.728219
213.346609 18993.949028 19080.708315
214.348835 19480.186845 18868.229707
215.351542 18429.721927 19158.098596
216.354950 20199.843956 18595.706415
217.357966 19937.729909 19600.605724
218.359480 19561.913337 20056.279401
219.360172 19044.514509 19972.616437
220.361484 18112.842063 19440.060059
221.363916 19211.119102 18376.141148
222.366914 19219.732611 18602.064701
223.367329 19105.853670 18873.750209
224.367892 19498.735445 19010.679358
225.370775 19425.274438 19397.598842
226.373470 20181.924811 19561.246979
227.376429 19182.439920 20176.565692
228.380871 19504.775961 19735.951160
229.384021 18271.118299 19619.018115
230.384221 19327.779461 18606.747808
231.386698 19099.805315 18809.201148
232.387623 18408.518511 18869.091787
233.388001 19891.205518 18438.250386
234.390457 18965.464354 19327.411971
235.393703 19321.521876 19218.635278
236.396299 19567.537110 19367.997341
237.396540 19228.022158 19615.570933
238.397922 18672.648938 19472.713058
239.399869 19271.049561 18923.581481
240.401159 19249.185444 19035.083024
241.405050 19050.419339 19133.427342
242.408927 19396.813173 19062.464448
243.410807 18822.955678 19283.767099
244.411522 19442.972643 18992.286822
245.413843 19486.245713 19269.226621
246.416358 18973.755886 19483.587829
247.418597 18984.504074 19207.065534
248.421964 18852.083131 19018.538115
249.422753 18701.395796 18816.450188
250.424720 19651.647526 18611.298959
251.425181 19499.413327 19243.936351
252.427948 19899.514247 19548.007192
253.430036 19862.670347 19987.969836
254.433171 19833.937466 20158.204336
255.436569 19051.263171 20147.888428
256.437748 19548.894727 19477.237012
257.439701 19581.801597 19408.641511
258.442212 18676.716196 19434.087217
259.442946 18589.379319 18804.924614
260.446417 19324.859156 18392.788550
261.449376 18829.237777 18787.478088
262.453171 19091.390216 18747.452090
263.455852 19256.069539 18944.499842
264.457995 18817.220314 19203.255803
265.459895 18413.719041 19016.700299
266.461873 19414.624004 18570.926596
267.464958 20227.989235 19059.416578
268.467012 18838.675209 20002.487349
269.470273 18831.433484 19488.412686
270.472349 19157.938507 19063.509692
271.473914 18518.204923 19037.917910
272.476783 18920.209045 18575.326980
273.476838 19920.912594 18631.254092
274.480200 19243.647077 19481.984049
275.482617 19352.734427 19509.132025
276.484168 18791.682165 19538.150289
277.484202 18971.201902 19085.516259
278.486704 19838.361013 18920.380523
279.487306 19377.841809 19500.887334
280.488181 19380.343725 19530.119756
281.489494 18982.818508 19508.542917
282.491281 19278.331868 19167.560787
283.493093 19081.886605 19172.519172
284.495580 19673.364676 19054.117592
285.499676 19753.374098 19445.467608
286.503590 20170.646559 19758.123950
287.507308 18518.833073 20226.219003
288.510543 18573.468991 19207.513304
289.514090 19406.316005 18566.967336
290.518518 19474.234557 18872.955026
291.522361 18775.606373 19210.228029
292.523734 17951.247103 18920.895025
293.527121 19496.655695 18121.636908
294.529905 18538.424162 18838.466842
295.532879 18783.752240 18642.755372
296.535794 19292.207481 18702.812894
297.539047 19953.131962 19134.417922
298.541398 20424.683041 19885.361186
299.544036 18973.999669 20631.438821
300.544761 20101.316428 19864.776165
301.545572 19287.272043 20104.238282
302.547714 18690.010293 19612.705588
303.549982 18366.453097 18837.634543
304.550149 18809.369801 18170.525061
305.552841 19719.639936 18218.139856
306.554976 19151.694170 19072.457342
307.556858 20485.312138 19235.452409
308.557472 18784.141065 20296.223859
309.558354 19101.577859 19598.003348
310.561659 18892.524036 19283.505118
311.563687 19380.532605 18923.983820
312.565766 19546.862839 19102.364653
313.565951 18634.877549 19385.844732
314.566908 18963.469945 18883.850331
315.568989 19007.932283 18817.054232
316.569459 19613.610867 18853.606865
317.571841 19283.118658 19364.723474
318.575270 18218.602570 19434.634469
319.575416 19059.945166 18633.323948
320.577255 19657.077057 18759.995290
321.580875 18600.826861 19346.167349
322.581717 19559.909258 18924.793157
323.586101 18840.556290 19352.426286
324.589618 19774.319389 19078.598867
325.590796 19329.168877 19582.496837
326.594141 19232.897880 19548.538577
327.594511 19181.282798 19404.513774
328.597603 19046.110979 19250.886088
329.597849 19271.560015 19055.292557
330.599960 20323.510843 19124.287175
331.602155 18589.379237 19984.565815
332.604406 19412.609924 19198.842687
333.609241 19657.164605 19271.038276
334.610481 18755.706461 19525.944994
335.610787 18708.202193 19010.109647
336.612489 18876.612456 18652.962976
337.614891 18640.072538 18614.507142
338.615573 18868.446470 18483.400615
339.618940 19339.982009 18628.295781
340.622536 19393.412634 19114.432690
341.625067 18526.264721 19453.961443
342.628675 19559.534290 18958.227683
343.631634 19384.751832 19377.322239
344.634364 19643.882161 19501.335687
345.635705 19677.634106 19728.544193
346.637350 19778.036632 19846.296898
347.639918 19221.630930 19938.309446
348.639918 18590.167481 19526.943241
349.642420 19393.534968 18771.334473
350.646246 19198.535945 18950.763956
351.649129 18913.642184 19004.922184
352.650158 18459.883018 18866.734418
353.652772 19457.601582 18469.048101
354.654046 18523.086268 19016.202595
355.656640 18312.855606 18699.243103
356.657239 18878.767151 18339.051152
357.660988 17897.739845 18576.839949
358.664578 19516.225648 18035.445669
359.666365 18483.177088 18944.186424
360.669347 19620.703232 18766.780188
361.670269 18976.158656 19460.320903
362.674556 19586.683479 19363.778411
363.675650 18822.785325 19676.495843
364.675679 19268.775572 19237.477853
365.678571 19467.460312 19248.788411
366.679967 18483.353872 19408.454035
367.684318 18945.541615 18764.958587
368.687697 19888.133944 18719.450491
369.688405 19173.543871 19460.163471
370.690880 18704.176343 19401.570025
371.691770 18486.792347 18963.241117
372.693258 19879.544306 18516.272472
373.695228 19611.469999 19329.982088
374.697206 19490.662507 19673.171720
375.699932 18907.774945 19738.735487
376.703121 19947.525208 19272.333454
377.704597 19174.135910 19727.805508
378.707635 18658.951139 19430.429486
379.710294 19571.193662 18831.279503
380.711331 19404.218379 19172.804313
381.712138 19229.002557 19317.932593
382.713954 18468.887482 19280.656312
383.714032 19469.679301 18679.018427
384.716679 19574.091138 19076.260612
385.716706 19894.554366 19451.545255
387.154394 19854.311718 19910.171468
388.155821 18498.570032 20105.398313
389.156198 19628.947269 19123.433822
390.158803 19248.302339 19324.018557
391.161668 18951.019963 19215.059405
392.162599 19425.395413 18945.928781
393.163282 18482.475560 19168.417851
394.166300 18602.258801 18636.716888
395.171503 18947.444585 18422.143504
396.173977 18963.536725 18618.774975
397.174781 18493.495505 18811.327218
398.177552 19647.399307 18593.124801
399.178984 19712.559559 19324.544120
400.180962 19759.144574 19819.837765
401.183167 19923.826785 20075.603798
402.183291 19414.323179 20247.883667
403.185345 19042.096196 19870.881676
404.185952 18754.047925 19289.070819
405.188149 19871.839974 18720.385531
406.190300 19082.267478 19282.802523
407.191546 19583.928000 19119.091009
408.194377 18806.971300 19404.274762
409.194446 18957.499802 19009.062422
410.197823 19093.090183 18873.829849
411.200627 18435.247939 18928.823836
412.201712 18926.125815 18504.005733
413.204291 19260.814446 18642.565640
414.204866 18775.243357 19033.752111
415.206868 19263.821688 18921.932613
416.210320 19396.396582 19195.784298
417.213190 19750.730372 19449.150659
418.214817 18607.604250 19828.395663
419.216514 19168.613136 19141.257251
420.218552 19817.919444 19085.031459
421.219356 19660.786268 19564.793713
422.221944 19147.926816 19750.106391
423.223880 19089.103171 19435.788110
424.224341 19133.715080 19162.545912
425.226386 19831.645012 19041.023060
426.228665 19120.070317 19526.882088
427.231707 18468.434331 19312.321312
428.235137 19296.781370 18668.251185
429.236764 18680.475297 18917.522188
430.236976 19047.857480 18674.742930
431.239279 19537.731367 18830.323030
432.241272 19292.000113 19329.902107
433.244952 19900.403238 19447.350521
434.247915 19555.697940 19923.539469
435.252460 19689.722031 19897.320912
436.256796 18855.382272 19899.323959
437.260703 20290.055620 19222.170181
438.261000 17958.021536 19867.901326
439.263482 19419.865057 18547.279909
440.263526 18939.321368 18836.037248
441.265078 19560.398694 18765.965103
442.268282 19387.576527 19240.076091
443.269220 19584.210031 19427.595611
444.272744 19336.425369 19658.825728
445.276129 19327.303063 19569.948366
446.278985 18968.037017 19460.287206
447.281267 19568.942603 19102.761056
448.284070 19956.955608 19340.996160
449.286101 18540.726662 19808.110077
450.286233 19521.943176 19016.706709
451.288881 19787.222642 19237.922399
452.290683 19825.850974 19618.495037
453.293759 18800.428083 19879.934507
454.297531 18854.716022 19228.066190
455.301433 19144.028000 18835.938459
456.301698 18689.179892 18861.552968
457.303129 18983.868009 18603.842900
458.306374 19239.228833 18717.338201
459.307918 18852.839866 19032.238922
460.309952 19085.421949 18951.645035
461.310655 20055.802009 19061.083361
462.311495 19229.241788 19849.672216
463.312092 19006.731353 19675.578926
464.315582 19318.936214 19310.065171
465.317978 19299.939807 19285.628484
466.319805 19529.196278 19267.489768
467.320707 19778.852726 19438.475273
468.321685 18830.569876 19733.890613
469.322985 19251.713917 19181.626673
470.325005 18465.619819 19133.588535
471.325442 19405.087174 18549.530238
472.326259 19709.788021 18941.124001
473.326282 19116.469335 19481.437310
474.328012 19168.735796 19363.692629
475.331307 19552.008364 19282.214310
476.333853 19075.383636 19500.559949
477.334164 18965.625604 19265.126325
478.334837 19788.902091 19017.655317
479.336254 19134.438517 19498.369750
480.339887 19221.877549 19320.512371
481.340545 19329.860268 19250.644492
482.341301 18816.159400 19289.505856
483.342692 19496.571882 18933.749490
484.345106 19154.308624 19236.783146
485.347491 19855.019481 19196.549715
486.350339 19274.001732 19691.405869
487.351786 19100.531409 19543.974037
488.352171 18403.331048 19272.662303
489.354689 19201.175327 18571.073441
490.355973 19314.139138 18776.726621
491.359165 19000.709133 19070.388246
492.360303 20535.033494 19043.084278
493.362395 19371.907977 20169.581778
494.362601 19537.494706 19951.849320
495.364078 18768.395001 19822.187802
496.365815 19505.680768 19109.358989
497.369142 19432.780858 19220.667912
498.370686 18778.137541 19292.900655
499.371831 19319.473593 18873.004589
500.372319 19113.945814 19045.341833
501.374259 19384.690521 19045.897561
502.376750 19037.665182 19266.246018
503.377184 19253.606758 19145.762368
504.379883 19052.275854 19220.452429
505.380742 19365.637224 19115.087863
506.382125 18952.937213 19281.723606
507.385159 18823.787206 19076.494874
508.387588 19188.846504 18846.128587
509.389163 18737.724299 18999.154572
510.390265 18292.155171 18784.748894
511.393242 19154.961886 18331.613060
512.395041 18227.242467 18742.285707
513.396108 19720.336129 18355.001511
514.396381 18968.775305 19249.239899
515.399186 19562.335717 19250.462532
516.401165 19743.007998 19625.822351
517.404851 18736.693319 19933.134813
518.407325 19644.031505 19284.523331
519.408204 18945.765128 19503.763726
520.411277 19323.825873 19124.751086
521.413745 20518.151594 19174.043835
522.413746 18843.969455 20131.880009
523.414629 20191.137688 19451.729389
524.416659 19689.816427 19970.090270
525.416683 18174.905913 19908.541619
526.420128 19075.621260 18686.903110
527.421093 20257.246727 18623.621067
528.422895 19200.909519 19591.199193
529.424605 19073.547984 19449.247234
530.425189 19013.453674 19220.665674
531.427047 19556.923965 19024.524739
532.427291 19655.418066 19331.289224
533.431018 18692.335139 19614.950727
534.434445 19911.385597 19044.586118
535.434842 18999.557491 19585.628913
536.437505 18635.676513 19253.718402
537.442953 18485.384063 18751.312185
538.444490 18703.268919 18358.480821
539.446204 19022.303629 18357.204592
540.446394 18992.182468 18682.358591
541.448732 19020.061334 18907.330980
542.450434 18261.794719 19061.939196
543.453324 20548.600381 18560.073877
544.455109 18632.006912 19949.675675
545.457597 18662.037826 19356.762648
546.459527 18928.235260 18901.640386
547.464015 18462.280470 18813.826691
548.467435 20609.839603 18449.055893
549.468220 19597.041200 19880.645988
550.469381 18540.930421 20019.140637
551.469726 20086.610369 19190.780019
552.470569 19109.807474 19773.397270
553.471476 19512.444386 19410.407000
554.474782 18633.583197 19455.739667
555.477455 19381.042347 18833.436289
556.477599 19472.285671 19032.915689
557.479348 19312.731061 19288.119547
558.480190 19310.428717 19342.097050
559.482569 19073.858516 19360.017545
560.485313 18449.035617 19179.152936
561.488166 18411.830182 18593.779852
562.488523 19567.881897 18237.003175
563.489796 19477.278811 18969.360375
564.490759 19350.307917 19417.217040
565.491693 18794.681695 19560.932645
566.492790 19102.707665 19163.414599
567.493524 19079.059034 19103.491827
568.495102 19669.249764 19055.597928
569.498519 19598.917937 19480.159302
570.500714 19214.668365 19686.963734
571.503570 18958.788744 19480.167322
572.503867 19523.695836 19118.484661
573.505900 19554.047338 19321.399670
574.508200 19165.729364 19496.194843
575.509579 19133.249732 19306.817073
576.510826 19982.471770 19152.496536
577.512869 19699.664993 19707.441095
578.515215 19582.001953 19841.565961
579.516838 19261.390636 19784.905871
580.518185 19096.797750 19465.391360
581.518782 19868.546786 19131.189259
582.521924 18823.839838 19534.302108
583.524802 19061.694020 19035.889491
584.528095 18799.080010 18912.061406
585.529391 18601.368270 18690.595009
586.531993 19448.565761 18458.699256
587.532090 19354.698676 19013.816751
588.533092 19127.527142 19329.662437
589.534717 19375.272044 19323.465689
590.535491 18942.461811 19457.191355
591.538712 19295.251443 19178.966686
592.540263 19539.760260 19245.320357
593.542710 18434.301842 19474.361576
594.545857 19159.993277 18776.138044
595.548002 18985.674187 18885.835803
596.551529 19912.754053 18878.484734
597.551600 18731.780780 19596.916462
598.554775 19389.013356 19149.361769
599.558600 19281.039753 19314.113607
600.559065 19092.830577 19334.234261
601.561084 19246.205268 19189.839079
602.562216 19243.777368 19208.420381
603.563290 18623.416663 19225.336329
604.566015 18673.438977 18773.134033
605.569039 18630.595548 18547.120279
606.570966 19464.429802 18433.560504
607.573738 20224.404559 19051.415068
608.577163 18736.076391 20033.577102
609.579716 18929.312269 19456.118857
610.580870 19540.969766 19132.306027
611.583247 18708.653884 19378.394294
612.583483 19142.743826 18917.845385
613.586529 19239.733620 18960.840511
614.588958 19375.865199 19100.556249
615.592277 18488.742860 19307.307145
616.594943 18737.417924 18762.480352
617.595251 18828.288461 18608.138880
618.596295 19275.353631 18631.440808
619.599928 18628.465634 19027.602563
620.600371 18837.508170 18802.455210
621.602654 18480.234487 18803.166041
622.604037 18982.808082 18544.151726
623.604858 18799.242669 18775.595456
624.607379 19002.663848 18805.446417
625.609116 19435.503915 18971.386845
626.609632 19538.584911 19386.806360
627.613526 19054.969961 19684.001253
628.615471 18963.245555 19433.533402
629.618156 18374.059042 19144.865311
630.618479 19192.935197 18513.236442
631.620777 19569.094587 18776.784774
632.621372 18835.998954 19294.716088
633.622805 20031.106456 19072.454646
634.626025 19184.699774 19798.540628
635.628386 19279.964425 19584.920065
636.630148 19317.200963 19449.503198
637.631053 18708.144261 19367.337475
638.631057 19149.308705 18856.927959
639.634202 18884.490384 18895.400610
640.634214 19275.339932 18779.500218
641.637675 18493.140619 19040.934725
642.642237 18812.362871 18643.603795
643.643100 18791.855663 18646.739225
644.645375 18811.034518 18674.332446
645.647644 18542.801041 18731.894001
646.649659 18740.413861 18579.284801
647.650024 19190.625054 18642.068876
648.650111 19877.578631 19035.705554
649.652720 19080.892823 19786.468951
650.655029 19748.506910 19587.113713
651.657416 19704.471347 19861.591437
652.658827 19046.805179 19937.532495
653.660610 20089.520421 19423.988111
654.661765 19195.579291 19854.956617
655.662903 18844.667761 19458.625974
656.666319 18437.643583 18931.515334
657.669583 19901.539915 18340.979987
658.672336 19348.451910 19167.800461
659.675171 18551.840626 19349.829558
660.678273 19401.973166 18843.041232
662.153123 19449.144672 19154.446322
663.153477 19458.553203 19407.409208
664.157140 19803.226501 19551.380915
665.158196 19052.529571 19858.664814
666.159225 18762.737532 19435.424488
667.159840 19250.289938 18910.736566
668.163951 19246.148854 18977.057152
669.164903 19532.855033 19075.419828
670.166704 19315.464343 19382.313057
671.168172 18972.186897 19410.352148
672.172714 19103.956394 19143.191658
673.174264 18995.895970 19065.687345
674.177078 19559.138091 18955.457133
675.177240 19125.254643 19332.883327
676.178306 19219.346149 19252.747529
677.179185 19623.008307 19251.375038
678.181414 18926.882983 19545.428189
679.181965 19283.071684 19189.755800
680.182721 18669.732800 19213.342928
681.184435 18962.011191 18782.564517
682.187758 19748.994574 18758.176176
683.188370 18990.782248 19387.178297
684.189304 18421.935357 19223.474181
685.190273 19464.898690 18656.813972
686.191721 19520.690976 19096.986714
687.194053 19488.190577 19450.895293
688.195769 18915.686263 19620.923204
689.196565 18124.806924 19243.375767
690.198984 19023.818853 18379.520168
691.200497 18776.038150 18558.173005
692.203018 19994.098981 18578.075358
693.203644 19113.206936 19551.062856
694.206680 19219.547086 19487.646602
695.208782 19043.867858 19442.083671
696.209349 19375.310775 19231.908638
697.210109 19937.786868 19328.393115
698.212798 19860.771730 19810.221837
699.216296 19626.482242 20025.266103
700.220596 18925.506940 19915.947527
701.222717 19353.464294 19263.190441
702.223754 19569.020841 19173.359039
703.225162 19407.872194 19335.137061
704.227169 19305.981284 19353.635532
705.228569 19084.693864 19300.025751
706.229461 19144.702325 19108.744178
707.235042 19248.170984 19052.097159
708.237941 19480.546769 19124.526435
709.239571 18916.821915 19365.934049
710.240886 19549.385598 19092.497396
711.242885 19342.525264 19386.282961
712.242999 19434.840531 19418.806152
713.244706 18614.184905 19485.233976
714.246722 19610.626886 18890.357808
715.250461 18941.336959 19271.207983
716.251367 18892.274880 19044.520352
717.254370 18203.232063 18868.584128
718.255737 18371.307519 18269.756591
719.255921 19328.234396 18079.768283
720.256913 19021.105381 18775.354096
721.258387 18310.372280 19031.020316
722.261083 19494.613239 18623.324866
723.264829 19099.806330 19229.419714
724.269955 20004.420325 19302.660338
725.272824 19217.390977 19967.027644
726.273824 19644.682710 19718.287456
727.274003 19374.297480 19789.162042
728.274462 18967.076957 19585.690579
729.274807 18511.749492 19125.691181
730.275025 18855.089604 18514.542327
731.276426 17978.328237 18465.774775
732.278712 18647.388624 17881.148681
733.280392 19780.566017 18114.925813
734.283686 18692.746559 19214.813127
735.285822 19365.250641 19090.330413
736.286384 18761.813685 19433.071154
737.287940 20397.122036 19134.908679
738.289067 18261.935169 20119.034956
739.291927 19249.435081 19079.229714
740.292960 20142.968938 19095.628391
741.293120 19042.888770 19812.429795
742.293741 18767.623547 19428.405156
743.294718 19566.255984 18933.564823
744.296392 19880.416735 19243.633665
745.298016 18726.112485 19714.944229
746.300957 19553.739106 19126.239450
747.302422 19466.154422 19352.575285
748.304358 19898.785499 19450.345644
749.305252 19397.069141 19827.656326
750.307575 19954.680200 19657.806692
751.310604 19657.607524 19925.905781
752.314521 18013.806982 19844.344424
753.314949 19641.243122 18524.029113
754.316531 18989.239638 18956.893030
755.318876 19713.026244 18855.409898
756.321851 19719.507236 19380.965722
757.325744 18892.834075 19731.619508
758.326423 19058.529428 19283.913463
759.327476 19382.874720 19086.562108
760.328630 19714.988025 19224.137229
761.328800 19900.718126 19581.694142
762.330012 19929.555601 19933.093644
763.332846 18355.221313 20122.327622
764.335162 20100.729149 18988.000890
765.337673 18551.270485 19571.773507
766.338718 19693.840773 18833.804728
767.339764 19436.428469 19251.114494
768.340534 19609.113692 19377.391719
769.340864 18818.746064 19584.803436
770.341230 19272.324957 19101.811137
771.342672 19258.157891 19129.732890
772.345911 19495.360877 19168.716483
773.346112 19098.821779 19388.470872
774.348879 19953.053362 19227.666244
775.351982 18327.003450 19755.726500
776.353149 19079.239243 18849.550910
777.355128 19964.328592 18830.003095
778.358456 18318.565149 19546.355236
779.361992 18800.093967 18774.702063
780.364501 18825.217929 18635.987862
781.364790 19336.864673 18626.500259
782.365720 18531.158760 19055.170933
783.367746 18772.214819 18735.650270
784.369768 19042.748456 18705.559106
785.373153 19010.776529 18910.077679
786.375205 18841.679568 19021.525715
787.375411 19015.650964 18947.739716
788.377116 19086.396008 19014.810226
789.378307 19583.048735 19101.614449
790.380696 19965.001136 19513.701495
791.382795 19802.365455 20023.546129
792.384612 20401.865752 20141.855437
793.387657 18954.042923 20565.762818
794.388796 19008.739199 19650.875121
795.391443 18590.812063 19060.245429
796.392728 19196.760583 18438.608674
797.395153 18770.677985 18620.302534
798.398756 18685.186188 18535.702027
799.401125 18856.121297 18488.026916
800.403107 19636.108968 18641.680510
801.405186 19388.655318 19357.108257
802.409035 19951.163782 19598.982071
803.411136 18615.700685 20089.218638
804.411388 19514.989466 19298.225885
805.414430 18855.145687 19406.564794
806.414799 19381.157465 18992.957582
807.415154 19583.355518 19146.209836
808.415557 19145.722428 19433.221410
809.417618 19269.993508 19286.035906
810.420484 18075.868470 19270.568095
811.420676 19648.895301 18367.096764
812.423511 19525.705330 19022.324148
813.424422 19537.025218 19414.188150
814.426582 19056.775142 19646.489362
815.427881 18805.760227 19375.086375
816.430151 19119.149627 18971.545887
817.430184 18655.990143 18963.371278
818.431623 19448.018272 18650.858948
819.434578 20023.972579 19089.906678
820.436166 18690.298766 19830.924172
821.438106 18670.376544 19249.439661
822.441360 19442.449023 18803.970515
823.442329 19736.200317 19126.891809
824.442518 18906.584831 19587.555229
825.444865 18834.112126 19232.836597
826.445056 19159.643184 18919.559811
827.445235 19476.148891 18985.707790
828.446121 18068.416841 19299.644908
829.449519 19049.102496 18444.940425
830.453133 19593.584685 18658.971529
831.455520 19373.972824 19271.881464
832.458229 19525.336238 19494.053341
833.460851 18955.593879 19688.641711
834.463315 18423.989570 19317.802759
835.463676 19128.334617 18643.127830
836.464735 18833.812755 18779.264587
837.467206 19397.889968 18713.709076
838.468786 19732.158991 19134.015150
839.470566 19601.265550 19660.838659
840.470610 19612.700936 19843.910415
841.471844 19374.967273 19883.361617
842.475194 18327.572700 19657.121800
843.476174 19291.045902 18687.917330
844.479727 18585.817760 18835.833839
845.480552 19734.596797 18494.674003
846.482487 18871.551329 19208.464302
847.484070 18875.920995 19049.608474
848.487207 18599.882140 18928.943523
849.489743 18530.468145 18648.326275
850.492316 18821.350416 18443.846121
851.493051 19592.337248 18581.423253
852.495034 18866.855908 19288.433734
853.498228 19244.979877 19173.803848
854.500232 19580.819095 19323.344896
855.504096 19129.865038 19630.403579
856.505467 20168.911694 19433.321257
857.505520 17469.759529 20038.201033
858.506267 18898.646314 18348.954463
859.506436 19410.386382 18356.197533
860.506536 18685.226174 18879.236314
861.506590 19661.615390 18729.673066
862.507400 18790.697792 19376.071631
863.507556 19187.097081 19117.468654
864.510243 19961.329147 19203.773918
865.512412 20133.421910 19823.431390
866.513549 18139.902838 20296.804137
867.515117 19388.315008 18997.505650
868.516224 18737.992835 19069.764831
869.519138 18449.401879 18697.790336
870.520960 19773.311069 18305.410497
871.521519 19119.399225 19138.150315
872.523814 18576.637877 19222.876529
873.526560 18140.471766 18832.299300
874.528888 18999.248855 18245.970746
875.532402 18732.540311 18570.514541
876.535026 18505.575280 18639.938609
877.535643 19139.119508 18527.577295
878.539979 20014.608744 18941.054306
879.542170 19606.011336 19853.926039
880.543812 18723.623077 20044.084525
881.544221 19657.249622 19367.854277
882.545988 18981.487392 19568.901262
883.547834 19814.885542 19184.690172
884.548660 18962.979712 19566.832544
885.550493 18375.618149 19180.987607
886.552934 18770.274584 18493.041993
887.553951 18579.593455 18415.705551
888.554219 18454.985057 18322.668741
889.554793 18908.390115 18246.925217
890.558478 18538.457348 18601.122208
891.560881 18658.171617 18577.588105
892.561250 19908.461290 18645.824066
893.562778 18823.764716 19620.746189
894.564626 19589.691059 19366.613596
895.567609 18607.654498 19678.279836
896.568253 19351.682788 19075.438342
897.570301 18780.253774 19215.092851
898.573429 18970.775316 18890.495829
899.574463 18655.835098 18843.527961
900.574538 19329.830242 18615.650702
901.576412 19034.036112 19017.254530
902.579520 18916.715689 19074.354774
903.580055 19284.629838 19004.834914
904.583342 19168.306140 19223.980789
905.586952 18702.423981 19261.473215
907.152150 18562.342040 18907.516040
908.152941 18996.990641 18574.202982
909.155330 19105.932959 18730.567668
910.158735 18534.956320 18957.062493
911.158887 19093.252241 18679.295043
912.161328 19306.322530 18923.048578
913.162390 19395.506302 19247.278978
914.163992 19061.957415 19491.042895
915.164671 20080.670989 19338.879040
916.165535 19648.787022 19957.601887
917.165687 19017.551439 19973.817610
