11.140721 9993.387187
21.140721 5531.129600
31.140721 5531.129600
41.140721 16663.256000
51.140721 11062.259200
61.140721 11062.259200
71.141064 19070.367647
81.141878 19108.276586
91.142295 17202.045878
101.142379 19043.181799
111.142638 19157.991398
121.143036 19193.617428
131.143126 19147.708995
141.143218 19186.602870
151.143829 19149.895307
161.144181 19131.260288
171.144405 19254.636822
181.144661 19148.239488
191.145117 19226.736613
201.145580 19137.904414
211.145729 19181.876844
221.145887 19157.328590
231.146309 19208.394461
241.146388 19184.572426
251.147544 19139.181974
261.147691 19164.428158
271.147750 19217.617918
281.148448 19198.852922
291.148867 19173.324859
301.149223 19271.869518
311.149418 19191.521081
321.149806 19180.785479
331.150008 19167.675091
341.151159 19212.287506
351.151175 19192.489722
361.151667 19205.677782
371.152187 19164.264797
381.152528 19172.257288
391.152831 19206.313501
401.153048 19170.131877
411.153576 19205.608604
421.153852 19161.178238
431.154208 19171.119267
441.154364 19155.271731
451.154410 19181.659076
461.155860 19147.396018
471.156261 19187.113248
481.156334 19169.319545
491.156992 19240.613782
501.157629 19164.535831
511.157644 19126.184985
521.157732 19213.177803
531.157998 19164.847208
541.158173 19194.937450
551.158293 19183.314222
561.158699 19175.479196
571.158811 19163.941293
581.158861 19185.242544
591.159250 19130.715224
601.159617 19145.536633
611.160531 19174.505394
621.160892 19190.093005
631.161324 19113.334663
641.162221 19153.825391
651.162976 19177.892778
661.163396 19124.920744
671.163484 19143.558362
681.163868 19137.287737
691.164184 19137.204033
701.165094 19217.765891
711.165270 19216.159285
721.165784 19104.402061
731.166702 19190.529748
741.167057 19151.397552
751.167071 19164.716619
761.167623 19169.795155
771.167787 19200.657818
781.168652 19145.240596
791.169020 19116.818403
801.169432 19178.162390
811.169763 19151.987913
821.169973 19149.736492
831.170066 19211.347134
841.170100 19139.687069
851.171388 19091.896476
861.171416 19181.202973
871.171728 19157.571803
881.171791 19142.725786
891.171863 19096.892088
901.172104 19115.195645
911.172501 19202.708748
921.172532 19226.603581
931.173020 19072.295281
941.173543 19181.191231
951.173692 19165.723137
961.173995 19174.682205
971.174527 19142.201956
981.233909 18081.564948
991.233909 15210.971200
1001.233909 15487.491200
1011.233909 15487.491200
1021.233909 13828.097600
1031.233909 12445.132800
1041.233909 10923.953600
