# WEMAClient mimuroto
32.097205 0.083756 7641.241000 5120
34.083326 1.936121 13222.314000 5120
35.552298 1.468972 17427.149000 5120
37.873985 2.321687 11026.464000 5120
39.930500 2.056515 12448.246000 5120
44.069871 1.922666 13314.845000 5120
49.058206 1.911001 13396.119000 5120
54.074825 1.927620 13280.627000 5120
59.082312 1.935107 13229.239000 5120
65.037170 2.889965 8858.237000 5120
70.967849 3.820645 6700.440000 5120
75.107686 2.960481 8647.242000 5120
79.668657 2.521452 10152.879000 5120
84.642106 2.494901 10260.926000 5120
89.704003 2.556799 10012.520000 5120
95.008343 2.861138 8947.487000 5120
102.422455 5.275250 4852.850000 4608
107.599565 5.177111 4450.358000 4352
112.502173 4.902608 4438.454000 4352
117.419443 4.917270 4425.220000 4352
122.338046 4.918603 4424.020000 4352
127.774385 5.436339 4002.693000 3840
133.172114 5.397729 3557.051000 3328
137.871444 4.699330 3540.930000 3328
142.552672 4.681228 3554.622000 3328
147.257220 4.704548 3537.003000 3328
151.925577 4.668357 3564.423000 3328
156.951049 4.803844 3463.892000 3328
162.751364 5.604159 2969.223000 2816
167.492153 4.740789 2969.969000 2816
172.190911 4.698758 2996.536000 2816
176.812696 4.621785 3046.442000 2816
181.747900 4.600695 3060.406000 2816
186.742965 4.595761 3063.693000 2816
191.741710 4.594506 3064.529000 2816
196.730275 4.583070 3072.176000 3072
202.183805 5.036600 3049.676000 2816
206.792637 4.608832 3055.004000 2816
211.730881 4.583676 3071.770000 2816
216.768014 4.620809 3047.085000 2816
221.713432 4.566227 3083.508000 3072
227.176799 5.029594 3053.924000 2816
231.680705 4.503906 3126.175000 3072
237.052907 4.905702 3131.050000 3072
242.072281 4.925077 3118.733000 3072
247.076681 4.929476 3115.949000 3072
252.113808 4.966604 3092.656000 3072
257.105851 4.958646 3097.619000 3072
262.101670 4.954466 3100.233000 3072
267.089729 4.942524 3107.723000 3072
272.083843 4.936638 3111.429000 3072
277.122142 4.974937 3087.476000 3072
282.108442 4.961238 3096.001000 3072
287.084495 4.937290 3111.018000 3072
292.091980 4.944775 3106.308000 3072
297.099961 4.952756 3101.303000 3072
302.089581 4.942377 3107.816000 3072
307.093443 4.946238 3105.390000 3072
312.074862 4.927658 3117.099000 3072
317.108170 4.960965 3096.171000 3072
322.129313 4.982109 3083.032000 3072
327.116949 4.969744 3090.702000 3072
332.099101 4.951896 3101.841000 3072
337.112314 4.965109 3093.587000 3072
342.091912 4.944707 3106.351000 3072
347.105420 4.958216 3097.888000 3072
352.121526 4.974321 3087.858000 3072
357.106863 4.959659 3096.987000 3072
362.098401 4.951196 3102.280000 3072
367.116365 4.969161 3091.065000 3072
372.105261 4.958056 3097.988000 3072
377.086121 4.938916 3109.994000 3072
382.083592 4.936387 3111.587000 3072
387.077914 4.930710 3115.170000 3072
392.077353 4.930148 3115.525000 3072
397.104385 4.957180 3098.535000 3072
402.083281 4.936076 3111.783000 3072
407.117819 4.970614 3090.161000 3072
412.097793 4.950588 3102.661000 3072
417.097653 4.950448 3102.749000 3072
422.104040 4.956835 3098.751000 3072
427.102762 4.955558 3099.550000 3072
432.085760 4.938556 3110.221000 3072
437.076190 4.928986 3116.259000 3072
442.099769 4.952564 3101.423000 3072
447.133356 4.986151 3080.532000 3072
452.095405 4.948200 3104.159000 3072
457.102355 4.955150 3099.804000 3072
462.124235 4.977030 3086.177000 3072
467.103267 4.956062 3099.234000 3072
472.085774 4.938569 3110.212000 3072
477.079027 4.931822 3114.467000 3072
482.084557 4.937353 3110.979000 3072
487.090334 4.943129 3107.343000 3072
492.112092 4.964888 3093.725000 3072
497.124413 4.977209 3086.067000 3072
502.117183 4.969979 3090.556000 3072
507.095140 4.947935 3104.325000 3072
512.109648 4.962443 3095.249000 3072
517.098805 4.951600 3102.027000 3072
522.073963 4.926758 3117.668000 3072
527.093822 4.946618 3105.152000 3072
532.116314 4.969110 3091.097000 3072
537.071018 4.923813 3119.533000 3072
542.078042 4.930837 3115.089000 3072
547.091240 4.944035 3106.774000 3072
552.092648 4.945444 3105.889000 3072
557.115141 4.967937 3091.826000 3072
562.080489 4.933284 3113.544000 3072
567.092443 4.945239 3106.018000 3072
572.121008 4.973803 3088.179000 3072
577.119758 4.972553 3088.956000 3072
582.081668 4.934463 3112.800000 3072
587.067155 4.919950 3121.982000 3072
592.093022 4.945817 3105.654000 3072
597.088627 4.941422 3108.416000 3072
602.094615 4.947411 3104.654000 3072
607.106298 4.959094 3097.340000 3072
612.078368 4.931163 3114.883000 3072
617.065228 4.918023 3123.206000 3072
622.109286 4.962082 3095.475000 3072
627.121704 4.974499 3087.748000 3072
632.104225 4.957020 3098.635000 3072
637.096428 4.949223 3103.517000 3072
642.140000 4.992795 3076.433000 3072
647.107538 4.960333 3096.566000 3072
652.101877 4.954673 3100.103000 3072
657.100656 4.953452 3100.868000 3072
662.082814 4.935609 3112.077000 3072
667.090597 4.943393 3107.177000 3072
672.081956 4.934752 3112.618000 3072
677.105050 4.957845 3098.120000 3072
682.146310 4.999105 3072.550000 3072
687.117148 4.969944 3090.578000 3072
692.083848 4.936643 3111.426000 3072
697.107957 4.960752 3096.304000 3072
702.112776 4.965571 3093.299000 3072
707.106823 4.959618 3097.012000 3072
712.116981 4.969776 3090.682000 3072
717.105351 4.958146 3097.932000 3072
722.123913 4.976708 3086.377000 3072
727.097393 4.950188 3102.912000 3072
732.134630 4.987425 3079.745000 3072
737.086959 4.939755 3109.466000 3072
742.140310 4.993105 3076.242000 3072
747.079973 4.932769 3113.869000 3072
752.115965 4.968760 3091.314000 3072
757.134854 4.987649 3079.607000 3072
762.131161 4.983956 3081.889000 3072
767.118552 4.971347 3089.705000 3072
772.093731 4.946526 3105.209000 3072
777.107899 4.960694 3096.341000 3072
782.144228 4.997023 3073.830000 3072
787.116086 4.968881 3091.239000 3072
792.122567 4.975363 3087.212000 3072
797.119930 4.972725 3088.849000 3072
802.131966 4.984761 3081.391000 3072
807.129719 4.982514 3082.780000 3072
812.119692 4.972487 3088.997000 3072
817.114647 4.967443 3092.134000 3072
822.104932 4.957727 3098.193000 3072
827.140650 4.993445 3076.032000 3072
832.114859 4.967655 3092.002000 3072
837.126791 4.979587 3084.593000 3072
842.137915 4.990710 3077.718000 3072
847.122033 4.974828 3087.543000 3072
852.095201 4.947996 3104.286000 3072
857.127454 4.980249 3084.183000 3072
862.090925 4.943721 3106.971000 3072
867.156249 5.009045 3066.452000 2816
871.727230 4.570980 3080.302000 3072
877.099181 4.951976 3101.792000 3072
882.144538 4.997334 3073.639000 3072
887.118677 4.971472 3089.628000 3072
892.120793 4.973589 3088.313000 3072
897.115597 4.968393 3091.543000 3072
902.117549 4.970344 3090.329000 3072
907.114772 4.967567 3092.057000 3072
912.116359 4.969154 3091.069000 3072
917.131182 4.983977 3081.875000 3072
