# AndroidClient mimuroto
1.089551 0.084288 7593.044455 5120
2.603494 1.463944 17487.011681 5120
4.076193 1.472699 17383.045827 5120
5.553812 1.477618 17325.175612 5120
7.622474 1.482924 17263.190831 5120
12.621851 1.482301 17270.446421 5120
17.620338 1.480787 17288.102285 5120
22.611715 1.472165 17389.359071 5120
27.611842 1.472291 17387.866937 5120
33.139862 2.000311 12798.007082 5120
39.047079 2.907528 8804.729747 5120
43.054679 1.915129 13367.247901 5120
48.045336 1.905785 13432.781669 5120
53.062756 1.923206 13311.108179 5120
58.071311 1.931760 13252.163397 5120
63.072172 1.932622 13246.256226 5120
69.954790 3.815240 6709.932103 5120
73.632387 2.492836 10269.427238 5120
78.039534 1.899984 13473.798498 5120
83.043386 1.903836 13446.536861 5120
88.065853 1.926302 13289.710410 5120
93.058378 1.918827 13341.483092 5120
100.982226 4.842676 5286.333908 5120
106.907141 5.767591 4438.595176 5120
112.665253 5.758112 4445.901753 5120
118.451504 5.786251 4424.280863 5120
124.224452 5.772947 4434.476602 5120
131.205781 6.981329 3666.923569 5120
138.420296 7.214516 3548.401692 5120
145.632794 7.212497 3549.394815 5120
152.769430 7.136636 3587.124075 5120
160.771190 7.951760 3219.413094 5120
169.424991 8.603801 2975.429104 5120
177.842765 8.367774 3059.356054 5120
186.141390 8.248625 3103.547660 5120
194.506750 8.315361 3078.639656 5120
202.806273 8.249522 3103.209938 5120
211.120917 8.264644 3097.532204 5120
219.472848 8.301932 3083.619727 5120
227.767787 8.244939 3104.935175 5120
235.853745 8.035958 3185.681140 5120
244.245987 8.342243 3068.719213 5120
252.469629 8.173642 3132.018772 5120
260.708450 8.188820 3126.213454 5120
269.130141 8.371691 3057.924642 5120
277.363991 8.183850 3128.111940 5120
285.624174 8.210183 3118.079157 5120
294.031819 8.357645 3063.063715 4864
301.822932 7.741113 3141.667109 4864
309.697962 7.825030 3107.975439 4864
317.595939 7.847977 3098.887726 4864
325.427261 7.781322 3125.432835 4608
333.019203 7.541942 3054.916050 4608
340.403260 7.334056 3141.508436 4608
347.956504 7.503244 3070.671788 4608
355.364569 7.358066 3131.257782 4608
362.966335 7.551766 3050.942034 4608
370.352403 7.336068 3140.647192 4352
377.492016 7.089613 3069.278895 4352
384.545047 7.003032 3107.225769 4352
391.541469 6.946421 3132.548243 4352
398.679934 7.088465 3069.776052 4352
405.598937 6.869003 3167.854065 4352
412.758618 7.109681 3060.615325 4352
419.770771 6.962153 3125.469999 4352
426.862615 7.041843 3090.100017 4352
433.973354 7.060740 3081.829997 4096
440.463974 6.440620 3179.818289 4096
447.212841 6.698867 3057.233318 4096
453.927907 6.665065 3072.738073 4096
460.434649 6.456742 3171.878095 4096
467.154345 6.669696 3070.604641 4096
473.860800 6.656455 3076.712803 4096
480.345257 6.434457 3182.863721 4096
487.051977 6.656720 3076.590229 4096
493.776283 6.674306 3068.483759 4096
500.317207 6.490924 3155.174919 4096
507.066600 6.699393 3056.993587 4096
513.779003 6.662403 3073.965971 4096
520.261976 6.432974 3183.597652 4096
526.972398 6.660421 3074.880534 4096
533.697074 6.674676 3068.313576 3840
539.813937 6.066862 3164.733039 3840
546.008766 6.144830 3124.577954 3840
552.289214 6.230448 3081.640321 3840
558.582683 6.243468 3075.213872 3840
564.736584 6.103901 3145.529246 3840
570.948143 6.161559 3116.094438 3840
577.279685 6.281542 3056.574146 3840
583.558359 6.228673 3082.518497 3840
589.690564 6.082205 3156.749883 3840
595.884032 6.143468 3125.270474 3840
602.155677 6.221645 3086.000666 3840
608.472641 6.266964 3063.684195 3840
614.630783 6.108142 3143.345426 3840
620.818541 6.137758 3128.177906 3840
627.136671 6.268129 3063.114822 3840
633.423624 6.236953 3078.426274 3840
639.656894 6.183270 3105.153139 3840
645.876338 6.169444 3112.111711 3840
652.175197 6.248859 3072.560967 3840
658.471939 6.246742 3073.602125 3584
664.295200 5.773261 3103.965006 3584
670.028372 5.683172 3153.168635 3584
675.835048 5.756676 3112.907374 3584
681.738125 5.853076 3061.637758 3584
687.623608 5.835483 3070.868406 3584
693.478885 5.805277 3086.846588 3328
698.943718 5.414833 3073.040220 3328
704.350499 5.356781 3106.343124 3328
709.738204 5.337705 3117.444944 3328
715.112381 5.324177 3125.365583 3328
720.547720 5.385339 3089.870428 3328
725.997977 5.400257 3081.335010 3328
731.465030 5.417053 3071.780689 3328
736.888891 5.373861 3096.470177 3328
742.348773 5.409883 3075.852358 3072
747.329918 4.931145 3114.895537 3072
752.290104 4.960186 3096.657881 3072
757.267390 4.977286 3086.019475 3072
762.250002 4.982612 3082.720490 3072
767.229457 4.979456 3084.674439 3072
772.154340 4.924883 3118.855910 3072
777.121486 4.967146 3092.319218 3072
782.108549 4.987063 3079.968853 3072
787.066726 4.958176 3097.913242 3072
792.029528 4.962802 3095.025511 3072
796.997842 4.968314 3091.592080 3072
801.992293 4.994451 3075.412994 3072
806.947325 4.955032 3099.879339 3072
811.903549 4.956224 3099.133464 3072
816.876245 4.972696 3088.867503 3072
821.829014 4.952769 3101.295531 3072
826.811352 4.982338 3082.889851 3072
831.779808 4.968456 3091.503937 3072
836.726616 4.946808 3105.032480 3072
841.723551 4.996935 3073.884598 3072
846.694707 4.971157 3089.824211 3072
851.628810 4.934103 3113.027976 3072
856.615469 4.986659 3080.218557 3072
861.559125 4.943656 3107.012194 3072
866.534018 4.974893 3087.503537 3072
871.543982 5.009964 3065.890282 3072
876.415504 4.871521 3153.019097 3072
881.384563 4.969060 3091.128110 3072
886.367730 4.983167 3082.377332 3072
891.321567 4.953837 3100.626692 3072
896.296212 4.974645 3087.657588 3072
901.270214 4.974002 3088.056811 3072
906.231159 4.960945 3096.184157 3072
911.197067 4.965908 3093.089983 3072
916.154487 4.957420 3098.385611 3072
920.168226 4.013738 3826.856189 3072
923.792651 3.624425 4237.913135 3072
927.438481 3.645830 4213.032615 3072
931.217014 3.778533 4065.069508 3072
935.110369 3.893354 3945.184243 3072
939.211709 4.101340 3745.117516 3072
943.271484 4.059775 3783.460524 3072
947.057450 3.785966 4057.088845 3072
950.733305 3.334531 4606.344611 3072
955.000110 2.601337 5904.656767 3072
959.873023 2.474249 6207.943919 3072
965.259353 2.860580 5369.541080 3072
970.579041 3.180267 4829.782471 3072
975.642283 3.243510 4735.611165 3072
980.148930 2.750157 5585.135522 3072
984.153098 1.754324 8755.507406 3072
989.121513 1.722739 8916.032980 3072
994.108829 1.710056 8982.163737 3072
999.113668 1.714895 8956.818753 3072
1004.137858 1.739085 8832.231145 3328
1009.183328 1.784554 9324.456523 3328
1013.738939 1.340166 12416.376127 3328
1018.760792 1.362019 12217.156869 3328
1023.753387 1.354614 12283.942140 3328
1028.735582 1.336808 12447.557220 3328
1033.724348 1.325574 12553.050906 3328
1038.737291 1.338518 12431.664050 3328
1043.346653 0.947880 17554.967844 3328
