# WEMAClient mimuroto
94.129692 0.116661 5486.002000 5120
97.838813 3.659120 6996.216000 5120
103.352944 5.514132 4642.616000 4608
108.540477 5.187533 4441.417000 4352
113.434576 4.894099 4446.170000 4352
118.351682 4.917107 4425.366000 4352
123.262396 4.910714 4431.127000 4352
128.935339 5.672943 3835.751000 3584
133.983267 5.047927 3549.971000 3328
138.664881 4.681614 3554.329000 3328
143.352145 4.687265 3550.044000 3328
148.040277 4.688132 3549.388000 3328
152.647400 4.607123 3611.798000 3584
157.949521 5.302121 3379.779000 3328
163.548901 5.599380 2971.757000 2816
168.272730 4.723828 2980.633000 2816
172.969050 4.696320 2998.091000 2816
177.521356 4.552306 3092.937000 3072
182.470791 4.949435 3103.384000 3072
187.405638 4.934847 3112.558000 3072
192.337193 4.931554 3114.636000 3072
197.273583 4.936390 3111.585000 3072
202.313553 5.039971 3047.636000 2816
206.897221 4.583668 3071.775000 2816
211.425537 4.528316 3109.323000 3072
216.392659 4.967122 3092.334000 3072
221.316492 4.923833 3119.520000 3072
226.248919 4.932426 3114.085000 3072
231.193476 4.944557 3106.446000 3072
236.003998 4.810523 3193.000000 3072
240.912925 4.908927 3128.993000 3072
245.846713 4.933787 3113.226000 3072
250.786785 4.940072 3109.266000 3072
255.746194 4.959409 3097.143000 3072
260.691611 4.945417 3105.905000 3072
265.638828 4.947217 3104.775000 3072
270.555509 4.916682 3124.058000 3072
275.511970 4.956461 3098.985000 3072
280.468661 4.956691 3098.841000 3072
285.433882 4.965221 3093.518000 3072
290.357617 4.923735 3119.583000 3072
295.284549 4.926932 3117.558000 3072
300.237736 4.953187 3101.033000 3072
305.166360 4.928625 3116.488000 3072
310.116950 4.950590 3102.660000 3072
315.067052 4.950102 3102.966000 3072
320.031107 4.964055 3094.244000 3072
325.025378 4.994271 3075.523000 3072
329.979778 4.954400 3100.274000 3072
334.947051 4.967272 3092.240000 3072
339.921260 4.974209 3087.927000 3072
344.868126 4.946866 3104.996000 3072
349.814134 4.946009 3105.534000 3072
354.794299 4.980164 3084.235000 3072
359.751160 4.956861 3098.735000 3072
364.721222 4.970063 3090.504000 3072
369.676237 4.955015 3099.889000 3072
374.624392 4.948155 3104.187000 3072
379.575162 4.950770 3102.547000 3072
384.515161 4.939999 3109.312000 3072
389.437231 4.922070 3120.638000 3072
394.371737 4.934506 3112.773000 3072
399.327314 4.955577 3099.538000 3072
404.296746 4.969432 3090.896000 3072
409.246280 4.949534 3103.322000 3072
414.193431 4.947150 3104.817000 3072
419.153497 4.960066 3096.732000 3072
424.114081 4.960584 3096.409000 3072
429.053662 4.939581 3109.575000 3072
433.983868 4.930206 3115.488000 3072
438.910370 4.926501 3117.831000 3072
443.860198 4.949829 3103.137000 3072
448.810761 4.950563 3102.677000 3072
453.759237 4.948476 3103.986000 3072
458.694157 4.934920 3112.512000 3072
463.676369 4.982212 3082.968000 3072
468.608381 4.932012 3114.347000 3072
473.542385 4.934004 3113.090000 3072
478.466793 4.924408 3119.156000 3072
483.405716 4.938923 3109.989000 3072
488.328114 4.922398 3120.430000 3072
493.277278 4.949164 3103.554000 3072
498.257313 4.980035 3084.315000 3072
503.212027 4.954714 3100.077000 3072
508.148228 4.936201 3111.704000 3072
513.106521 4.958293 3097.840000 3072
518.060636 4.954115 3100.452000 3072
522.970933 4.910296 3128.120000 3072
527.896355 4.925422 3118.514000 3072
532.862772 4.966418 3092.772000 3072
537.779343 4.916571 3124.128000 3072
542.680542 4.901199 3133.927000 3072
547.626235 4.945693 3105.732000 3072
552.554849 4.928614 3116.494000 3072
557.520918 4.966069 3092.989000 3072
562.431827 4.910909 3127.730000 3072
567.371757 4.939929 3109.356000 3072
572.343318 4.971561 3089.572000 3072
577.313862 4.970544 3090.204000 3072
582.237307 4.923445 3119.766000 3072
587.147991 4.910684 3127.873000 3072
592.084297 4.936306 3111.638000 3072
597.016051 4.931754 3114.510000 3072
601.964813 4.948762 3103.806000 3072
606.915907 4.951094 3102.344000 3072
611.849467 4.933560 3113.370000 3072
616.759584 4.910117 3128.235000 3072
621.723407 4.963822 3094.389000 3072
626.693711 4.970304 3090.354000 3072
631.635932 4.942221 3107.914000 3072
636.573247 4.937315 3111.002000 3072
641.539603 4.966356 3092.810000 3072
646.509504 4.969901 3090.605000 3072
651.458214 4.948711 3103.838000 3072
656.398923 4.940709 3108.865000 3072
661.336858 4.937935 3110.611000 3072
666.262355 4.925497 3118.467000 3072
671.190903 4.928549 3116.536000 3072
676.134061 4.943158 3107.325000 3072
681.123761 4.989699 3078.341000 3072
686.090612 4.966851 3092.502000 3072
691.013642 4.923030 3120.029000 3072
695.956526 4.942885 3107.497000 3072
700.933798 4.977272 3086.027000 3072
705.895718 4.961920 3095.575000 3072
710.862053 4.966335 3092.823000 3072
715.812285 4.950232 3102.885000 3072
720.785480 4.973195 3088.557000 3072
725.746419 4.960940 3096.187000 3072
730.745323 4.998904 3072.673000 3072
735.683292 4.937969 3110.590000 3072
740.649075 4.965783 3093.168000 3072
745.579312 4.930237 3115.468000 3072
750.535610 4.956298 3099.087000 3072
755.515726 4.980116 3084.265000 3072
760.502898 4.987172 3079.901000 3072
765.484766 4.981868 3083.181000 3072
770.428518 4.943752 3106.952000 3072
775.367266 4.938749 3110.099000 3072
780.346986 4.979720 3084.510000 3072
785.327844 4.980857 3083.806000 3072
790.284486 4.956643 3098.871000 3072
795.252972 4.968486 3091.485000 3072
800.250242 4.997271 3073.677000 3072
805.217484 4.967241 3092.259000 3072
810.191677 4.974194 3087.937000 3072
815.148761 4.957083 3098.596000 3072
820.124262 4.975502 3087.125000 3072
825.100326 4.976064 3086.776000 3072
830.076628 4.976302 3086.629000 3072
835.030339 4.953711 3100.705000 3072
840.016850 4.986511 3080.309000 3072
844.998879 4.982029 3083.081000 3072
849.951445 4.952566 3101.422000 3072
854.918864 4.967418 3092.149000 3072
859.876473 4.957609 3098.267000 3072
864.843957 4.967484 3092.108000 3072
869.853964 5.010007 3065.863000 2816
874.363261 4.509297 3122.437000 3072
879.355761 4.992500 3076.614000 3072
884.347876 4.992115 3076.852000 3072
889.319816 4.971940 3089.337000 3072
894.292863 4.973047 3088.649000 3072
899.263755 4.970892 3089.988000 3072
904.236465 4.972710 3088.859000 3072
909.208834 4.972369 3089.070000 3072
914.184784 4.975950 3086.848000 3072
918.820770 4.635986 3313.211000 3072
922.994363 3.814671 4026.559000 3840
929.009911 4.830219 3974.975000 3840
934.143265 4.963573 3868.181000 3840
939.152047 4.972355 3861.349000 3840
944.158476 4.978784 3856.363000 3840
948.983847 4.804155 3996.540000 3840
953.159298 3.979606 4824.598000 4608
958.231328 4.051636 5686.591000 5120
964.004042 4.824350 5306.414000 5120
969.479007 5.299315 4830.813000 4608
974.454633 4.975627 4630.572000 4608
979.426458 4.971825 4634.113000 4608
