# AndroidClient mimuroto
63.111553 0.094777 6752.667477 5120
65.564077 2.402524 10655.460831 5120
68.387313 2.773236 9231.093196 5120
71.683995 3.246682 7884.973245 5120
75.762368 2.325055 11010.493489 5120
80.501410 2.064097 12402.517193 5120
85.501210 2.063896 12403.723572 5120
90.532174 2.094861 12220.382489 5120
96.908485 3.471172 7375.031447 5120
104.147111 5.709798 4483.521231 5120
109.908928 5.761816 4443.043346 5120
115.679521 5.770594 4436.285365 5120
121.460919 5.781398 4427.994984 5120
127.763846 6.302927 4061.605126 5120
134.954501 7.190655 3560.176133 5120
142.170853 7.216352 3547.498682 5120
149.403701 7.232848 3539.408127 5120
156.681377 7.227675 3541.941024 5120
165.298758 8.567381 2988.077567 5120
173.944950 8.596192 2978.062755 4864
181.829980 7.835029 3104.008739 4864
189.723765 7.843785 3100.543895 4608
197.129537 7.355772 3132.233932 4608
204.767321 7.587783 3036.459890 4352
211.830459 7.013139 3102.747742 4352
218.959630 7.079171 3073.806277 4352
225.931567 6.921937 3143.628866 4352
232.970562 6.988995 3113.466030 4096
239.551701 6.531138 3135.747432 4096
246.123581 6.521881 3140.198486 4096
252.827340 6.653758 3077.959716 4096
259.521823 6.644483 3082.256205 4096
266.096798 6.524975 3138.709113 4096
272.786419 6.639621 3084.513617 3840
279.113084 6.276665 3058.949516 3840
285.223805 6.060722 3167.939560 3840
291.481739 6.207934 3092.816398 3840
297.762713 6.230973 3081.380479 3840
304.028836 6.216123 3088.741908 3840
310.112033 6.033197 3182.392446 3840
316.399970 6.237937 3077.940579 3840
322.717474 6.267504 3063.420462 3840
329.025918 6.258445 3067.854927 3840
335.136417 6.060499 3168.056004 3840
341.438215 6.251798 3071.116694 3584
347.274975 5.786760 3096.724407 3584
353.164202 5.839227 3068.899303 3584
359.043566 5.829364 3074.091637 3584
364.790677 5.697111 3145.453908 3584
370.592705 5.752028 3115.422976 3584
376.457190 5.814485 3081.958057 3584
382.294963 5.787773 3096.182325 3584
388.137703 5.792740 3093.527386 3584
393.976343 5.788640 3095.718735 3584
399.720448 5.694105 3147.114318 3584
405.505512 5.735064 3124.638090 3584
411.354694 5.799182 3090.090969 3584
417.191901 5.787206 3096.485397 3584
423.059168 5.817267 3080.484235 3584
428.918420 5.809252 3084.734449 3584
434.637463 5.669043 3161.027152 3584
440.381592 5.694129 3147.101215 3584
446.267293 5.835701 3070.753708 3584
452.122368 5.805075 3086.953888 3584
457.978737 5.806368 3086.266532 3584
463.868039 5.839303 3068.859464 3584
469.626883 5.708843 3138.989708 3584
475.357300 5.680417 3154.697707 3328
480.769547 5.362247 3103.176626 3328
486.204370 5.384822 3090.166988 3328
491.624889 5.370519 3098.396842 3328
497.083851 5.408962 3076.375617 3328
502.525515 5.391664 3086.245670 3328
507.947885 5.372370 3097.329455 3328
513.395188 5.397302 3083.021690 3328
518.830291 5.385103 3090.005867 3328
524.237760 5.357470 3105.943881 3328
529.606255 5.318495 3128.704722 3328
534.999007 5.342751 3114.500188 3328
540.339207 5.290201 3145.438409 3328
545.780430 5.391223 3086.498016 3328
551.197081 5.366651 3100.630218 3328
556.627623 5.380542 3092.625156 3328
562.058685 5.381062 3092.326378 3328
567.466643 5.357958 3105.661014 3328
572.914496 5.397853 3082.707060 3328
578.364156 5.399660 3081.675494 3328
583.785274 5.371118 3098.051696 3328
589.192295 5.357022 3106.203693 3328
594.555048 5.312753 3132.086287 3328
599.928557 5.323509 3125.758093 3328
605.310609 5.332053 3120.749458 3328
610.745358 5.384749 3090.209225 3328
616.138381 5.343023 3114.341704 3328
621.586024 5.397643 3082.827218 3328
627.044598 5.408575 3076.596231 3328
632.472253 5.377655 3094.285415 3328
637.915206 5.392953 3085.508334 3328
643.362790 5.397583 3082.861066 3328
648.795201 5.382412 3091.550994 3328
654.222437 5.377235 3094.526975 3328
659.584427 5.311991 3132.535663 3328
664.956754 5.322327 3126.451891 3328
670.324310 5.317555 3129.257615 3072
675.322029 4.947720 3104.460325 3072
680.289302 4.967272 3092.240354 3072
685.264922 4.975620 3087.052411 3072
690.213884 4.948963 3103.680797 3072
695.169731 4.955846 3099.369718 3072
700.145234 4.975504 3087.124575 3072
705.112145 4.966911 3092.465431 3072
710.079318 4.967172 3092.302583 3072
715.046258 4.966941 3092.446748 3072
720.018009 4.971750 3089.455269 3072
724.984736 4.966728 3092.579469 3072
729.975732 4.990995 3077.542563 3072
734.922984 4.947253 3104.753340 3072
739.888635 4.965650 3093.250335 3072
744.847511 4.958876 3097.476048 3072
749.817625 4.970114 3090.472322 3072
754.787873 4.970248 3090.389044 3072
759.777194 4.989321 3078.575334 3072
764.754240 4.977046 3086.167681 3072
769.700847 4.946606 3105.159069 3072
774.658357 4.957510 3098.329824 3072
779.627987 4.969630 3090.773164 3072
784.609916 4.981929 3083.143332 3072
789.571161 4.961246 3095.996683 3072
794.548836 4.977675 3085.777913 3072
799.542788 4.993951 3075.720845 3072
804.518441 4.975653 3087.031725 3072
809.488194 4.969753 3090.696950 3072
814.451551 4.963358 3094.679248 3072
819.418920 4.967368 3092.180772 3072
824.391164 4.972244 3089.148195 3072
829.378522 4.987358 3079.787174 3072
834.341072 4.962551 3095.182391 3072
839.316596 4.975523 3087.112613 3072
844.298828 4.982233 3082.955051 3072
849.245399 4.946571 3105.181489 3072
854.217037 4.971638 3089.524938 3072
859.177482 4.960445 3096.496547 3072
864.145963 4.968481 3091.488118 3072
869.162772 5.016808 3061.707459 3072
874.052417 4.889646 3141.332017 3072
879.011466 4.959048 3097.368386 3072
884.005586 4.994121 3075.616568 3072
888.987370 4.981784 3083.232725 3072
893.953181 4.965811 3093.150496 3072
898.912939 4.959758 3096.925561 3072
903.874252 4.961314 3095.954252 3072
908.834127 4.959875 3096.852247 3072
913.804279 4.970152 3090.448744 3072
918.495768 4.691489 3274.014168 3072
922.070401 3.574633 4296.944500 3072
925.424837 3.354436 4579.010888 3072
929.306989 3.882152 3956.568783 3072
933.385490 4.078502 3766.088875 3072
937.256610 3.871120 3967.844320 3072
941.136741 3.880131 3958.629021 3072
945.066258 3.929517 3908.877403 3072
949.302863 3.928554 3909.835851 3072
953.636957 3.262648 4707.832461 3072
958.462646 3.088337 4973.551036 3072
963.659676 3.285367 4675.276924 3072
968.949666 3.575356 4296.075260 3072
974.006072 3.631762 4229.351588 3072
979.018963 3.644653 4214.392643 3072
982.339198 1.964888 7817.237762 3072
987.204390 1.830080 8393.074663 3072
992.211438 1.837128 8360.874433 3072
997.200371 1.826062 8411.544621 3072
1002.215320 1.841010 8343.245590 3072
1007.212584 1.838274 8355.662599 3328
1011.343141 0.968831 17175.330818 3328
1016.378119 1.003809 16576.851628 3328
1021.358804 0.984495 16902.072016 3328
1026.357476 0.983167 16924.904441 3328
1031.351169 0.976860 17034.171411 3328
1036.359683 0.985374 16886.996155 3328
