# SAndroidClient mimuroto
125.208594 0.188945 3387.232344 2560
128.857323 3.598729 3556.811673 2816
132.808680 3.951357 3563.332464 2816
136.775564 3.966884 3549.385498 2816
140.731870 3.956306 3558.875499 2816
144.713230 3.981361 3536.479433 2816
148.692829 3.979599 3538.045303 2816
152.577506 3.884677 3624.497143 2816
156.620349 4.042844 3482.697076 2816
161.313022 4.692673 3000.422053 2560
165.610998 4.297975 2978.146624 2560
169.914546 4.303549 2974.289555 2560
174.590429 4.331835 2954.867858 2560
179.496328 4.237734 3020.482245 2560
184.501661 4.243068 3016.685394 2560
189.478766 4.220172 3033.051474 2560
194.504031 4.245437 3015.001998 2560
199.489452 4.230858 3025.390977 2560
204.574492 4.315898 2965.779124 2560
209.513018 4.254424 3008.633103 2560
214.470251 4.211657 3039.183599 2560
219.489955 4.231361 3025.031527 2560
224.502665 4.244071 3015.972107 2304
229.119972 3.861378 2983.390739 2304
234.028698 3.770104 3055.618379 2304
239.122500 3.863906 2981.439112 2304
244.145431 3.886837 2963.849472 2304
249.113053 3.854459 2988.746064 2304
254.139759 3.881165 2968.181213 2304
259.158512 3.899918 2953.908077 2304
264.127532 3.868938 2977.560905 2304
269.117501 3.858907 2985.300935 2304
274.137274 3.878680 2970.082515 2304
279.151086 3.892492 2959.543721 2304
284.161223 3.902629 2951.856426 2304
289.118316 3.859722 2984.670629 2304
294.122223 3.863629 2981.652976 2304
299.134843 3.876249 2971.945041 2304
304.119803 3.861209 2983.521521 2304
309.143239 3.884645 2965.521610 2304
314.138022 3.879428 2969.509583 2304
319.138781 3.880187 2968.928796 2304
324.170992 3.912398 2944.485760 2304
329.123603 3.865009 2980.587805 2304
334.146464 3.887870 2963.061769 2304
339.159482 3.900888 2953.173399 2304
344.110005 3.851411 2991.111286 2304
349.120090 3.861496 2983.299877 2304
354.158634 3.900040 2953.815713 2304
359.139877 3.881284 2968.090313 2304
364.144840 3.886246 2964.300371 2304
369.153765 3.895171 2957.508262 2304
374.112519 3.853925 2989.160342 2304
379.124432 3.865838 2979.948793 2304
384.111047 3.852454 2990.302115 2304
389.127340 3.868746 2977.708747 2304
394.099394 3.840800 2999.375231 2304
399.137593 3.879000 2969.837927 2304
404.158586 3.899992 2953.852405 2304
409.118169 3.859575 2984.784221 2304
414.118659 3.860065 2984.405527 2304
419.133385 3.874792 2973.063149 2304
424.147805 3.889211 2962.040399 2304
429.124335 3.865741 2980.023554 2304
434.127313 3.868719 2977.729730 2304
439.152848 3.894254 2958.204211 2304
444.135070 3.876476 2971.771449 2304
449.153492 3.894898 2957.715154 2304
454.107876 3.849282 2992.766219 2304
459.136928 3.878334 2970.347807 2304
464.137013 3.878419 2970.282236 2304
469.132026 3.873433 2974.106293 2304
474.126526 3.867932 2978.336027 2304
479.116228 3.857634 2986.286075 2304
484.123910 3.865316 2980.351379 2304
489.103584 3.844990 2996.106720 2304
494.135126 3.876532 2971.728337 2304
499.150869 3.892275 2959.708414 2304
504.144610 3.886016 2964.475555 2304
509.128642 3.870048 2976.707218 2304
514.119543 3.860949 2983.722279 2304
519.131339 3.872745 2974.634099 2304
524.142742 3.884148 2965.901403 2304
529.129890 3.871296 2975.747737 2304
534.153030 3.894436 2958.066348 2304
539.117430 3.858836 2985.356081 2304
544.126972 3.868378 2977.992590 2304
549.122672 3.864078 2981.306305 2304
554.124077 3.865483 2980.222744 2304
559.138552 3.879958 2969.104299 2304
564.148726 3.890132 2961.339015 2304
569.148542 3.889948 2961.478915 2304
574.149291 3.890697 2960.908832 2304
579.138621 3.880027 2969.051791 2304
584.119426 3.860832 2983.813057 2304
589.136315 3.877721 2970.817196 2304
594.149373 3.890779 2960.846424 2304
599.130411 3.871817 2975.347048 2304
604.133790 3.875196 2972.753149 2304
609.129432 3.870838 2976.099742 2304
614.108129 3.849535 2992.569478 2304
619.129208 3.870614 2976.271757 2304
624.145459 3.886865 2963.828477 2304
629.154381 3.895787 2957.040197 2304
634.107124 3.848530 2993.351020 2304
639.168362 3.909768 2946.466180 2304
644.157286 3.898692 2954.837370 2304
649.141074 3.882480 2967.175586 2304
654.150698 3.892104 2959.838831 2304
659.135094 3.876501 2971.752437 2304
664.162652 3.904058 2950.775752 2304
669.144784 3.886190 2964.342612 2304
674.119463 3.860870 2983.783787 2304
679.147120 3.888526 2962.562192 2304
684.143800 3.885206 2965.093413 2304
689.123436 3.864842 2980.717221 2304
694.130188 3.871594 2975.518738 2304
699.147888 3.889294 2961.977418 2304
704.158376 3.899782 2954.011157 2304
709.153389 3.894795 2957.793972 2304
714.153913 3.895320 2957.395352 2304
719.152854 3.894260 2958.199828 2304
724.154085 3.895491 2957.265270 2304
729.166850 3.908256 2947.605931 2304
734.134740 3.876146 2972.024555 2304
739.143250 3.884656 2965.513707 2304
744.136077 3.877483 2970.999374 2304
749.165528 3.906934 2948.603688 2304
754.152110 3.893517 2958.764861 2304
759.157992 3.899398 2954.302216 2304
764.148099 3.889505 2961.816179 2304
769.139234 3.880640 2968.582612 2304
774.126004 3.867411 2978.737317 2304
779.162559 3.903965 2950.846218 2304
784.162210 3.903616 2951.110155 2304
789.145765 3.887171 2963.594730 2304
794.143665 3.885071 2965.197009 2304
799.169812 3.911218 2945.373988 2304
804.141767 3.883173 2966.645916 2304
809.156432 3.897838 2955.484221 2304
814.140335 3.881741 2967.740796 2304
819.147372 3.888778 2962.369859 2304
824.149795 3.891201 2960.525804 2304
829.156847 3.898254 2955.169498 2304
834.145876 3.887282 2963.510200 2304
839.172490 3.913896 2943.358922 2304
844.167135 3.908541 2947.391343 2304
849.129412 3.870818 2976.115383 2304
854.153656 3.895062 2957.590589 2304
859.144357 3.885763 2964.668558 2304
864.156438 3.897844 2955.480207 2304
869.187615 3.929021 2932.027986 2304
874.049209 3.790615 3039.084559 2304
879.162120 3.903526 2951.177796 2304
884.171427 3.912833 2944.158567 2304
889.145219 3.886625 2964.010867 2304
894.144442 3.885848 2964.604051 2304
899.139120 3.880526 2968.669852 2304
904.139022 3.880428 2968.744348 2304
909.140983 3.882389 2967.245123 2304
914.140735 3.882141 2967.434383 2304
918.809957 3.551363 3243.825073 2304
923.205207 2.946613 3909.572946 2304
928.367549 3.108955 3705.424733 2304
933.497269 3.238675 3557.010121 2304
938.505273 3.246679 3548.240595 2304
943.491571 3.232977 3563.279266 2304
948.396559 3.137965 3671.169192 2304
952.807129 2.548535 4520.243269 2304
957.439177 2.180583 5282.991171 2304
962.633096 2.374502 4851.544331 2304
967.929488 2.670894 4313.162894 2304
973.022794 2.764200 4167.571395 2304
978.036842 2.778249 4146.497227 2304
981.792147 1.533553 7511.965769 2304
986.530023 1.271429 9060.671611 2304
991.533106 1.274512 9038.751378 2304
996.527362 1.268768 9079.676029 2304
1001.535638 1.277044 9020.831643 2304
1006.534696 1.276102 9027.493934 2304
