# WEMAClient mimuroto
156.020061 0.128000  156.244135 0.128000 
156.294135 2.816000  160.994157 2.816000 
160.994157 2.816000  165.717766 2.816000 
165.717766 2.816000  170.388295 2.816000 
170.388295 2.816000  175.069449 2.816000 
175.069449 2.816000  179.667933 2.816000 
179.667933 2.816000  184.238192 2.816000 
184.238192 3.072000  189.167015 3.072000 
189.167015 3.072000  194.111214 3.072000 
194.111214 3.072000  199.050338 3.072000 
199.050338 3.072000  204.087320 3.072000 
204.087320 2.816000  208.632501 2.816000 
208.632501 3.072000  213.555423 3.072000 
213.555423 3.072000  218.539458 3.072000 
218.539458 3.072000  223.450472 3.072000 
223.450472 3.072000  228.462163 3.072000 
228.462163 2.816000  232.886975 2.816000 
232.886975 3.072000  237.777729 3.072000 
237.777729 3.072000  242.689407 3.072000 
242.689407 3.072000  247.619420 3.072000 
247.619420 3.072000  252.580033 3.072000 
252.580033 3.072000  257.543437 3.072000 
257.543437 3.072000  262.479819 3.072000 
262.479819 3.072000  267.412471 3.072000 
267.412471 3.072000  272.340491 3.072000 
272.340491 3.072000  277.311065 3.072000 
277.311065 3.072000  282.281693 3.072000 
282.281693 3.072000  287.221233 3.072000 
287.221233 3.072000  292.148542 3.072000 
292.148542 3.072000  297.094756 3.072000 
297.094756 3.072000  302.034264 3.072000 
302.034264 3.072000  306.981998 3.072000 
306.981998 3.072000  311.918322 3.072000 
311.918322 3.072000  316.867809 3.072000 
316.867809 3.072000  321.850129 3.072000 
321.850129 3.072000  326.801207 3.072000 
326.801207 3.072000  331.743439 3.072000 
331.743439 3.072000  336.698802 3.072000 
336.698802 3.072000  341.659978 3.072000 
341.659978 3.072000  346.600877 3.072000 
346.600877 3.072000  351.555693 3.072000 
351.555693 3.072000  356.514614 3.072000 
356.514614 3.072000  361.471296 3.072000 
361.471296 3.072000  366.413253 3.072000 
366.413253 3.072000  371.370623 3.072000 
371.370623 3.072000  376.319225 3.072000 
376.319225 3.072000  381.263982 3.072000 
381.263982 3.072000  386.191656 3.072000 
386.191656 3.072000  391.119419 3.072000 
391.119419 3.072000  396.046142 3.072000 
396.046142 3.072000  400.956342 3.072000 
400.956342 3.072000  405.915799 3.072000 
405.915799 3.072000  410.862858 3.072000 
410.862858 3.072000  415.781118 3.072000 
415.781118 3.072000  420.723560 3.072000 
420.723560 3.072000  425.680237 3.072000 
425.680237 3.072000  430.603172 3.072000 
430.603172 3.072000  435.508165 3.072000 
435.508165 3.072000  440.455720 3.072000 
440.455720 3.072000  445.428921 3.072000 
445.428921 3.072000  450.390583 3.072000 
450.390583 3.072000  455.305848 3.072000 
455.305848 3.072000  460.279163 3.072000 
460.279163 3.072000  465.244340 3.072000 
465.244340 3.072000  470.186623 3.072000 
470.186623 3.072000  475.137945 3.072000 
475.137945 3.072000  480.087129 3.072000 
480.087129 3.072000  485.041507 3.072000 
485.041507 3.072000  489.977138 3.072000 
489.977138 3.072000  494.940818 3.072000 
494.940818 3.072000  499.913177 3.072000 
499.913177 3.072000  504.870899 3.072000 
504.870899 3.072000  509.831016 3.072000 
509.831016 3.072000  514.790732 3.072000 
514.790732 3.072000  519.744143 3.072000 
519.744143 3.072000  524.682372 3.072000 
524.682372 3.072000  529.634462 3.072000 
529.634462 3.072000  534.598662 3.072000 
534.598662 3.072000  539.525249 3.072000 
539.525249 3.072000  544.449909 3.072000 
544.449909 3.072000  549.385500 3.072000 
549.385500 3.072000  554.332710 3.072000 
554.332710 3.072000  559.294583 3.072000 
559.294583 3.072000  564.239146 3.072000 
564.239146 3.072000  569.189333 3.072000 
569.189333 3.072000  574.162723 3.072000 
574.162723 3.072000  579.124828 3.072000 
579.124828 3.072000  584.046810 3.072000 
584.046810 3.072000  588.977873 3.072000 
588.977873 3.072000  593.909468 3.072000 
593.909468 3.072000  598.856159 3.072000 
598.856159 3.072000  603.778068 3.072000 
603.778068 3.072000  608.733947 3.072000 
608.733947 3.072000  613.661522 3.072000 
613.661522 3.072000  618.568610 3.072000 
618.568610 3.072000  623.538303 3.072000 
623.538303 3.072000  628.491366 3.072000 
628.491366 3.072000  633.439174 3.072000 
633.439174 3.072000  638.396760 3.072000 
638.396760 3.072000  643.367848 3.072000 
643.367848 3.072000  648.334068 3.072000 
648.334068 3.072000  653.267098 3.072000 
653.267098 3.072000  658.223423 3.072000 
658.223423 3.072000  663.144666 3.072000 
663.144666 3.072000  668.067335 3.072000 
668.067335 3.072000  672.981643 3.072000 
672.981643 3.072000  677.927911 3.072000 
677.927911 3.072000  682.925375 3.072000 
682.925375 3.072000  687.883734 3.072000 
687.883734 3.072000  692.807320 3.072000 
692.807320 3.072000  697.776288 3.072000 
697.776288 3.072000  702.733051 3.072000 
702.733051 3.072000  707.681384 3.072000 
707.681384 3.072000  712.654612 3.072000 
712.654612 3.072000  717.602975 3.072000 
717.602975 3.072000  722.567965 3.072000 
722.567965 3.072000  727.521098 3.072000 
727.521098 3.072000  732.507669 3.072000 
732.507669 3.072000  737.435939 3.072000 
737.435939 3.072000  742.418077 3.072000 
742.418077 3.072000  747.344676 3.072000 
747.344676 3.072000  752.307110 3.072000 
752.307110 3.072000  757.289647 3.072000 
757.289647 3.072000  762.271014 3.072000 
762.271014 3.072000  767.251290 3.072000 
767.251290 3.072000  772.178115 3.072000 
772.178115 3.072000  777.128538 3.072000 
777.128538 3.072000  782.116323 3.072000 
782.116323 3.072000  787.080681 3.072000 
787.080681 3.072000  792.038573 3.072000 
792.038573 3.072000  797.008548 3.072000 
797.008548 3.072000  802.000383 3.072000 
802.000383 3.072000  806.962954 3.072000 
806.962954 3.072000  811.922032 3.072000 
811.922032 3.072000  816.884137 3.072000 
816.884137 3.072000  821.832193 3.072000 
821.832193 3.072000  826.813274 3.072000 
826.813274 3.072000  831.774924 3.072000 
831.774924 3.072000  836.731206 3.072000 
836.731206 3.072000  841.721042 3.072000 
841.721042 3.072000  846.689983 3.072000 
846.689983 3.072000  851.617043 3.072000 
851.617043 3.072000  856.599842 3.072000 
856.599842 3.072000  861.539726 3.072000 
861.539726 3.072000  866.508454 3.072000 
866.508454 3.072000  871.507427 3.072000 
871.507427 3.072000  876.367824 3.072000 
876.367824 3.072000  881.335680 3.072000 
881.335680 3.072000  886.316482 3.072000 
886.316482 3.072000  891.277720 3.072000 
891.294135 3.072000  896.267983 3.072000 
896.294135 3.072000  901.266834 3.072000 
901.294135 3.072000  906.257117 3.072000 
906.294135 3.072000  911.264067 3.072000 
911.294135 3.072000  916.267783 3.072000 
916.294135 3.072000  920.261455 3.072000 
921.294135 3.840000  925.718787 3.840000 
926.294135 4.096000  931.524513 4.096000 
931.524513 3.840000  936.471033 3.840000 
936.471033 3.840000  941.434075 3.840000 
941.434075 3.840000  946.307436 3.840000 
946.307436 3.840000  950.663522 3.840000 
951.294135 4.352000  955.164409 4.352000 
956.294135 5.120000  960.636409 5.120000 
961.294135 5.120000  966.398911 5.120000 
966.398911 4.864000  971.600844 4.864000 
971.600844 4.608000  976.573549 4.608000 
976.573549 4.608000  980.539186 4.608000 
981.294135 5.120000  984.225439 5.120000 
986.294135 5.120000  989.092154 5.120000 
991.294135 5.120000  994.078119 5.120000 
996.294135 5.120000  999.083227 5.120000 
1001.294135 5.120000  1004.121326 5.120000 
1006.294135 5.120000  1009.087148 5.120000 
1011.294135 5.120000  1013.173435 5.120000 
1016.294135 5.120000  1018.212466 5.120000 
1021.294135 5.120000  1023.207005 5.120000 
1026.294135 5.120000  1028.169063 5.120000 
1031.294135 5.120000  1033.157498 5.120000 
1036.294135 5.120000  1038.165001 5.120000 
