95.003771 18446.349039 0.000000
96.003788 19186.395134 18446.349039
97.004308 19037.404155 19926.441229
98.004753 19513.866017 19999.709518
99.007209 18947.080996 20153.113719
100.008101 19125.153577 19644.915128
101.008423 18751.260172 19349.911736
102.009866 19919.421284 18865.800446
103.010373 18347.020375 19471.230566
104.010508 19481.456416 18706.692625
105.012546 18980.944588 19085.332622
106.013116 19407.839928 18998.299698
107.014063 20053.410456 19270.615964
108.014799 18855.761994 19925.257983
109.016485 19059.599762 19386.380765
110.018595 19304.870445 19137.165789
111.019879 19223.925209 19177.119806
112.022361 19391.767337 19168.325548
113.025621 19415.808650 19303.709930
114.027846 19062.178511 19411.447458
115.030047 19264.326761 19201.183915
116.030393 19707.117221 19212.911980
117.030904 19429.071621 19563.722553
118.033211 19767.846732 19566.442307
119.035365 18818.495477 19787.540845
120.037558 19553.258757 19181.153145
121.039508 18616.576754 19338.367338
122.041498 19419.828631 18768.185786
123.043697 19577.847266 19047.631661
124.045071 18860.765815 19398.917817
125.047496 19374.478336 19081.482169
126.049176 19136.110678 19252.869647
127.051114 18907.215245 19190.189815
128.053777 19387.230157 18973.658540
129.056864 20106.883204 19208.793263
130.058707 19020.483420 19910.709633
131.058843 19003.497359 19495.911373
132.058995 19427.235721 19156.915709
133.059827 20137.523974 19266.867060
134.062963 19296.999319 19894.651092
135.065370 19689.067738 19638.867836
136.066710 19159.531248 19719.560394
137.068401 18427.600051 19355.131141
138.069978 18587.951113 18575.068143
139.072152 19220.195075 18268.432918
140.074303 19442.057225 18669.177826
141.075707 19625.773826 19173.701204
142.076602 19986.478059 19630.839350
143.078567 19635.781436 20128.670216
144.080112 19144.786620 20079.015143
145.081603 18734.990396 19575.133068
146.081824 18666.377314 18908.258250
147.084483 19336.880016 18480.044066
148.086304 18682.956786 18815.397313
149.087943 18814.040651 18623.002189
150.091211 19792.464613 18640.106175
151.091243 19114.084190 19425.959759
152.093401 19506.137760 19401.727447
153.095062 19213.921431 19611.740654
154.095360 18535.620857 19471.184288
155.097214 18835.329992 18827.864960
156.099604 20033.612423 18657.926122
157.101060 19244.203639 19516.019493
158.101264 18569.517913 19482.407824
159.104141 18971.342578 18900.036648
160.105780 18982.749521 18827.589875
161.108227 18958.539628 18835.859872
162.112001 18741.330901 18858.559863
163.114603 18851.126886 18731.998254
164.115317 19013.417720 18753.397600
165.116671 19188.307833 18910.247720
166.116934 18835.718490 19145.632865
167.118644 19187.567623 19009.552172
168.122441 19316.446467 19161.940255
169.123984 19197.425813 19341.200271
170.124521 18989.634765 19335.376338
171.126457 19381.005386 19142.133454
172.130920 18963.133539 19300.915306
173.131703 18636.552866 19086.924866
174.132260 18427.084210 18704.046310
175.134584 18725.948399 18338.632179
176.137402 20634.191174 18402.186263
177.140569 19062.761878 19946.085920
178.140575 18889.311703 19711.490090
179.143923 18937.153846 19301.922491
180.144715 18978.520455 19029.867601
181.145280 18752.965704 18901.686674
182.146188 18799.583461 18687.638593
183.147298 20283.860773 18631.909648
184.148848 17925.671313 19759.171612
185.150399 19570.980147 18685.332790
186.151995 18760.019621 19192.479635
187.153491 19207.054371 18932.457791
188.155753 19508.925885 19094.613389
189.156972 19407.538151 19430.205069
190.158763 18508.461076 19541.640312
191.160412 18316.630628 18889.524587
192.164202 18531.206169 18324.328011
193.165552 19681.473521 18200.737033
194.167298 19597.453086 19084.259342
195.167839 18938.347630 19612.308715
196.171865 20169.055481 19378.290402
197.175442 19345.816897 20074.326441
198.176632 19760.681198 19828.597782
199.178433 18825.695772 19896.186458
200.179370 19342.033334 19194.865411
201.182992 19514.703318 19139.165650
202.183006 18742.452182 19291.535178
203.186535 19849.412953 18844.323625
204.187562 19059.268705 19425.470566
205.188738 19037.904644 19229.421447
206.188827 18777.057668 19072.835657
207.192969 18714.769820 18790.174776
208.197081 19066.124703 18598.849173
209.198227 19478.113579 18795.682696
210.198399 19257.230072 19270.701615
211.201210 20079.599732 19394.401436
212.203795 19552.627353 20038.735751
213.205708 19275.237632 19975.889619
214.208411 19493.416468 19630.608696
215.208665 18853.681293 19532.759596
216.208721 20000.931602 18994.197882
217.209869 19046.711689 19550.225610
218.210511 20031.304932 19225.251037
219.212303 19933.252781 19756.573846
220.214470 18915.019416 20017.378908
221.216264 18957.489676 19363.074884
222.219024 19123.345812 18955.761700
223.219280 19319.871796 18876.929204
224.222336 19473.831776 19046.511596
225.223969 18956.942547 19315.112827
226.224124 19558.460424 19101.426258
227.226966 19015.524505 19409.600454
228.228674 18846.789847 19193.700605
229.230549 19324.379799 18914.655662
230.232533 18918.776641 19116.359201
231.233560 18950.894022 18965.013751
232.236437 18975.384472 18901.869785
233.238409 19104.267733 18900.921698
234.240778 18964.568888 19015.725794
235.242592 19580.164897 18990.489193
236.245101 19191.893371 19433.087823
237.248124 18338.382073 19399.952762
238.248705 19191.421998 18691.236910
239.250610 19170.740903 18888.445218
240.252628 19342.154069 19047.282746
241.253990 18647.323407 19286.125924
242.256817 19667.161537 18898.431552
243.258850 18320.900091 19406.685928
244.260474 18907.388014 18716.235934
245.260918 19421.215946 18712.042918
246.261136 19166.449382 19144.153633
247.264018 18904.926336 19238.399646
248.265080 20240.229416 19071.392802
249.266685 18764.214597 19947.750073
250.267088 19222.038052 19352.037430
251.268428 18901.643476 19250.592992
252.268526 19174.805465 18952.436106
253.268985 19593.601569 18995.530997
254.270021 19266.376078 19375.994138
255.272504 19521.624309 19375.208447
256.273310 19081.220394 19539.043683
257.275158 20420.777256 19286.303521
258.278452 18446.693027 20113.330305
259.279467 19556.134416 19123.142263
260.279808 18622.991020 19291.016975
261.281465 19860.049958 18741.376144
262.282182 19184.809406 19364.753651
263.283865 18419.502991 19293.836068
264.285873 19204.465199 18657.140799
265.288103 19566.124593 18868.105369
266.288225 19278.602941 19328.922157
267.290921 18925.727773 19402.989921
268.294399 19801.973352 19144.270681
269.296952 19910.231883 19617.459519
270.299178 18857.862114 19981.376294
271.302167 20018.385911 19356.271253
272.305311 19677.396475 19789.509295
273.306587 18990.977416 19807.605393
274.307221 19040.641744 19269.286918
275.308473 19077.779553 18967.798551
276.308864 18989.761993 18863.118523
277.313951 18908.091909 18798.430596
278.315750 18350.235724 18752.666919
279.318219 19215.097238 18350.249189
280.321761 19664.303812 18797.683093
281.322876 18492.145506 19462.658512
282.323463 17932.104731 18966.438817
283.325402 18441.312127 18179.725060
284.325726 19380.042955 18106.368647
285.327875 19454.198559 18857.474431
286.330591 18970.328676 19419.286157
287.332262 19431.349046 19346.017709
288.336237 19757.767241 19561.226503
289.336414 19414.626700 19881.175183
290.339899 18807.763741 19752.942131
291.342222 18437.742182 19149.099529
292.346426 18627.716520 18484.328111
293.346796 19053.716543 18282.776673
294.347478 19258.483685 18587.735934
295.347962 18614.439048 19010.286073
296.348252 19428.121572 18800.577068
297.349850 19521.172469 19259.449953
298.351078 19395.781056 19600.842474
299.352298 20000.299547 19657.577672
300.353257 19218.350985 20073.884986
301.356078 19002.075443 19677.180862
302.360552 18741.597398 19201.914674
303.361942 19953.277336 18718.963239
304.363580 19014.658341 19391.906014
305.366612 19298.102096 19164.755986
306.371426 19486.418631 19226.239377
307.372516 19666.563115 19416.184154
308.372807 19697.352839 19663.823524
309.373931 19141.470268 19811.420400
310.377850 19512.261675 19439.790020
311.378264 19610.524629 19457.488447
312.381962 18819.248159 19553.728183
313.383603 19182.836221 19022.589810
314.384758 19881.439809 18978.876257
315.385090 19618.032156 19531.962162
316.386495 18786.690261 19698.318787
317.388788 19222.744284 19137.919020
318.392685 19330.759399 19096.952464
319.396309 19875.578454 19188.928478
320.399781 19298.666228 19678.988506
321.402785 19547.216950 19540.481837
322.406594 18483.831297 19597.187642
323.407148 19441.606777 18815.508632
324.408826 19405.527002 19060.081403
325.412232 19020.023335 19250.689301
326.412449 19136.414486 19095.574925
327.412743 19098.066649 19086.423202
328.412770 19119.265695 19065.584284
329.413500 19391.353629 19079.184701
330.413530 19284.684533 19300.071108
331.417302 18708.870028 19353.333120
332.418512 19542.032884 18930.941100
333.420527 19196.011227 19289.099464
334.422854 18639.484546 19271.895759
335.424099 19475.800942 18826.927762
336.424981 18739.766908 19184.820257
337.426038 19262.562471 18884.486150
338.429514 18760.996681 19090.235958
339.432675 18737.861219 18860.018148
340.433727 19278.873105 18702.802279
341.435388 19182.876478 19038.717994
342.436729 20196.271444 19194.717159
343.436781 19342.439775 20029.802796
344.437036 19546.946475 19848.589024
345.439490 19143.717969 19784.824851
346.439652 18640.036037 19391.051791
347.443142 19158.646633 18754.570357
348.444663 19211.541776 18796.654007
349.445895 20405.437177 18947.865345
350.450550 19306.704646 19984.811673
351.453320 19245.558103 19784.391815
352.456772 19424.640185 19518.900186
353.458967 18887.760611 19452.130413
354.460957 19722.474672 19009.213288
355.462780 18536.241302 19383.427102
356.463864 19179.918234 18765.620875
357.464604 19477.161133 18882.130566
358.464679 19468.033715 19237.764503
359.465712 18669.232389 19468.585066
360.465746 18953.548825 18984.756515
361.467932 19556.106636 18877.198535
362.470583 18748.716670 19294.425476
363.472841 18766.954140 18962.916762
364.475186 18508.027263 18757.290485
365.476078 18492.085678 18462.698102
366.477969 18807.537906 18314.778012
367.478010 18800.045660 18521.734055
368.481530 18491.011726 18691.043854
369.484600 19576.543476 18571.173755
370.487373 19957.224066 19305.347010
371.489919 18979.149878 20025.743197
372.491843 18975.127581 19635.255867
373.492187 19499.680856 19272.968982
374.494230 19875.704722 19410.780145
375.497131 18434.545528 19783.928804
376.497499 18807.135419 18912.577718
377.497594 18751.837454 18636.836545
378.500911 19919.397512 18500.067204
379.503939 19087.366788 19370.295139
380.505101 19213.885521 19318.661657
381.508292 18799.157052 19329.910249
382.510692 19584.933510 18995.482011
383.513871 19563.602787 19368.518996
384.514971 18636.391312 19593.143074
385.516033 18849.953329 19002.661436
386.519608 18688.814280 18776.024598
387.522850 19328.808493 18560.334075
388.525756 19281.848727 18964.604525
389.526675 18913.867183 19222.570917
390.531006 18939.183430 19090.387408
391.533159 18942.146592 18999.152782
392.535411 20205.313705 18940.765503
393.538236 18917.120570 19859.292470
394.539680 19553.560121 19438.916411
395.543627 19657.273639 19575.609085
396.547364 18836.775428 19716.228319
397.548257 19912.235214 19156.425608
398.549344 20067.686645 19603.206547
399.550486 19385.051606 20020.442756
400.550488 19302.228735 19728.895554
401.550546 19306.287425 19435.043812
402.553166 19228.429632 19257.958190
403.557145 19277.187444 19123.104343
404.560665 19573.739868 19118.577101
405.562414 19684.874241 19378.380383
406.562764 19075.774299 19640.472676
407.565417 19460.365123 19325.794257
408.569537 18131.045780 19394.393176
409.570414 18619.270088 18448.196115
410.573215 18937.564536 18261.978232
411.573471 18607.432951 18496.913090
412.575327 19622.306771 18476.944692
413.579041 18951.446203 19260.737923
414.580868 19632.943227 19239.881324
415.580884 19094.264858 19668.467013
416.583781 18803.250511 19469.870134
417.586689 19448.270130 19058.409615
418.588033 19525.549277 19272.654294
419.588161 19063.726524 19481.639952
420.591162 18851.659818 19250.743048
421.593024 19520.771395 18929.490436
422.596206 18596.531901 19251.240158
423.600010 18377.252146 18786.318207
424.600909 19306.680790 18341.950839
425.603393 19628.559008 18825.663965
426.603604 18768.601451 19429.183398
427.606404 18916.296192 19135.818849
428.607499 18112.470439 19008.103281
429.609002 19634.486195 18318.424410
430.612165 19024.632078 19063.608298
431.613309 19450.430354 19121.529129
432.615502 19002.107022 19445.613989
433.616759 19115.583212 19272.618011
434.617296 18869.322735 19203.599418
435.621112 18243.033654 18962.390711
436.623514 19223.949043 18348.802553
437.624415 19771.451724 18751.252791
438.626829 18658.700738 19481.278984
439.627986 20653.122572 19084.272026
440.628184 19092.711784 20275.192100
441.631619 18635.570125 19794.826664
442.632423 18288.934668 19036.258982
443.633869 18867.432232 18296.826334
444.636345 19172.720261 18359.010266
445.638039 18799.295786 18746.173745
446.639691 19846.377204 18766.323758
447.639909 19054.311885 19569.952835
448.643678 19534.887413 19446.824476
449.645241 19184.152818 19647.563795
450.647397 20404.915428 19456.713413
451.648073 19560.311378 20208.720030
452.651133 20482.900443 20000.319151
453.651364 19349.049521 20478.058567
454.651800 19835.433397 19867.750553
455.655336 18781.525737 19797.709194
456.657841 19041.752928 18981.688820
457.659089 19881.835043 18718.808256
458.660776 18028.147091 19298.165728
459.663481 19532.824830 18343.495829
460.663587 19192.738318 18915.831999
461.666893 18833.172137 19101.183408
462.667447 19763.493329 18947.073204
463.667496 20110.131099 19539.283729
464.669926 19282.696760 20151.419719
465.671004 20323.418155 19826.589805
466.672530 18989.194984 20308.742633
467.673510 19934.951490 19552.820549
468.676147 19696.086488 19743.270496
469.677703 18961.174795 19707.266966
470.678143 19083.671071 19135.286312
471.680408 19002.218232 18897.640313
472.683273 19439.861931 18764.235373
473.686056 18008.890615 19085.261393
474.688877 18913.016742 18261.196050
475.691950 19222.972167 18464.181615
476.693189 18833.931696 18910.349748
477.693367 18959.740880 18919.809066
478.694944 18175.216516 18997.426270
479.696588 18624.531055 18438.420252
480.699772 18843.406358 18430.102213
481.701079 19462.481895 18638.706882
482.703759 18739.946787 19258.490738
483.705417 18457.516083 19077.479124
484.707236 19498.630669 18690.767205
485.709096 19299.600833 19219.934404
486.712103 18805.562030 19404.919693
487.714179 18465.584762 19100.553520
488.714785 19943.954317 18619.639610
489.716787 19848.361729 19449.446109
490.717680 18224.257182 19916.281970
491.719182 20009.922929 18914.641429
492.723238 18920.648082 19580.474408
493.724091 19842.763362 19203.796892
494.725065 19395.380109 19636.257391
495.727618 19042.153780 19568.576694
496.730609 19039.549542 19226.517453
497.734304 19468.924436 19007.443735
498.737671 19534.223212 19227.964498
499.739901 19496.579918 19447.438947
500.743647 19246.166666 19550.639766
501.744814 19022.315847 19400.915275
502.747621 19410.573585 19119.477763
503.748959 19336.083754 19245.661832
504.749938 19338.792406 19294.114431
505.751981 19020.657079 19330.864550
506.754159 19510.942081 19112.620079
507.755561 18950.519312 19348.220844
508.758289 18854.196258 19086.384460
509.758347 19119.167534 18849.257690
510.760387 19046.401672 18930.657404
511.762552 19403.968703 18963.910397
512.763390 20096.685613 19269.334986
513.766102 19325.398991 19975.243392
514.768176 19558.479027 19780.093184
515.769064 19593.269987 19743.654558
516.770611 18890.342970 19705.234583
517.770878 18222.623957 19130.838184
518.774921 19157.561241 18282.726921
519.775397 19444.453889 18544.848511
520.775575 19169.751386 19044.256975
521.777742 19198.216715 19187.983558
522.779412 18636.288903 19276.637804
523.781526 18854.862636 18879.913795
524.782085 19293.201868 18784.575867
525.785608 19926.672393 19083.233020
526.787500 20231.002741 19760.156701
527.788873 18926.143732 20368.495226
528.789817 19717.463347 19659.647111
529.790001 18786.294850 19715.336919
530.793297 19432.845378 19045.337058
531.794928 19534.718913 19130.489471
532.796605 18999.036449 19325.059806
533.797212 18772.124817 19072.997902
534.799607 19023.811748 18758.292863
535.801972 19526.118174 18793.163530
536.802828 19784.821333 19244.990738
537.807350 19004.435463 19735.213570
538.809402 19481.295292 19407.437524
539.809965 18869.682135 19500.443858
540.810009 19409.236521 19083.450016
541.810286 19467.025940 19226.176914
542.811149 18784.407296 19386.647329
543.811187 18648.615011 18975.013206
544.812412 19079.964998 18619.700453
545.814595 19377.742656 18772.785207
546.818252 19283.805164 19149.455775
547.819419 20200.318448 19324.409660
548.819510 19275.542704 20089.120442
549.820269 18955.131506 19805.693526
550.822238 19461.749724 19291.133964
551.822278 19271.927763 19329.817232
552.823851 18859.289533 19239.775519
553.824189 18561.637096 18893.314050
554.826771 19177.837063 18488.337859
555.827443 19198.760615 18766.324548
556.828385 19600.807661 19023.888685
557.831068 19829.623238 19497.924021
558.833067 18977.630679 19932.274281
559.835987 20395.323788 19484.792232
560.836239 19134.648074 20197.530650
561.838130 18637.560975 19657.841358
562.839250 19151.366174 18884.383067
563.841715 19038.090487 18821.302298
564.842321 20251.849676 18787.321117
565.843837 18902.067254 19743.342260
566.845605 18764.195306 19336.142870
567.845627 18673.561316 18920.620310
568.847091 19076.915695 18605.777286
569.849539 18923.774762 18767.817566
570.850113 19161.542255 18811.256538
571.851218 18614.419527 19039.431200
572.851436 18700.129297 18773.704248
573.852986 18369.543774 18665.301920
574.853357 19077.498906 18371.868457
575.855216 18819.724570 18755.536904
576.855867 19142.706712 18834.530876
577.857949 19648.349116 19112.562892
578.858956 18068.429910 19638.346658
579.860963 19262.482713 18718.799751
580.863361 18831.571563 18991.973440
581.864829 18400.631782 18873.004240
582.867414 18843.139548 18479.956635
583.868785 19464.803727 18595.482444
584.871983 19875.907393 19181.407758
585.873780 19013.567259 19853.547157
586.875730 18986.388277 19548.451815
587.877196 19793.049465 19241.798769
588.879743 19120.230833 19629.615514
589.880988 19739.503277 19359.768400
590.883049 19104.974030 19629.414785
591.885775 18819.155741 19315.863165
592.886765 19318.631815 18892.001354
593.887353 19062.786227 19036.466101
594.889668 19387.556076 18987.355712
595.890637 19936.317475 19225.235533
596.893926 19230.975041 19796.326628
597.895098 18920.285228 19587.863062
598.896485 18984.630595 19161.391914
599.896762 19322.593319 18936.138694
600.900666 19903.678848 19089.107101
601.901088 19388.614074 19659.777007
602.905109 18969.182626 19619.788839
603.905418 19724.971713 19227.427478
604.905964 19724.027783 19533.527400
605.908143 19257.559800 19733.730491
606.910539 19353.128657 19481.555373
607.912029 18707.432270 19371.145563
608.913543 18938.028842 18827.164141
609.917117 19298.930233 18698.187891
610.917931 20114.604379 18964.336047
611.918022 19204.641441 19792.814282
612.921283 19615.837424 19605.028720
613.924159 20058.117946 19719.436107
614.926820 19727.011793 20082.450521
615.929597 18939.552532 20009.544969
616.933858 19774.320356 19311.864454
617.934398 19213.758411 19496.022083
618.934695 19396.653422 19237.254007
619.935398 19222.213840 19239.167329
620.937689 19417.376042 19148.665826
621.939011 18268.571102 19268.173729
622.941894 19206.576411 18503.624555
623.944084 19054.660839 18766.090586
624.945049 19614.683968 18893.508379
625.946119 19516.662815 19417.522736
626.947830 18426.528562 19655.304359
627.950412 19558.413681 18921.934094
628.955108 19283.095298 19280.311418
629.956624 18831.720450 19322.536858
630.959700 19047.179347 18995.258053
631.963414 19449.321222 18952.328421
632.965098 19545.919221 19256.182744
633.966568 18469.691926 19528.843023
634.968365 19647.273582 18862.271742
635.971428 19192.975494 19314.027389
636.972726 18798.891615 19282.493195
637.973100 19296.745239 18948.783763
638.973765 18660.582565 19117.846228
639.974121 20001.138315 18769.980208
640.974868 18700.180080 19574.114600
641.976135 19358.257163 19107.219048
642.977351 19536.395164 19265.569343
643.979644 18922.128563 19501.519946
644.979893 18674.172681 19167.514101
645.984050 19274.389604 18753.197883
646.984850 19227.866151 18976.446165
647.986170 19210.886037 19127.663577
648.987989 20062.467940 19215.587840
649.991808 19034.789117 19897.060949
650.993845 18713.369302 19508.390133
651.993858 18543.225347 18954.589611
652.996519 18762.296782 18489.776305
653.996991 19079.131697 18435.035490
654.999165 19249.911262 18727.106592
656.000600 19860.384544 19089.233093
657.003639 19046.918388 19768.320847
658.007336 19328.298377 19520.781031
659.010040 19490.268808 19489.580455
660.010723 19255.944309 19555.137470
661.014206 19578.396513 19395.955438
662.014700 19138.727166 19523.200792
663.015461 18460.534284 19270.870390
664.016594 19172.868590 18603.024721
665.019440 19304.129138 18767.730006
666.022529 19363.626360 19049.812706
667.024848 19866.504120 19299.056081
668.026161 18642.434362 19816.978658
669.026810 19644.827301 19170.268994
670.027078 19563.222245 19466.750208
671.028434 18503.366572 19598.306296
672.028685 19702.578556 18860.421573
673.031338 18615.910755 19301.624449
674.031553 19105.949252 18807.463563
675.034778 19583.979660 18880.023791
676.035589 19270.329213 19331.308076
677.037206 18910.841084 19384.880279
678.037215 19461.532499 19113.412517
679.037798 18537.521933 19340.054340
680.040891 19252.329457 18790.736866
681.041207 18958.076661 18988.880039
682.044176 19055.260956 18933.124383
683.046342 19667.136101 18984.372846
684.049898 19065.013944 19486.625463
685.050580 19480.929655 19331.287814
686.053225 18951.762243 19498.987305
687.056557 19980.920619 19181.447079
688.057406 19019.556084 19737.124539
689.057796 18428.660703 19354.888888
690.060803 18781.625268 18636.766326
691.061240 18451.497956 18490.402063
692.062728 18751.069060 18242.430249
693.063325 19664.383632 18395.389596
694.066405 18509.633431 19245.775065
695.067405 18881.607401 18909.557290
696.070113 18836.127137 18920.447916
697.070543 19418.976121 18882.072902
698.072165 18882.410121 19288.535691
699.074105 19760.399049 19121.952694
700.075072 19582.671168 19637.267247
701.078039 17768.884676 19792.411564
702.079746 18768.614194 18457.208755
703.082726 19170.704676 18367.323469
704.084721 19116.929541 18724.271369
705.085346 18949.922668 18974.022294
706.086718 18617.248472 19009.369414
707.088649 18971.040411 18762.675640
708.089708 19724.024619 18868.315916
709.094760 18911.743129 19511.555333
710.096103 19038.256221 19277.081246
711.099758 19177.502396 19163.394492
712.103101 19281.540035 19179.701178
713.104210 19666.154861 19265.333055
714.107045 19061.443991 19600.661858
715.108168 18945.157378 19331.166358
716.110546 19381.041017 19041.773056
717.113694 19168.913547 19199.835215
718.114858 18885.349879 19165.072142
719.116023 18773.830945 18935.978206
720.116704 19005.173915 18725.134956
721.119025 19437.498205 18805.394556
722.120011 19578.819894 19219.712413
723.122651 19378.950323 19587.309056
724.123040 18800.778263 19619.082909
725.123313 19541.195612 19141.307644
726.127471 19157.465762 19372.600678
727.129499 19410.111861 19242.598541
728.130481 18471.740205 19345.798852
729.132642 18690.586509 18709.698518
730.133159 18934.625591 18496.293500
731.134251 18640.108734 18621.193555
732.137531 19318.441751 18541.113949
733.139355 19019.228176 19034.572605
734.141986 20004.606103 19127.859038
735.142867 19326.366543 19886.377984
736.145987 19840.056825 19786.514817
737.146812 18820.233604 20006.813876
738.148038 18500.718262 19310.406727
739.148654 19320.198458 18600.023365
740.151348 18485.287644 18834.615555
741.152368 19196.897967 18447.124266
742.152985 18629.979762 18796.627208
743.153170 19568.058764 18646.257715
744.153905 18825.381135 19270.562732
745.154109 19466.301565 19100.081026
746.155159 19378.973751 19426.855523
747.157829 19415.705466 19534.608422
748.161363 18508.094962 19577.124989
749.161948 18527.825328 18877.320515
750.164673 19682.910998 18449.909664
751.167058 19788.903074 19121.997407
752.167371 19376.165404 19677.763733
753.170691 18266.537582 19673.878478
754.173153 19791.474102 18765.286716
755.175950 18717.056846 19330.005942
756.177288 19054.402672 18921.919653
757.180303 18889.461217 18919.670176
758.180878 19472.174086 18828.522470
759.181616 18698.931175 19235.217956
760.183990 20148.285920 18917.872548
761.185748 19358.610896 19791.480560
762.187087 19934.690482 19725.229638
763.189754 19395.939930 20032.509180
764.191274 19424.142224 19757.631363
765.192590 19986.507724 19550.921317
766.195358 18821.453532 19837.645646
767.196376 18287.730349 19144.432686
768.197719 18832.824783 18316.789029
769.199602 19734.899882 18304.523357
770.201165 19653.781820 19107.022201
771.203666 18989.299482 19604.402497
772.204410 19355.484375 19367.075722
773.206265 19024.973800 19428.606945
774.208552 19668.210023 19193.208982
775.208750 19059.706495 19515.878373
776.210677 18990.271799 19258.918334
777.214251 19294.629827 19028.559334
778.216046 18517.358135 19132.076471
779.217959 19160.785612 18641.519609
780.218823 18912.764413 18847.771418
781.219153 18605.819973 18843.134971
782.222352 19827.533739 18628.015778
783.224070 19352.571677 19431.192555
784.225021 19244.247867 19575.644693
785.226997 18701.022173 19510.859651
786.227982 19342.251318 19004.394913
787.228626 19139.748078 19156.241217
788.231019 19372.518397 19126.789465
789.231364 18703.255393 19289.880982
790.231856 19501.596655 18890.138841
791.234216 18824.134310 19242.302854
792.236893 18583.914112 18975.111553
793.241263 18777.117269 18623.606443
794.242434 19201.382316 18582.833173
795.243427 18932.476347 18929.216347
796.244044 19106.084950 18968.769950
797.245531 18382.887619 19109.679803
798.249193 19385.791726 18636.838018
799.251702 19270.336594 19089.107606
800.254785 19409.000995 19302.822081
801.256187 18765.939177 19505.556248
802.258409 20006.751664 19100.488154
803.258998 19155.314348 19744.926229
804.262270 19181.342110 19494.023638
805.263296 19229.999806 19303.415841
806.266294 18278.701815 19214.086782
807.269717 18676.182729 18459.927016
808.272952 19978.990054 18335.651518
809.276720 18807.879344 19335.752065
810.278252 20162.848049 19118.278804
811.280042 19098.713106 19948.168837
812.281290 20011.112896 19618.682449
813.283704 20011.670607 20008.246762
814.285674 19479.654367 20204.163735
815.285890 19476.401467 19854.986760
816.286927 19550.517204 19584.125499
817.289988 18876.480898 19477.350663
818.291016 19040.108263 18936.727651
819.293108 19435.655274 18774.074980
820.293370 19361.082778 19055.917224
821.296074 19317.229480 19235.843486
822.298283 18572.358816 19324.226467
823.299553 19476.020349 18808.015712
824.299925 19776.411208 19168.742260
825.304228 19436.231364 19651.218201
826.305206 19554.908310 19668.619540
827.308500 19614.552884 19708.230875
828.309619 20244.322470 19734.439332
829.310318 19295.939213 20189.899138
830.313373 18652.161867 19719.947431
831.314910 19664.450332 18896.136513
832.317954 19471.327827 19182.453742
833.319291 19373.687356 19301.269625
834.321268 19832.576998 19329.961763
835.325187 20218.785598 19699.406463
836.327391 18711.014939 20207.077896
837.327591 19198.751737 19333.012544
838.328444 18768.700965 19106.283065
839.328481 20029.058341 18693.497415
840.328532 18746.081573 19451.173509
841.330811 19003.972003 19012.250189
842.331133 19545.582019 18919.664197
843.333043 19251.386250 19300.655664
844.334288 18946.109503 19331.736160
845.335130 19425.741602 19098.231370
846.336090 19722.817015 19303.172582
847.337649 19238.892165 19659.092004
848.339844 19231.219213 19490.039329
849.339947 19148.862375 19336.971487
850.340337 19022.015087 19172.231869
851.341275 18947.450437 18988.884221
852.343892 19773.265474 18849.569626
853.346996 19171.728850 19423.743809
854.348321 19106.536096 19347.058849
855.351298 19126.562851 19215.989304
856.353151 18590.284697 19138.111295
857.353987 19504.156368 18694.076565
858.357299 19604.245886 19131.514986
859.359354 19237.623371 19518.461680
860.362616 19748.989934 19458.414193
861.364999 19798.036147 19756.717666
862.366544 19623.885031 19940.722129
863.369725 18660.264623 19866.439528
864.370797 18380.653531 19045.944297
865.372107 19261.832400 18329.568445
866.375147 19390.640671 18645.035941
867.377837 19582.175879 19053.575008
868.379806 19950.204024 19485.762363
869.381172 18680.341226 20001.980528
870.384887 18711.788102 19294.748386
871.385911 18212.773567 18811.115683
872.386310 19439.789568 18170.206534
873.389878 19140.936768 18780.655719
874.392830 18912.831831 19026.524173
875.395104 18596.385340 19006.982846
876.396644 19706.028865 18736.339561
877.398286 19059.295555 19398.262007
878.399929 18675.905468 19321.114962
879.400514 18887.037186 18929.544022
880.403790 19169.975200 18828.697703
881.405790 19736.751369 19005.062924
882.406733 19267.463184 19559.555730
883.407305 19087.894298 19529.134905
884.408977 19275.909052 19313.829897
885.411026 19269.994471 19290.704559
886.412779 19908.575096 19271.007078
887.414049 19637.537271 19739.840654
888.416461 19253.433135 19813.162684
889.419508 19599.514568 19517.839244
890.421258 19797.263157 19563.637071
891.423609 20121.519712 19743.816801
892.425271 19487.259175 20090.460671
893.426499 18572.180276 19795.851963
894.426903 19655.256925 18885.090238
895.428220 19299.416132 19163.789372
896.431300 18947.100966 19159.125232
897.434392 19385.467134 18927.629512
898.434914 18848.464155 19145.524142
899.437334 18936.059927 18911.704971
900.437897 19556.290879 18844.682010
901.439777 18931.643804 19299.188223
902.442337 19377.169145 19122.231687
903.445822 19315.073171 19320.250454
904.447180 18900.383141 19386.917530
905.450481 18584.625096 19091.272455
906.451481 19238.112384 18658.909056
907.453634 19093.032344 18914.271832
908.455734 19402.448024 19014.103328
909.455847 19482.704989 19315.813090
910.457178 19972.383538 19548.519428
911.457990 19578.704346 20015.677899
912.460271 18507.890403 19943.174151
913.463055 18975.144758 19012.694368
914.464614 19210.895750 18771.694251
915.467582 19396.664115 18878.870064
916.470253 19795.151703 19154.790665
917.470922 18465.310414 19652.085020
918.471280 19236.110577 18939.117901
919.472248 19461.837282 19042.282592
920.473603 19085.671224 19311.616963
921.474398 18558.222827 19201.714684
922.477728 19735.757922 18722.166382
924.185596 20352.185694 19324.557664
925.188544 19348.693534 20190.874198
926.189195 18710.642878 19911.741219
927.192250 19072.208950 19152.874817
928.192753 19067.491788 18934.058184
929.194274 19680.420398 18855.649688
930.196301 19335.623509 19329.102423
931.198254 18633.396294 19395.060617
932.199373 19464.497051 18886.510026
933.201309 19158.391437 19192.281865
934.202492 18380.840895 19183.642371
935.203543 19655.253896 18589.846984
936.206526 19239.824152 19196.507519
937.208760 19057.771526 19302.952072
938.210664 19172.945320 19203.852900
939.212149 18978.622317 19204.163316
940.213852 19448.507785 19050.771772
941.216675 18770.531437 19308.452737
942.221013 19706.194590 18963.824721
943.221767 18932.164899 19444.934756
944.223961 18697.288943 19170.282464
945.226099 19043.383006 18797.269960
946.227264 18786.758300 18845.339001
947.228217 17999.783351 18726.415993
948.230313 19476.693700 18091.808854
949.232877 19314.379990 18859.181671
950.232966 18805.160853 19275.510804
951.233061 19444.152687 19111.478315
952.235033 19605.377161 19432.126580
954.182547 19195.106762 19716.375594
955.182669 18970.408311 19523.047695
956.183930 18968.965087 19175.874673
957.185113 19611.182358 18949.839154
958.185482 19682.794323 19323.265831
959.186855 16782.917715 19635.667275
960.187767 19506.604698 17628.742302
961.189011 18537.174423 18456.588907
962.190733 19201.221542 18405.943451
963.191393 19454.515771 18911.463805
964.193361 19263.234251 19426.634088
965.193724 18994.384114 19547.728510
966.193898 19594.215332 19335.514554
967.194180 18650.479655 19593.998379
968.194860 19244.234020 19015.492772
969.196829 18901.202931 19080.302463
970.197935 19089.691561 18896.416881
971.197949 19198.372535 18947.037075
972.200642 18294.645636 19089.521524
973.202048 19537.318437 18510.181327
974.203948 18586.584848 19098.631907
975.204128 18505.171771 18789.478637
976.204622 19115.898920 18523.118747
977.206638 18866.978086 18843.497420
978.207984 19165.239113 18885.096506
979.208177 19666.821530 19125.062214
