2.000526 17997.154874 0.000000
3.001269 18984.503818 17997.154874
4.001738 18828.676798 19971.852763
5.002100 18905.347408 20101.819734
6.140721 18682.399996 19906.020444
7.140761 18742.411256 19390.741980
11.140721 19194.176444 19001.025697
12.140754 18681.981903 19080.337837
16.140721 18810.184586 18764.307653
17.140955 18807.104685 18681.863135
21.140721 18760.540821 18670.411313
22.140903 18907.479752 18663.935847
26.140721 18653.481333 18795.053556
27.140825 18887.171104 18698.220145
31.140721 18828.296937 18813.886065
32.141016 18979.402262 18845.884659
36.144440 18941.481799 18970.816020
37.145311 19150.670264 19006.987914
38.145445 18653.770586 19165.588680
41.140721 18781.130267 18868.484701
42.141024 18986.531695 18761.773943
46.141214 18745.110097 18867.308716
47.141473 19150.257815 18768.815649
51.140721 18926.677374 19017.503516
52.140857 18907.880947 19007.350694
56.140721 18704.388968 18968.008632
57.142044 18768.610062 18780.686696
61.140721 19051.019222 18716.117116
62.141755 18952.027454 18908.762433
66.141955 19165.766175 18966.405463
67.142874 19196.122068 19151.936516
68.143935 19319.200813 19270.926377
69.145960 19308.149926 19404.029290
71.143080 18793.877631 19441.085461
72.143494 18949.136025 19040.675442
73.144159 18940.364380 18895.214775
76.140721 19240.353839 18829.386021
77.141385 19056.691369 19049.208327
81.140721 19149.177855 19069.159006
82.142680 18971.286669 19145.382301
86.140721 19326.959567 19051.024447
87.140763 18922.574216 19250.665749
91.140721 18781.774795 19066.270842
92.141151 18867.350002 18832.549665
96.143945 19142.774646 18767.176765
97.144547 19413.762473 18966.102107
98.145311 18861.869128 19312.973784
99.147822 19432.074964 19097.686785
100.149620 18650.645244 19358.743249
101.151710 19506.966874 18921.532120
102.151751 18059.240005 19277.446058
103.153104 19248.485930 18426.988080
104.154227 18732.640987 18801.756516
105.155870 19040.025762 18713.939380
106.157725 18597.109976 18905.244795
107.160311 18839.624317 18702.405904
108.161428 19455.858606 18756.548233
109.161806 19000.593417 19266.564136
110.163038 18823.876057 19227.446813
111.163305 18842.280803 19018.636782
112.164328 19806.631587 18879.345145
113.166387 19052.654569 19523.696329
114.167517 19845.258906 19351.122972
115.167850 19413.508281 19784.672446
116.169603 18874.706415 19692.780829
117.170056 18966.908888 19172.915484
118.172525 18581.257958 18907.582399
119.175185 19233.098197 18500.509281
120.176583 19617.738983 18806.040071
121.178682 19427.980089 19354.050587
122.179951 18725.262314 19551.658773
123.181641 19564.117301 19092.504864
124.182327 18774.112677 19400.258512
125.183512 19576.919280 19002.596566
126.186424 19031.554117 19348.749572
127.186646 18520.962998 19169.844630
128.189644 19548.679912 18662.876192
129.191955 19423.894907 19144.701359
130.194136 19477.167983 19393.019828
131.194454 19313.101613 19564.852639
132.195455 19672.508495 19505.798103
133.196328 18405.774146 19697.651874
134.199115 18980.050406 18837.242153
135.200112 19199.398557 18729.877485
136.202215 19293.442234 18903.249495
137.204162 19725.165491 19134.505523
138.207582 19093.594338 19613.660158
139.208565 19447.912101 19407.435444
140.210733 19770.118931 19491.601133
141.213700 18805.940906 19764.416842
142.216562 19096.260122 19179.116700
143.218847 19524.297991 19010.912093
144.218913 19470.349255 19269.175198
145.220711 19844.563188 19421.625897
146.222294 18839.820703 19790.692536
147.223484 19388.958978 19235.136655
148.224674 19143.302758 19270.383432
149.225154 18607.013565 19133.408543
150.227153 19570.669924 18665.177757
151.228381 19279.062038 19139.263585
152.231009 19369.131887 19265.452169
153.233756 19883.150897 19399.501316
154.234095 19712.092217 19844.447789
155.234138 19382.072787 19948.302793
156.235001 19409.316798 19693.663078
157.235397 19122.252083 19508.878657
158.235841 19706.412431 19176.297445
159.238863 19276.165747 19434.615760
160.238999 20416.948572 19309.039072
161.242643 18718.307424 20093.619516
162.242902 18802.613574 19292.761141
163.244657 19721.716776 18811.948137
164.247546 19502.954144 19258.535395
165.249762 19714.602783 19433.552396
166.252320 20184.620677 19697.147812
167.253557 19260.257013 20185.822684
168.255464 19330.641995 19736.586870
169.257851 19006.354404 19445.675235
170.258945 18403.952830 19028.245415
171.262107 19505.789844 18362.256571
172.264152 19275.907971 18866.063975
173.265381 19795.312534 19105.487739
174.266731 19762.004601 19657.358102
175.270326 19492.477544 19942.800941
176.272423 19192.091896 19838.177983
177.275653 19901.177559 19474.152158
178.278899 19788.144808 19753.438428
179.279519 19681.256658 19845.241782
180.283583 18090.897721 19796.703103
181.284871 18327.531441 18550.802949
182.286398 18868.545984 17990.351856
183.288446 18363.941553 18200.182112
184.289649 19847.115749 18093.734885
185.292702 18477.226113 19220.443585
186.296005 19465.532710 18913.048749
187.298437 18902.507449 19391.625620
188.301427 19651.294607 19227.121882
189.303991 18730.109416 19625.306773
190.306378 19225.260728 19140.007284
191.308828 18890.265301 19166.246556
192.311546 19860.875905 18942.873165
193.313119 18615.875397 19545.992457
194.317275 19657.304452 18992.522584
195.319782 19171.873054 19402.697641
196.319807 19291.860327 19307.363325
197.322128 18674.333359 19315.814053
198.322372 19316.414934 18850.905760
199.326008 19798.461950 19055.869694
200.326929 19332.327678 19585.023233
201.329221 18980.248950 19553.358978
202.331573 19267.859429 19218.209979
203.333635 19568.332506 19206.853082
204.335346 19108.457544 19441.781027
205.337886 18924.048479 19245.976648
206.341146 19774.204327 18975.387884
207.342883 18774.193294 19464.875536
208.344101 19525.610332 19036.943286
209.347890 18182.969219 19320.852441
210.349605 19472.426229 18507.015657
211.351357 18984.529376 18986.178412
212.351383 19607.146833 18981.399105
213.351670 19708.345322 19446.755112
214.354972 18915.980724 19795.429912
215.356419 18682.824461 19353.722716
216.357450 18933.319402 18848.566423
217.360153 19228.595939 18742.423991
218.363878 18495.426013 18958.534031
219.367212 19094.340485 18584.227083
220.370867 19014.208774 18824.059196
221.373551 19459.700531 18951.446791
222.376579 19054.306527 19364.949903
223.377113 19493.005060 19291.343612
224.380536 18926.740752 19524.305096
225.383098 18923.196335 19208.262597
226.385885 19643.569418 18977.202574
227.390344 19080.037017 19388.450815
228.390444 19765.783504 19235.205285
229.391712 19808.345909 19634.100319
230.394841 20025.430707 19898.390436
231.395780 19050.321925 20170.837961
232.397522 18140.152991 19539.378323
233.400076 18774.458435 18418.757705
234.400698 18765.568949 18264.525300
235.401302 18451.021023 18308.225267
236.401799 19248.017762 18208.500226
237.403365 19982.774946 18817.015459
238.404711 19069.082082 19780.091540
239.406757 19423.721908 19627.030784
240.408781 19455.026549 19676.993100
241.410505 19145.302532 19662.134940
242.412572 18485.237578 19370.635750
243.414648 18435.364586 18673.504135
244.415135 19056.392490 18240.466944
245.418646 19295.407656 18538.443687
246.418791 19712.693287 18996.180634
247.421739 20090.930808 19612.820086
248.422748 19285.137887 20229.786253
249.425393 20178.656843 19899.210785
250.425679 18372.186163 20250.544043
251.426774 19040.281237 19053.385862
252.426989 19538.600790 18785.578153
253.429793 18927.251953 19089.089734
254.430553 18539.373743 18894.711660
255.432447 18429.472708 18514.749040
256.436458 18593.905141 18248.498129
257.439843 18878.021080 18283.940643
258.443398 20040.466047 18592.239979
259.444160 18559.014107 19689.668647
260.446891 20180.523319 19214.993377
261.447930 19108.265529 20029.792833
262.449616 19240.540610 19670.681840
263.453878 20015.439697 19449.728577
264.455766 19030.536681 19868.129268
265.456174 19250.627204 19375.479959
266.458326 19301.168431 19207.987377
267.460244 20045.444450 19172.806964
268.462714 19002.877979 19745.514138
269.465649 18615.208263 19324.925450
270.468812 19189.054047 18743.366951
271.471643 19759.013882 18850.932368
272.475420 19224.144547 19416.715372
273.477332 18998.129469 19384.029500
274.478733 19262.296925 19158.204018
275.481483 19095.569985 19203.398231
276.481784 18617.433964 19115.674806
277.483821 18851.181623 18708.184873
278.485365 19741.283614 18657.062924
279.488628 19667.331851 19347.608116
280.490886 19545.290750 19735.835765
281.492435 19515.038677 19821.292785
282.496236 19464.340011 19772.331732
283.496349 19367.777989 19645.503942
284.499238 19398.866244 19464.377548
285.500478 18852.527518 19372.980652
286.502341 18940.915554 18923.999558
287.502810 19417.884001 18747.932028
288.504680 18371.400982 19065.870479
289.504698 19120.145569 18527.980821
290.507734 19110.012041 18781.449473
291.509216 19085.745780 18985.257677
292.510924 19149.437472 19100.150674
293.513865 19324.886113 19201.764718
294.515220 19496.686369 19371.076409
295.515900 19520.481451 19573.034873
296.518449 19273.850851 19672.773290
297.519608 19244.436400 19499.596589
298.522114 19076.341273 19334.510965
299.524205 19228.265763 19103.378167
300.525200 18724.832897 19094.995912
301.526727 18531.184419 18746.547598
302.529759 19635.967758 18421.658407
303.533216 19408.160969 19115.182819
304.533535 18304.218792 19421.286168
305.536329 19188.141775 18743.099909
306.537503 18654.929400 18957.228738
307.541307 18373.099214 18722.112130
308.542948 19249.164850 18376.385505
309.544134 18683.898419 18859.749846
310.545886 18582.781498 18774.835944
311.548980 18649.580296 18633.806922
312.552363 18342.473040 18600.635153
313.553184 18254.156852 18365.955113
314.557442 18880.276614 18176.507433
315.558195 18615.001797 18570.785770
316.561937 19970.974898 18646.341537
317.562359 20011.166835 19693.264311
318.563671 19560.849522 20316.297297
319.564940 18758.605312 20213.793190
320.568850 18550.577442 19397.622062
321.571665 19123.562815 18673.761408
322.574554 19398.476211 18710.774119
323.574959 19036.538176 19038.662696
324.576953 18730.681848 19021.106837
325.581088 19072.489762 18786.794496
326.584438 19063.285755 18911.966099
327.586253 18923.678619 19007.779811
328.586599 19563.717445 18964.857801
329.587229 19250.047526 19413.131120
330.587856 19316.970937 19439.661922
331.589474 18889.288028 19455.716282
332.590660 18482.566253 19108.294944
333.592137 18789.437988 18574.791215
334.593340 19201.363019 18515.136911
335.595335 19505.931643 18862.828801
336.596987 19229.839173 19349.734769
337.598884 19970.746645 19425.167619
338.601047 19525.568768 19969.732536
339.602006 19504.399399 19908.385114
340.602821 19116.995077 19766.130290
341.603161 18918.420849 19339.016914
342.606058 19247.670274 18921.024095
343.609860 18724.762900 18958.313943
344.612285 19695.618008 18657.117420
345.614951 18965.888364 19251.571859
346.618052 19680.706445 19112.513382
347.620642 18751.925236 19542.441451
348.621760 19280.174812 19095.385827
349.623049 18938.349674 19182.180049
350.625981 18954.423631 18993.706997
351.626931 19093.577072 18897.686608
352.627774 18944.063301 18968.225750
353.628876 18495.191564 18922.697824
354.631098 19785.763794 18568.621427
355.631283 18818.735382 19341.154935
356.631890 19945.960212 19113.302595
357.634469 19338.037017 19771.153244
358.635405 18735.007438 19687.837915
359.637165 19562.693388 19106.457841
360.638971 19148.993133 19343.669666
361.641044 19126.271265 19206.756318
362.644303 19238.339095 19106.817446
363.646977 19676.056009 19145.762338
364.648786 19287.987737 19516.666658
365.651448 19141.876377 19450.914952
366.654859 19641.201076 19267.723775
367.656131 19003.510205 19519.159861
368.657848 19259.797564 19197.120055
369.658363 19183.140484 19179.913208
370.663213 19141.972711 19133.788064
371.667169 19683.870602 19092.187768
372.670446 19097.395437 19490.257273
373.672889 19440.522033 19297.838984
374.676513 18731.644301 19408.863900
375.678495 19132.007893 18940.632592
376.680404 18683.400120 18954.542560
377.681197 19032.704076 18669.408047
378.682076 19420.913450 18792.316776
379.684648 19993.954751 19205.024996
380.686118 19305.742065 19895.132195
381.686778 19412.362175 19748.731919
382.689976 18392.938729 19644.749400
383.692514 19750.507236 18770.093750
384.693079 18343.140884 19256.653550
385.696239 19416.325916 18567.872107
386.699122 19078.968794 18972.187354
387.702129 19196.240020 19032.361776
388.705279 19222.839522 19162.054162
389.705922 18568.137049 19255.396445
390.706422 19621.084578 18802.901502
391.708623 19348.833824 19307.673564
392.710887 19148.361385 19434.224282
393.713884 18648.598715 19325.797698
394.714016 18126.427766 18852.403325
395.716310 18984.556640 18173.126774
396.716661 20305.907005 18465.410402
397.717924 19310.965288 19732.351550
398.736647 19045.988012 19763.004700
399.737952 18774.414504 19466.588464
400.738031 19288.452860 19009.550103
401.738453 19919.229278 19107.775789
402.739342 18880.796286 19675.140214
403.739849 19515.634037 19241.019948
404.740799 19449.466015 19410.032213
405.743746 19526.789148 19471.312785
406.746680 19326.742202 19554.483728
407.750601 19840.121591 19439.110345
408.753485 20171.746945 19738.366159
409.758175 19602.910702 20162.151940
410.760258 19491.639472 19949.816400
411.760495 18693.045187 19673.468782
412.813272 18011.699884 18890.891932
413.813382 19251.468850 17939.132844
414.814147 19154.461669 18411.221784
415.815922 18621.341815 18784.572635
416.816094 19378.711054 18663.880428
417.817707 19377.925614 19160.926601
418.818657 19385.790785 19463.306721
419.824841 19282.853387 19599.050382
420.828530 19026.581531 19536.404265
421.829238 18679.578228 19249.489595
422.829598 18591.995934 18790.052766
423.831051 19450.845237 18467.028997
424.834192 18988.490122 18980.895824
425.836138 18468.998161 19008.550254
426.838095 18688.613544 18627.743466
427.839707 20304.526239 18562.365283
428.840994 18889.539699 19773.172778
429.843066 19686.203732 19450.174986
430.847443 20322.262559 19746.015292
431.848987 20130.775838 20356.026676
432.849518 19160.446647 20508.976297
433.851159 19655.172871 19763.154100
434.852663 19146.099340 19610.610807
435.854425 19942.891139 19163.674527
436.857408 18550.672111 19533.406440
437.859227 18297.589881 18776.479301
438.861948 19103.917985 18151.752261
439.863871 18980.972331 18480.594224
440.864445 18968.973407 18708.636905
441.868039 18097.614299 18881.742909
442.870196 18426.449974 18336.584205
443.874292 18942.235676 18250.889132
444.875995 19411.644843 18638.771083
445.877060 19178.959974 19260.635082
446.879063 18888.094127 19434.805870
447.882359 19841.263604 19239.780404
448.885367 18558.822372 19769.223210
449.886923 18363.220696 19090.123788
450.889836 19181.171548 18471.047465
451.890781 19709.043773 18748.015751
452.893824 18501.620013 19390.693011
453.895388 19007.679217 18886.051512
454.896333 18444.317145 18917.167291
455.899779 18793.423322 18532.831608
456.904033 19023.699428 18580.364783
457.905821 18579.371448 18830.103085
458.905974 19399.517945 18670.125337
459.908397 18159.806231 19182.557863
460.911707 17942.888220 18563.230361
461.914561 18943.734360 17990.022069
462.915063 18512.291262 18442.269066
463.915325 18003.266721 18470.176564
464.917086 18613.078186 18112.890582
465.920562 18813.942722 18364.200225
466.920661 18874.736554 18702.722938
467.923051 19267.854822 18945.384615
468.925185 19114.225095 19343.892139
469.928394 19075.171594 19408.914277
470.931792 18789.039369 19338.462925
471.933973 19786.461947 19022.815247
472.938591 19479.398405 19554.614372
473.941624 18600.583124 19648.178172
474.943504 18470.322060 18993.653669
475.944004 19403.194806 18470.427984
476.947680 19918.366413 18908.443220
477.950145 19220.254151 19637.517440
478.952017 19397.177997 19548.682596
479.954555 19811.084928 19554.850948
480.958394 19496.511580 19828.947084
481.958971 18996.469277 19725.599603
482.961515 19627.682817 19241.622128
483.965272 19927.296601 19411.755334
484.968014 19189.773114 19775.514145
485.970177 19621.870801 19442.196550
486.973065 19444.756844 19536.505158
487.975531 19601.995500 19472.165406
488.975870 19443.484093 19551.072381
489.977462 19012.699653 19484.373093
490.980973 18060.840235 19117.712869
491.984934 18602.366289 18194.234890
492.986184 18118.574604 18105.291777
493.989339 18825.551790 17822.245084
494.991176 18530.787693 18285.037008
495.991516 19441.348948 18430.488592
496.993897 19798.473605 19211.210101
497.995328 18594.075019 19926.949060
498.996360 19068.555230 19349.400736
499.999349 18713.763341 19227.655303
501.002548 18850.374138 18860.913651
502.006413 18452.267124 18743.213346
503.007084 19058.296176 18412.573130
504.007340 19349.621953 18711.698310
505.007611 19956.145247 19166.404699
506.009699 18184.246836 19894.454678
507.012538 19083.334087 18944.978501
508.013685 19111.736959 18954.372935
509.016272 19341.499847 19012.612594
510.016603 18714.808772 19238.835681
511.019087 18602.590694 18907.594959
512.019353 18484.155095 18609.614493
513.022523 19054.728037 18370.041611
514.023350 19314.588841 18706.713248
515.023894 19103.765709 19156.948366
516.027517 18896.520141 19263.358695
517.029720 18661.812834 19121.231437
518.032829 19467.335590 18817.959504
519.033938 20141.625618 19231.428937
520.036215 19775.379871 20002.857838
521.039084 19115.591981 20148.579923
522.041109 20133.934796 19633.300035
523.041178 19453.789161 20009.990189
524.042773 19567.452082 19719.212191
525.043614 18968.396426 19592.714626
526.046081 18739.954312 19073.858465
527.047036 19057.261315 18616.733290
528.049068 19901.630618 18656.956210
529.051975 20108.191776 19410.420924
530.052643 19599.428067 20064.876572
531.054273 18867.438685 20021.360416
532.056655 18501.920677 19345.127214
533.058730 19590.684575 18613.449975
534.059564 19693.756778 19036.301954
535.060834 19433.795625 19463.627751
536.063011 18730.851418 19539.852042
537.064117 19564.970507 19024.241928
538.067216 19455.272966 19318.678560
539.067268 19551.698828 19445.196707
540.067400 19772.097216 19583.294242
541.069044 18328.318569 19809.742947
542.069390 19099.923172 18830.721881
543.072702 19895.233840 18794.313973
544.072739 19978.208388 19448.995319
545.072749 19507.347017 19950.126534
546.076094 18855.529662 19854.566576
547.076948 19195.963456 19231.118691
548.079384 20188.883475 19080.822837
549.084210 19299.940970 19779.150079
550.087506 19399.153665 19564.040170
551.088739 19827.076551 19464.869936
552.089166 19299.636702 19719.797917
553.089888 18952.492992 19478.501679
554.092963 19040.292975 19052.779533
555.095474 19080.982817 18880.696812
556.096957 18164.726236 18865.071874
557.099092 18878.999766 18224.044705
558.101607 19656.923291 18424.406651
559.102917 19127.477659 19221.678546
560.105751 19440.321715 19332.041456
561.109785 19015.056436 19570.715003
562.111228 18764.847232 19338.504496
563.111667 18210.568921 18953.880324
564.114083 19996.428980 18298.601232
565.114455 19142.176819 19288.348653
566.115268 19247.154814 19319.553324
567.116595 20197.705311 19369.545029
568.119940 18016.921113 20076.856201
569.121968 18487.871846 18825.135916
570.123329 19220.158449 18350.435122
571.124958 19117.380121 18696.658859
572.125668 19417.946101 18923.561879
573.128570 19489.755854 19310.892434
574.128598 19637.837711 19585.178444
575.129803 19090.933155 19809.527194
576.133240 19089.628082 19468.600781
577.135650 19410.513695 19202.741864
578.138690 19776.257441 19282.198169
579.141500 19689.565100 19628.313013
580.143899 19726.134329 19773.337286
581.144397 19171.530548 19852.333298
582.147189 19268.541850 19444.328725
583.150785 19399.989153 19244.885371
584.152041 19078.744444 19249.663291
585.155361 19305.124449 19048.700185
586.157189 18599.203283 19125.514701
587.160326 19724.928761 18679.383521
588.161004 19764.952553 19280.566980
589.163067 19201.731654 19722.266999
590.164324 18871.342806 19531.372723
591.168281 17928.087804 19105.723681
592.169398 19489.818268 18126.862690
593.170403 18408.468077 18759.036321
594.173707 18802.561036 18446.805980
595.174460 19240.625058 18576.676053
596.174584 17909.117378 19026.630352
597.174714 18516.910502 18306.475418
598.175211 19160.041668 18302.903284
599.177923 19670.179181 18836.967396
600.180389 18747.401890 19567.371155
601.181998 19220.080725 19266.192073
602.210935 19681.397534 19340.414112
603.214337 19140.265505 19693.429392
604.216657 19665.895197 19461.080045
605.217629 18736.087985 19658.924006
606.220644 19415.545441 19062.233375
607.221166 19166.937132 19191.944804
608.222398 19411.882520 19126.244446
609.222674 18579.455851 19287.276479
610.225916 19289.820475 18774.624004
611.228930 18839.040771 19002.279197
612.231344 20014.676354 18849.907334
613.232389 18797.442775 19652.731449
614.234244 18340.533869 19231.704549
615.235332 18826.635674 18569.943975
616.238968 20252.723991 18546.287516
617.241086 20080.145363 19674.112563
618.243559 19043.216942 20253.243973
619.245593 19291.180080 19721.838710
620.247290 19521.903209 19472.452990
621.249452 18990.981069 19475.484249
622.249922 18870.042864 19090.413013
623.249995 20006.926740 18782.315756
624.251069 18894.036191 19502.861811
625.252650 19473.252379 19154.483159
626.254861 18963.798019 19349.594232
627.255899 19190.712631 19095.973535
628.258067 18899.215498 19106.305267
629.258072 19508.841917 18913.950123
630.259378 19492.853441 19271.308710
631.261843 19614.788912 19497.379948
632.265134 18720.165125 19700.735544
633.267156 19608.988461 19109.958843
634.270217 19020.559170 19383.739565
635.270825 19484.166293 19135.620182
636.274087 19233.376748 19330.500580
637.276153 17957.991727 19278.265048
638.279110 19270.336820 18284.386441
639.282523 19413.780009 18690.107280
640.286394 19495.689715 19145.607476
641.289862 19822.338787 19501.832986
642.293001 17998.880141 19923.396728
643.295124 18943.651370 18741.320129
644.297630 19016.042724 18673.250254
645.299575 18839.895898 18761.109111
646.299805 19432.388840 18736.661824
647.300273 18255.989527 19194.616405
648.300516 20241.163459 18600.737319
649.302514 18875.161355 19706.491278
650.306827 19389.685218 19368.534724
651.309547 19687.917068 19462.106002
652.309638 19771.546414 19714.460333
653.313773 19316.402300 19896.723691
654.317118 19117.101262 19615.202966
655.317252 19973.435485 19250.266658
656.318199 18924.842733 19676.757823
657.320478 18910.637230 19177.728257
658.320982 20042.813750 18854.337965
659.321720 19718.769735 19555.850025
660.324709 19272.770364 19785.313975
661.325385 19122.689557 19548.910362
662.326140 19639.659035 19249.112951
663.326319 19626.833327 19455.335505
664.348797 18953.996710 19594.908384
665.352287 18610.681205 19168.048596
666.354581 19530.389578 18643.619102
667.357943 18455.327485 19062.951160
668.359605 18812.783924 18583.180224
669.361319 19071.320101 18579.423901
670.362506 19020.005620 18829.787877
671.365494 19205.648299 18976.867061
672.366904 18730.006619 19200.423302
673.368661 18951.835998 18956.776412
674.368857 18492.521867 18944.632553
675.371187 19519.155026 18595.875886
676.373406 19220.531840 19165.633918
677.374928 19324.550703 19314.925821
678.377940 19957.242035 19443.987424
679.381094 19050.914802 19953.177545
680.381431 18096.293235 19529.043303
681.384628 18418.113250 18481.477881
682.385323 18681.893393 18102.764020
683.388421 19388.356628 18190.079504
684.389861 18703.047520 18886.538145
685.391029 19177.436325 18846.240255
686.392746 19214.606831 19146.084730
687.394424 18598.675323 19331.722746
688.395730 20185.218246 18933.314144
689.398390 20248.895800 19840.357330
690.399167 19980.660300 20427.852317
691.399522 19295.718678 20475.684057
692.403099 19318.854948 19862.137771
693.405731 19427.194304 19431.112057
694.406564 18803.503282 19268.789440
695.410692 19074.858994 18759.461081
696.410932 18960.243579 18719.324236
697.411026 19120.785976 18702.177941
698.413106 19451.335202 18878.528001
699.414192 19121.983285 19275.179444
700.417416 19913.809383 19270.530168
701.419297 19095.180226 19824.938382
702.419944 19073.068045 19510.388372
703.422890 19524.801024 19232.727194
704.425371 18511.313455 19392.781553
705.428105 19527.130762 18745.697923
706.430930 19219.892198 19125.422971
707.431583 19390.617316 19185.283520
708.435011 19901.025511 19351.909802
709.435874 18802.121660 19827.705968
710.436475 19091.539245 19259.756049
711.439794 18548.165355 19078.435681
712.440849 19272.642666 18583.520970
713.442682 19899.678844 18870.582694
714.446418 20035.388633 19584.905683
715.446534 19708.076973 20122.542809
716.446627 19013.228433 20124.089083
717.448436 19896.499321 19499.722788
718.448967 19071.502182 19728.369217
719.449535 18477.995085 19265.977104
720.452244 19015.697342 18541.031994
721.454543 19155.443198 18566.076905
722.457965 19269.899389 18795.813861
723.459970 19388.979517 19086.431817
724.462226 20030.362703 19366.917784
725.466498 18760.389244 19993.713590
726.468647 19274.271043 19363.793677
727.472449 18826.018728 19283.393962
728.476654 19710.041331 18904.724138
729.476930 18935.802177 19358.729826
730.479591 18936.824320 19092.881181
731.520343 19283.855291 18921.453714
732.525094 18825.424910 19099.855861
733.527410 19880.795746 18891.234006
734.528588 19494.067805 19561.998932
735.530416 19643.697411 19687.034642
736.533268 18785.352675 19813.532993
737.536661 19500.582912 19190.564720
738.538830 19821.123094 19314.200251
739.540759 18596.838418 19663.018818
740.544064 19224.771358 18958.740664
741.544752 19440.393568 18987.075730
742.545702 20098.543631 19222.383828
743.548659 19716.853654 19888.152859
744.552107 19899.949446 19987.367585
745.552640 18801.873923 20106.668309
746.554189 18886.666302 19291.082313
747.555969 19048.499109 18824.581502
748.558738 18750.594202 18728.226901
749.560798 18804.644595 18536.688973
750.561893 19457.782656 18534.934111
751.563705 19413.926006 19091.337846
752.565683 17881.551599 19428.258429
753.567384 18540.497891 18443.854809
754.567530 18877.552031 18305.286916
755.568189 19943.092267 18547.596318
756.569210 19412.008178 19550.395124
757.570220 18556.259642 19751.655746
758.572441 18911.723910 19125.562763
759.575113 19373.404558 18936.788692
760.578116 18656.779438 19182.395947
761.580408 18864.280998 18815.482887
762.582059 19711.003149 18747.976665
763.583694 18941.836248 19378.341251
764.586172 19052.207730 19199.813842
765.587224 19527.408781 19128.834351
766.587303 19663.151954 19430.588738
767.588423 19436.674194 19707.478322
768.592687 20510.183527 19664.983202
769.593476 19331.895902 20391.790390
770.594664 18881.107033 19901.076549
771.596777 18806.542850 19175.332815
772.598909 19659.166611 18682.981365
773.599844 19238.217696 19107.163833
774.601012 18674.960428 19141.544075
775.602162 18974.912826 18760.459650
776.604080 18580.791258 18773.506931
777.607068 18105.117230 18534.790869
778.608412 18765.304940 18070.177414
779.610677 18822.853792 18341.746423
780.614100 19608.194440 18626.582196
781.616483 19011.984739 19407.073468
782.619653 19763.936296 19400.442070
783.621604 19254.430980 19863.975707
784.621789 19351.835166 19688.603685
785.624369 19750.067759 19565.427638
786.624485 18274.821118 19749.115941
787.625671 19141.829457 18734.763066
788.626760 19726.662178 18762.857396
789.629653 19253.084349 19310.272117
790.630747 19489.144214 19332.893621
791.634112 18944.192234 19501.296953
792.635139 18537.431178 19173.746450
793.635967 18998.875741 18647.511853
794.638255 19434.496822 18702.957808
795.641135 19550.672892 19131.376079
796.643381 19157.116326 19508.497453
797.647883 19919.505491 19412.434575
798.651606 18688.028955 19872.365447
799.653427 19978.828123 19190.508493
800.654388 18295.546517 19692.059507
801.656164 18858.400058 18752.065963
802.657174 19067.093475 18590.079486
803.660081 19227.619304 18732.686453
804.662556 19688.633104 19007.986063
805.665662 19096.299689 19546.304529
806.666326 19577.317861 19406.795844
807.669681 19256.619226 19620.181092
808.669872 19412.503518 19475.633932
809.670040 19546.164005 19465.519894
810.674328 19110.158306 19547.454147
811.675461 19871.148318 19261.094463
812.676489 18855.211371 19650.923091
813.677979 19955.641401 19138.941002
814.679135 19046.750203 19637.340072
815.679370 18640.174666 19284.446541
816.682310 18276.902799 18743.644038
817.684233 19416.764057 18174.921543
818.687265 19014.699032 18770.951554
819.689141 18889.750296 18928.870916
820.690546 19573.179990 18935.576074
821.694094 19057.104501 19440.044479
822.695547 19374.935875 19338.505943
823.696230 18610.502743 19455.759844
824.697344 18991.541897 18920.855954
825.697858 19275.647855 18861.595071
826.702201 18135.199814 19077.530805
827.703609 19222.971603 18379.691904
828.705947 18177.545439 18785.478272
829.706485 19173.120123 18313.675166
830.709808 18798.386437 18790.422194
831.711227 19975.923753 18843.419926
832.714212 19113.817822 19741.813407
833.714892 19235.909168 19602.958286
834.716586 18981.551110 19502.814118
835.718229 19320.903193 19195.247254
836.720541 19130.263685 19242.553848
837.723370 19090.262344 19142.814850
838.724913 18714.678534 19059.806554
839.725725 19232.364297 18744.228496
840.726289 18848.309902 18967.316299
841.728945 19092.439707 18857.081404
842.730580 18589.740674 18982.868434
843.731099 19614.627586 18696.130493
844.733216 19345.241612 19294.829252
845.735015 19412.925213 19472.088734
846.738278 19318.864648 19579.769396
847.739348 19391.303286 19521.353257
848.741484 19403.309480 19495.852013
849.744152 18840.046595 19465.968856
850.745316 19061.784418 19012.915269
851.747032 19704.608921 18909.474675
852.747368 18653.978663 19377.950190
853.750592 18812.257393 18905.879938
854.751356 18656.314484 18725.578540
855.752511 18595.028741 18540.140372
856.754211 19157.984993 18430.500509
857.757462 19335.537756 18839.029825
858.759221 19320.695722 19256.197847
859.760370 18929.087163 19473.485309
860.762362 19329.508451 19250.225225
861.763439 19107.268128 19358.626633
862.767180 19670.091934 19238.867549
863.769581 18548.780698 19568.206007
864.771502 18532.429754 18917.363290
865.773979 19529.606559 18487.533076
866.778213 18653.315549 19031.724742
867.779462 18903.111922 18771.072772
868.782724 18888.462954 18798.654761
869.786582 18429.848693 18827.573320
870.786646 19218.427991 18513.294312
871.787957 18624.521456 18926.727877
872.789253 19164.738997 18760.939787
873.790287 18785.308819 19049.104315
874.791837 19349.500140 18937.522615
875.793971 19016.144148 19266.821808
876.796842 19673.705136 19202.123993
877.797076 19075.638990 19616.450866
878.798738 18728.995521 19389.378260
879.799017 19830.132671 18937.424538
880.800587 18664.854192 19485.193285
881.803220 19210.743584 18971.353646
882.803765 18719.667117 19047.226007
883.805338 19769.640055 18757.734231
884.806572 19663.993168 19390.951269
885.809226 19550.256738 19722.996818
886.811999 19459.829693 19788.966358
887.813946 20140.490098 19694.453439
888.816490 18853.947559 20099.036347
889.819359 18246.848635 19346.784334
890.822695 19698.152278 18392.124941
891.823812 18504.774717 18966.953900
892.824477 18755.881014 18542.134804
893.824658 19394.205548 18508.714956
894.826563 18318.843740 19032.539947
895.829212 19562.586743 18578.347487
896.829906 18442.511689 19219.182573
897.830161 19071.565922 18785.394868
898.832521 18990.540199 18954.570895
899.835840 19047.803921 19007.638373
900.838580 19719.076037 19072.845360
901.841476 18608.133816 19602.642581
902.844529 19601.550019 19063.442890
903.846908 19292.861319 19425.077928
904.849581 19155.366548 19418.496945
905.851755 18944.042833 19280.676468
906.853962 18782.427591 19021.945964
907.855634 19231.241745 18751.893498
908.857377 19451.483408 18961.111403
909.859364 18437.254910 19298.434188
910.860863 19961.719273 18744.686512
911.864361 19073.036731 19534.303046
912.864403 18816.560596 19369.453463
913.864773 19753.495287 19020.567387
914.866156 19952.059508 19497.823670
915.869166 19107.992064 19949.292881
916.872099 18932.312608 19542.668560
917.873595 19368.146177 19098.927684
918.874210 18606.825375 19162.278654
919.875074 19453.945292 18674.430418
920.876298 19245.777760 19048.944977
921.877450 19574.060636 19181.326687
922.880211 18837.756401 19509.842467
923.880437 18896.560447 19137.926723
924.880541 19236.494163 18921.029305
925.882527 19197.257573 19061.413669
926.885652 19193.630034 19145.948531
927.888247 19525.697593 19198.322569
928.889020 19081.096694 19472.387123
929.891198 18558.261396 19289.296344
930.893204 19292.546289 18753.574568
931.894711 18954.179828 18987.599057
932.897450 19700.551948 18927.073264
933.898802 19237.520752 19463.366098
934.898992 18807.301021 19443.535581
935.900193 19345.417987 19059.451817
936.902647 19383.841532 19207.959960
937.904961 19814.346952 19345.396197
938.905315 18885.042703 19746.604715
939.905886 18468.111310 19267.166346
940.907358 19904.023385 18619.217706
941.910398 19577.014800 19334.400843
942.912690 19421.289509 19589.141609
943.913635 19275.249074 19596.686321
944.914101 19170.807513 19447.079148
945.917176 18560.749903 19250.986872
946.918978 19162.852272 18675.352687
947.920953 18976.664868 18810.461675
948.922579 18931.735115 18826.473265
949.923819 19468.362258 18838.329646
952.404372 18874.584608 19270.079561
953.404556 18962.049008 19090.191955
954.405485 18958.650732 19011.944616
957.404514 18745.776289 18957.798337
958.406483 18427.723474 18771.282464
959.408112 19155.371847 18433.108373
962.404634 18970.880329 18808.411382
963.406456 18955.086222 18944.434364
964.407043 19144.896264 19007.211767
967.402742 20128.543712 19167.926613
968.402973 18693.419378 19980.262035
969.402992 18594.426624 19347.156915
970.403887 18996.717537 18792.925404
972.402989 18435.429305 18767.903139
973.405502 19870.803490 18391.629432
974.405951 18959.791449 19290.973186
975.407860 19431.200812 19202.343607
977.404925 19397.888921 19450.947801
978.408069 18551.970851 19545.329232
979.409029 18435.400510 18921.221318
982.402538 19148.810867 18429.426988
983.402722 18072.745843 18720.080971
987.401199 19460.150235 18165.541669
988.402639 18724.102979 18905.626356
992.401502 19300.523226 18862.264226
993.402467 19484.809823 19238.358036
997.401139 19016.284376 19580.161185
998.402644 19233.295000 19375.830834
1002.401660 19126.541777 19346.537012
1003.402732 18896.352610 19223.514681
1007.401875 18988.616724 18965.118414
1008.402142 18649.415718 18887.926915
1012.402453 19911.705936 18620.102863
1013.402877 18888.648529 19440.236714
1017.401988 18745.134932 19200.877890
1018.402114 18919.249245 18895.505940
1022.401991 18815.848210 18835.812948
1023.402806 19008.247716 18749.274750
1027.401681 19080.858275 18866.948645
1028.401977 19171.401804 19015.568280
1032.400867 18886.132071 19174.108243
1033.402037 19287.805839 19038.749315
1037.401398 19015.383538 19234.170866
1038.401664 18715.308296 19140.973659
1042.399944 18688.254765 18837.921093
