126.005199 20082.121589 0.000000
127.007010 19488.225960 20082.121589
128.009151 19447.185101 18894.330330
129.011002 18265.059506 18715.075779
130.012215 19621.680242 17921.881637
131.015329 18613.109662 18628.544586
132.017229 19839.434751 18473.732039
133.019738 18992.183557 19350.913988
134.021754 18680.258639 19276.196758
135.024082 18957.947251 18933.891154
136.024859 18897.725402 18907.596682
137.026338 18949.982129 18861.870702
138.027147 19465.921422 18887.163932
139.028153 20479.415412 19302.469566
140.028340 19034.052792 20311.105839
141.031013 19079.004235 19773.479404
142.032843 18349.014935 19353.523116
143.035380 18838.119197 18527.423276
144.035911 19274.176405 18436.599468
145.037727 19395.905541 18818.610402
146.040625 19602.507396 19214.804221
147.041256 18083.221879 19613.127853
148.041941 19396.879717 18670.170416
149.042028 18641.463177 19037.197942
150.042270 18942.946428 18744.069744
151.042833 19303.199068 18797.966441
152.044785 18765.828892 19131.349266
153.046244 18699.125731 18937.975497
154.046724 19216.355054 18748.224591
155.050657 19181.874325 19028.996415
156.052438 18592.656690 19190.361440
157.053798 19678.166677 18827.008947
158.056322 19080.656379 19400.877127
159.058846 19516.750656 19309.000881
160.059750 19682.684359 19533.047340
161.062619 19817.028234 19765.446676
162.065506 19985.800997 19961.713671
163.066144 18559.598277 20150.255381
164.069643 19228.122507 19133.760600
165.072862 19611.252503 18983.365802
166.074065 18591.335684 19256.705076
167.076245 19528.073018 18717.073955
168.077931 19148.642955 19118.376828
169.078927 19544.561484 19136.879764
170.263845 19314.595681 19446.010927
171.264721 20104.300795 19452.739796
172.266670 19262.075756 20013.847037
173.266767 18441.827488 19685.345317
174.267874 19568.131333 18800.090866
175.270955 19403.294942 19112.625680
176.272819 18346.290463 19259.142207
177.276347 18372.771947 18575.685295
178.277487 19624.011901 18196.469244
179.278224 18469.377896 18989.366860
180.280512 18250.579174 18678.501424
181.286242 19270.621141 18306.688783
182.286964 19119.363629 18871.786535
183.289571 19770.885798 19140.600929
184.291702 19809.229748 19758.340428
185.294879 19641.965582 20099.104482
186.297995 19557.347200 20071.569701
187.301485 19898.386242 19886.937494
188.304937 19176.081117 19968.003099
189.306626 19287.256262 19449.402843
190.310387 19791.108206 19205.153642
191.311734 19475.357587 19481.443655
192.314876 19064.798011 19460.191835
193.316307 19221.178873 19145.437681
194.320156 18752.102302 19085.186333
195.321194 19285.243343 18737.251366
196.323761 19729.454699 18966.852397
197.327101 19087.500222 19494.409166
198.330060 18869.550487 19335.483076
199.330616 19378.650563 19030.562016
200.334093 18241.973959 19219.673661
201.336756 19894.468021 18501.466256
202.339168 19732.278834 19316.860026
203.342133 18507.117645 19747.317020
204.343940 18973.856759 19039.915078
205.347481 18772.083516 18903.069085
206.349190 18972.607577 18701.013074
207.353011 19563.817267 18768.145725
208.353487 19121.604254 19296.234781
209.353676 18606.029160 19295.515171
210.355989 17495.689389 18864.996316
211.357647 19174.027255 17752.240271
212.360490 18393.451374 18390.477928
213.361474 18630.227152 18320.052177
214.364686 19245.858723 18480.770934
215.368534 19461.559061 19060.218046
216.371389 19805.968688 19558.127024
217.372679 19277.424318 20041.246743
218.376261 18269.851024 19827.578811
219.379148 19921.720019 18827.526252
220.381433 19853.140413 19426.982911
221.381705 19022.403415 19798.960813
222.383432 18641.853467 19375.441916
223.386187 19217.341432 18790.010381
224.389332 18948.673895 18891.871359
225.390919 19384.658143 18822.668713
226.392453 19186.309065 19146.556872
227.394255 19084.649646 19219.264461
228.395923 19178.729081 19171.134842
230.265822 19517.369240 19196.008309
231.267102 19209.826436 19458.105356
232.268790 19351.460455 19373.312746
233.272020 19003.026608 19396.270379
235.266758 19900.691275 19135.221329
236.269558 19989.180495 19644.896624
237.272532 18229.479640 20030.049849
238.272901 19323.178880 18892.633482
240.265108 19003.945385 18978.411268
241.268345 19249.589373 18868.066943
242.271133 19581.682523 19031.097381
243.272687 19463.106884 19416.305462
245.263231 19069.368362 19561.322038
246.263873 19546.700647 19313.972646
247.267206 18909.624889 19487.146092
248.269206 19235.659092 19110.814636
250.264505 19042.642846 19116.877124
251.267906 19825.468206 19004.841675
252.271689 19482.861195 19545.393263
253.274865 19361.180373 19628.732535
255.263795 18826.856857 19542.673719
256.266253 19230.902251 19053.528338
257.268536 17689.337676 19055.321823
258.271578 19774.252728 17943.940240
260.263985 19703.518947 18888.285097
261.267772 19863.096937 19528.899098
262.268956 19294.282648 20012.544553
263.270889 19354.247231 19790.394660
265.264907 19496.839519 19600.265148
266.266569 20255.422286 19550.640128
267.266710 20111.861513 20081.314541
268.269468 19549.539366 20282.508105
270.264707 18673.814008 19918.701628
271.264988 19363.767347 18987.713806
272.268578 18758.585658 18961.209950
273.272419 18477.438407 18594.711104
275.263160 18648.529518 18241.569881
276.263773 19342.799283 18252.284735
277.265521 19449.957150 18877.405681
278.266151 18329.169030 19386.682955
280.267394 18718.407447 18816.549050
281.269117 19821.266025 18701.565906
282.269170 19114.230035 19475.428653
283.271145 19040.227429 19418.542377
285.263696 19851.665499 19258.519199
286.265232 19252.375774 19732.513220
287.267943 18246.465706 19549.831006
288.271507 20148.766115 18629.693541
290.263408 20266.586690 19500.543156
291.266243 19086.102723 20186.389134
292.269410 19493.596323 19663.998537
293.269663 19138.810051 19563.949485
295.263502 19753.800688 19230.246964
296.263701 18721.501988 19501.779453
297.267467 18381.615476 18926.326982
298.268925 18661.335953 18332.479613
300.265141 18340.169605 18257.630252
301.266499 18864.384381 18080.257236
302.269882 19057.641057 18449.709902
303.271813 18926.199370 18883.047362
305.264947 18516.927083 19044.783251
306.265625 19783.692423 18789.051009
307.266214 18966.931250 19543.227912
308.268832 19931.299632 19367.861612
310.264642 19653.994255 19903.222157
311.265491 18708.398850 19969.942766
312.267702 19129.204907 19215.119389
313.268025 19917.224840 19026.632108
315.263926 19638.903198 19549.046617
316.265152 19065.041374 19693.557196
317.268994 19180.156849 19321.752618
318.272130 18651.682696 19158.009124
320.263217 19162.076197 18685.318694
321.263823 18920.648499 18823.359605
322.264445 18511.730409 18795.988435
323.264978 18698.719482 18506.779298
325.264136 19011.121934 18503.654312
326.266962 19313.595918 18785.159951
327.267782 19631.892932 19209.258754
328.268710 18820.454327 19686.115207
330.265105 19573.264371 19302.408911
331.265763 19192.936387 19554.674650
332.267648 19318.765090 19400.208962
333.268671 19152.732818 19365.529501
335.263032 19157.155971 19211.974464
336.263883 19319.131599 19123.703899
337.266283 20046.463642 19209.413355
338.267590 18328.520560 19825.196676
340.263237 18519.859265 18899.947767
341.265376 18951.517111 18437.970539
342.266302 19730.721684 18551.197491
343.269846 19076.588297 19292.294302
345.263490 19537.533039 19281.849513
346.265346 19537.165583 19571.020371
347.268318 19460.959568 19706.958374
348.270807 19045.541869 19675.324668
350.263412 18366.680914 19294.353265
351.263718 18362.826372 18532.518999
352.265021 19566.873863 18107.251438
353.268132 20182.869502 18861.547009
355.263637 18640.223469 19877.023238
356.267377 18483.723108 19304.238393
357.269700 19474.019988 18734.466969
358.270649 19894.155113 19129.617952
360.263889 19348.903719 19728.395296
361.266296 18667.926442 19660.285377
362.267964 18863.027344 19037.652045
363.270552 19197.972481 18780.229655
365.266325 19570.487808 18923.426735
366.267088 18962.137289 19343.048207
367.269232 18892.014188 19153.455953
368.270922 18748.743940 18958.237835
370.263438 19179.465708 18736.620178
371.266764 19487.733648 18951.883616
372.269150 18792.754602 19347.611813
373.270106 19395.274207 19059.272086
375.263964 20565.563447 19300.362554
376.264340 18876.920006 20322.352633
377.266693 19558.439388 19627.667794
378.266850 18454.370974 19603.777965
380.263380 18849.453190 18752.447095
381.263580 20545.754878 18548.574292
382.265662 18739.078983 19794.083881
383.266528 18613.301676 19249.749504
385.262904 19198.717269 18755.581704
386.265930 19385.661205 18911.989492
387.268973 18662.830238 19202.083283
388.270183 19363.654070 18850.901433
390.263646 18814.260560 19153.910584
391.267329 19878.383734 18945.805898
392.270051 19663.405208 19606.959601
393.273176 18594.967568 19844.158591
395.263689 20261.591857 19116.241511
396.264239 19133.892820 19871.932702
397.266351 19697.417707 19501.418808
398.268312 19010.637253 19646.924030
400.263804 19139.846809 19217.214719
401.264545 18300.210440 19047.622864
402.266085 18960.342393 18356.155646
403.269256 19442.417990 18491.534700
405.263977 19802.622352 19037.982848
406.267149 18986.366248 19682.468979
407.270658 19219.329733 19422.558310
408.271186 20008.944480 19358.277574
410.263978 19492.586770 19883.611305
411.267087 20212.686732 19790.343183
412.268941 19903.351814 20209.344989
413.271413 18638.182207 20187.680140
415.263413 19446.304001 19156.888429
416.266554 19688.272756 19117.907363
417.269238 18956.198474 19361.992556
418.271295 19625.193951 19016.549491
420.264005 18477.694350 19330.486812
421.264929 18894.346953 18700.507556
422.267813 19526.993200 18642.304079
423.269368 19044.075049 19150.697744
425.264243 19010.946755 19136.779828
426.266047 19996.349064 19081.798454
427.270201 19236.774504 19775.646574
428.270393 19451.640081 19608.065337
430.263733 20061.316989 19592.601193
431.263990 18426.420328 20006.886523
432.266069 18782.169097 19001.464310
433.267875 19036.144721 18621.803784
435.265127 19251.093885 18662.546568
436.267760 18622.684546 18937.529371
437.268134 19519.670016 18682.104897
438.270510 19142.434416 19212.276674
440.264312 19760.388373 19271.284198
441.265118 20240.146505 19732.040983
442.265553 18933.500442 20329.324821
443.268720 19894.971745 19625.687614
445.263780 18351.851559 19821.925695
446.263957 18505.462869 18780.966109
447.265920 18750.649895 18268.416160
448.267587 19969.161764 18255.293133
450.264143 19065.740700 19286.454711
451.264348 20161.966866 19295.146465
452.267654 19874.278480 20064.310526
453.269711 18852.110004 20257.540352
455.263144 18822.581708 19491.713440
456.264467 19061.514699 18926.752903
457.267028 19147.862505 18797.429579
458.268893 19244.461090 18863.550052
460.265655 19748.247357 19040.137340
461.268265 19934.537469 19557.351622
462.268271 19526.509090 20003.400281
463.270760 19326.788433 19903.187623
465.263944 18382.159548 19609.121168
466.267064 19697.029240 18683.033093
467.270158 19872.273987 19130.922938
468.270744 18622.456951 19627.827996
470.264329 18872.459709 19000.029247
471.265457 19418.051949 18779.238866
472.267101 19360.360175 19101.343067
473.270860 19439.707355 19298.303557
475.264254 19242.507679 19471.808342
476.265445 19668.627203 19402.635730
477.270684 18402.140822 19647.607054
478.273165 19157.490054 18825.482968
480.264177 18845.567657 18875.097312
481.265976 19083.195186 18736.560872
482.267888 18074.663078 18872.764995
483.268945 19504.765388 18237.075523
485.263877 20604.359072 18951.204409
486.264126 19452.404227 20271.354359
487.267869 20543.864210 20150.714379
488.272027 19035.837094 20734.411838
490.263405 19506.660277 19847.603324
491.265720 19868.524814 19554.374896
492.266451 18438.850455 19667.230430
493.266627 19948.510792 18701.726024
495.263025 19556.942436 19285.500181
496.266715 17834.097479 19449.463646
497.268603 19242.425200 18266.181358
498.271517 18613.380942 18622.765035
500.264185 19268.715115 18484.188721
501.265352 19715.819169 18938.699249
502.268106 18196.910918 19583.786520
503.268663 19053.025764 18800.157130
505.264076 19586.421224 18899.617016
506.267180 18952.035983 19387.745741
507.269231 18230.128313 19205.690044
508.269755 19149.691308 18509.817928
510.265401 19208.560578 18781.631712
511.267412 19524.141564 19053.705455
512.268643 19416.668071 19465.141847
513.271169 18538.760246 19605.004853
515.264153 18503.042181 18969.421292
516.266994 19566.476926 18517.175700
517.268644 17989.167811 19085.095584
518.270217 19006.728066 18306.419025
520.262992 18645.865615 18600.938133
521.264950 19497.247055 18578.998332
522.267911 19732.134758 19223.281333
523.268554 19147.454971 19790.080040
525.265429 18505.430306 19620.483234
526.267562 19577.371504 18935.909266
527.269208 19451.140737 19289.958440
528.271417 19239.580037 19444.163218
530.262940 18545.973051 19364.339462
531.263878 19788.761451 18773.032488
532.266812 19669.079729 19352.705442
533.268138 19990.541014 19661.794630
535.263902 18336.664508 20059.256462
536.264770 18607.965964 19000.401137
537.266865 19397.060442 18508.515409
538.268325 19072.189602 18879.256042
540.265164 18630.631980 18950.424329
541.267447 19959.683525 18685.281574
542.267965 20382.844652 19535.836457
543.270909 18833.052471 20384.446511
545.266935 19460.033392 19646.006937
546.268515 19218.546537 19543.784225
547.268557 18542.537933 19290.620019
548.269428 19083.864717 18639.013092
550.264751 19853.178929 18695.085928
551.269063 18538.949184 19397.302702
552.271252 18921.980163 18876.707837
553.274676 19314.805403 18819.243976
555.266122 20116.688569 19110.815022
556.266423 18712.970003 19909.010514
557.266756 19122.239317 19307.238850
558.267890 19101.485579 19164.737792
560.265158 19407.374937 19067.297341
561.267898 18722.250269 19256.541193
562.269786 19227.390934 18875.028054
563.271519 19750.944123 19024.932537
565.264531 18776.011880 19543.164270
566.266387 19299.180109 19123.025917
567.267679 19038.647820 19218.579403
568.270189 19049.779641 19091.107106
570.263710 19724.155304 19022.605002
571.264862 18590.138216 19500.929356
572.268880 19189.333814 18945.385205
573.270652 19643.828244 19028.198080
575.264228 19296.265116 19450.759274
576.267431 19886.365854 19449.634767
577.270334 18586.394323 19853.305654
578.273086 19652.530948 19088.427500
580.264237 19642.890014 19380.082597
581.267684 18872.548564 19586.791533
582.270587 19773.620189 19126.414533
583.272847 19634.872175 19508.563260
585.264509 19017.658980 19661.840845
586.266255 19528.059637 19268.827574
587.267766 18643.814757 19392.329282
588.268683 19455.020863 18824.829065
590.264581 19470.347815 19104.229959
591.266789 20224.923418 19343.123347
592.270238 19555.110642 20060.307859
593.272698 19103.128684 19957.694423
595.263874 20145.588739 19466.755291
596.264935 18733.861987 19912.224115
597.266866 19067.717089 19134.504619
598.271584 19999.004101 18895.875539
600.263690 19446.853892 19517.986646
601.265932 19263.676703 19535.183906
602.269707 20065.187500 19384.317141
603.273483 18985.975699 19879.856747
605.265154 19458.388551 19364.550387
606.266577 18404.152306 19366.563175
607.266598 20533.381194 18599.848729
608.267360 19247.655622 19764.489066
610.264350 18792.794465 19574.738088
611.264539 19336.616931 19056.946114
612.266013 19332.748777 19139.879065
613.267281 19419.751059 19227.628891
615.265529 19633.822015 19363.035487
616.266809 17665.790564 19605.470896
617.267130 18078.783321 18257.752791
618.268256 20264.418538 17745.647750
620.263259 19459.689065 19212.105535
621.265595 18615.887919 19604.865574
622.266242 18737.676326 19132.100606
623.269883 19036.618056 18858.006256
625.263081 18783.855925 18915.082896
626.263297 19499.556841 18784.433408
627.263902 19471.733042 19255.739980
628.265834 18649.443566 19531.479632
630.264272 18837.946048 19037.695704
631.266515 19424.787495 18835.117566
632.269950 19440.634120 19174.666704
633.271971 18938.380647 19418.856439
635.264373 20011.454792 19169.705622
636.267453 19196.219837 19792.104578
637.269114 19117.654543 19546.715394
638.272374 18677.656988 19277.472942
640.264193 19336.604134 18772.898950
641.265632 19165.644370 18991.011823
642.267429 19398.477428 19058.246514
643.269810 20005.585759 19293.338117
645.264367 18765.330927 19892.499995
646.264492 19228.100457 19290.161251
647.267989 19497.130855 19204.861445
648.268422 18779.641997 19369.794094
650.264024 19583.943941 18945.977965
651.265554 19570.916337 19295.712367
652.268158 18614.208555 19532.866758
653.270764 19186.082154 18943.425512
655.263576 19391.216994 18995.305849
656.267266 19201.090029 19222.791224
657.268705 18759.745876 19236.045130
658.272144 18932.353008 18902.925193
660.265183 18529.732870 18830.025744
661.268452 19167.443508 18517.192732
662.271123 18139.648851 18842.194239
663.271396 19195.518575 18315.161317
665.263389 18887.250713 18799.669032
666.263793 19353.606376 18909.684379
667.266503 19139.120610 19308.850383
668.268073 18788.352610 19358.758059
670.264342 19418.224021 19065.726535
671.265528 19350.346397 19322.270849
672.268930 18883.333108 19423.623082
673.270882 19767.985062 19105.720060
675.263772 19081.244514 19554.660776
676.265395 19081.165159 19317.406795
677.267338 20444.357437 19139.679718
678.269101 18226.057564 20058.581748
680.262900 18800.810145 18950.751781
681.266345 18484.770457 18646.727679
682.269377 19057.948570 18296.206479
683.270092 19398.565617 18597.970457
685.263549 19142.248287 19119.309760
686.265323 19688.249281 19257.555378
687.265808 18627.456550 19707.352160
688.267407 19432.621143 19131.880283
690.263546 19068.143644 19321.911856
691.265172 20001.081149 19171.246840
692.266561 19859.735823 19769.841662
693.267069 19213.651693 20020.939950
695.265563 19976.856088 19621.624965
696.266619 19395.207814 19892.377450
697.268948 18498.838557 19612.637147
698.272252 17666.068442 18746.132720
700.264999 18823.786122 17626.479379
701.266245 19102.143486 17944.838234
702.266424 19691.774325 18532.522657
703.267932 19142.606241 19410.993204
705.263437 19616.559937 19508.547695
706.265502 19466.089639 19821.304849
707.266409 18686.099593 19813.644475
708.271752 18133.266614 19137.933045
710.263768 19108.644647 18272.494232
711.266214 18637.168103 18536.501446
712.266907 19427.023456 18457.933445
713.268830 19173.401052 19055.849624
715.263654 19394.581974 19257.384369
716.266034 18980.474254 19503.041603
717.268801 19560.707353 19288.174523
718.271669 18792.309366 19538.990740
720.263321 19015.460383 19093.529512
721.266700 18222.365801 18962.857123
722.267440 18771.776351 18315.850808
723.269253 19641.978670 18381.034311
725.264806 19513.447953 19163.963312
726.267394 18867.924917 19578.533614
727.270940 18534.957759 19285.405073
728.273213 19157.664387 18784.745395
730.264471 18824.283364 18938.998618
731.265419 20434.424808 18820.755905
732.268191 18535.735887 19970.122495
733.272210 18904.976068 19236.864679
735.264223 19114.831258 18971.883708
736.266084 19473.557263 18980.057705
737.269950 18617.058785 19286.882596
738.271469 19396.913594 18844.589849
740.263992 19323.886374 19151.451817
741.268015 19338.526453 19311.477830
742.269521 19523.290809 19405.573031
743.269558 18681.281086 19574.432255
745.265566 19381.163216 19014.569213
746.268016 19146.424057 19176.227257
747.270137 19373.180527 19132.235900
748.273962 18598.786567 19283.854613
750.264829 19008.671561 18801.199978
751.268417 19117.723086 18816.683053
752.271058 18159.549270 18954.210361
753.271590 20183.082996 18345.221835
755.264323 18475.958888 19511.959725
756.267527 19029.021198 18982.766406
757.268129 18718.227277 19006.264600
758.271599 19383.056057 18790.607406
760.262893 19752.903488 19163.305361
761.265545 19032.897759 19681.977587
762.266028 18945.577242 19419.040877
763.266744 19633.527775 19125.546355
765.264304 19183.910287 19449.769716
766.264682 18863.186025 19320.607795
767.264973 18758.432738 18981.309261
768.266367 19129.729649 18703.564220
770.264126 19283.882403 18856.881512
771.266550 18926.550065 19117.366757
772.267401 19590.920865 19021.239039
773.267662 18850.938985 19447.781036
775.264399 19098.486752 19141.850582
776.264987 19515.862054 19101.818281
777.269267 20093.961900 19394.000725
778.271727 18359.624959 20004.132163
780.264189 18135.315752 19030.902611
781.265627 19353.030549 18208.236516
782.267012 19249.194680 18691.959376
783.270196 18402.030957 19021.211697
785.264438 18141.860793 18607.460811
786.264958 19324.913909 18154.100282
787.267494 19610.980316 18811.649982
788.268545 19514.833816 19483.290619
790.264874 18901.708766 19778.923487
791.264922 19102.697528 19400.873715
792.267154 19417.194026 19237.799164
793.269837 18530.145732 19358.358852
795.265441 19047.433672 18768.061270
796.268219 19515.966633 18801.399549
797.271393 17993.739273 19230.976940
798.274663 19274.200827 18375.342539
800.263356 18422.070812 18812.470687
801.264947 19410.037595 18507.369785
802.268149 19998.604746 19074.469678
803.269246 19037.844809 19883.336967
805.264431 18903.652992 19596.017604
806.267564 20427.737406 19212.170860
807.268170 19428.233353 20086.181332
808.271772 19270.561528 19858.947547
810.264260 20149.105866 19519.398237
811.268007 18488.850834 19946.322658
812.268731 20347.489917 18965.289397
813.271101 19202.238948 19749.642438
815.263720 18400.872856 19432.342601
816.264700 19016.808150 18615.142200
817.266603 19444.108168 18614.926135
818.268070 19039.134797 19035.763619
820.263790 19377.839871 19044.538471
821.267227 19271.483671 19301.603783
822.270187 18589.827406 19369.428312
823.273567 19063.153719 18867.612217
825.264287 19004.322687 18902.252702
826.268392 18758.759972 18915.674925
827.271232 18728.258047 18760.375940
828.271923 19922.648553 18659.446012
830.264765 19742.347105 19521.976936
831.266188 18580.002714 19918.184217
832.267809 19375.941830 19200.570285
833.269654 18804.393440 19283.575764
835.264425 18812.954942 18919.508727
836.267389 18992.166261 18715.117514
837.268146 19367.476442 18771.789753
838.268640 18948.081976 19136.702635
840.263934 18410.401612 19062.306679
841.264698 18892.820331 18593.292252
842.266976 19486.514296 18674.876418
843.270947 19366.372084 19215.424952
845.263847 18933.845058 19463.364897
846.264619 19089.386141 19238.691396
847.266582 19404.466434 19166.798873
848.268544 19946.191077 19347.809649
850.264729 19929.070555 19858.772716
851.268032 18848.741754 20123.268448
852.270462 19049.741771 19396.720240
853.273053 19048.432269 19047.201527
855.265300 18187.824514 18872.095105
856.267866 19557.331279 18183.170369
857.270290 19454.055737 18867.001611
858.272939 18750.943966 19304.042992
860.262881 19890.428815 19032.733041
861.263032 18952.601255 19681.244433
862.264681 19299.369322 19354.425555
863.264850 19182.038120 19350.636091
865.264407 19243.005882 19247.926266
866.265704 18120.890358 19225.825137
867.266644 18956.674252 18377.483117
868.268555 18904.332067 18516.001837
870.263400 19306.425436 18656.172663
871.265873 19573.080485 19089.867953
872.267849 19262.322931 19560.846255
873.270998 20287.003445 19566.325799
875.263440 19621.737074 20261.575239
876.265284 19279.076766 20116.607232
877.265827 18869.689583 19663.410458
878.266456 19811.126126 19033.688261
880.263744 19091.884236 19383.904900
881.264265 18770.592957 19126.387108
882.266734 18408.804585 18748.034036
883.269266 19409.374526 18293.155950
885.263634 18893.217874 18845.056522
886.266619 18486.189514 18874.968820
887.267397 18743.375242 18589.215963
888.267590 18829.447883 18613.472218
890.262539 18176.366101 18722.630582
891.265430 19500.247420 18314.102753
892.268763 18986.348422 19068.315664
893.268905 19606.282534 19167.980811
895.265370 18229.052091 19637.355871
896.267635 18864.433445 18831.352234
897.270047 19560.668426 18754.311396
898.272206 19075.758014 19265.497725
900.264585 19009.512437 19231.200755
901.265902 19414.792233 19125.507403
902.267001 19248.061628 19347.621832
903.267729 18886.480373 19350.423693
905.264209 19413.186684 19055.048166
906.265442 19107.614500 19260.248188
907.265719 19580.919582 19171.903684
908.267699 19158.610678 19466.637948
910.263123 18940.244511 19325.843810
911.265024 18696.514618 19049.863833
912.266031 18772.578090 18701.671594
913.266491 19585.214135 18583.333835
915.265381 19108.233290 19180.953052
916.265500 18944.037352 19223.092298
917.267211 19072.987744 19092.300216
918.269489 19454.474946 19086.551252
920.261958 19112.487831 19366.401295
921.263663 18661.770657 19271.854393
922.264939 19232.573193 18846.701421
925.263200 18921.945992 19015.994146
926.265109 19197.742727 18921.814870
927.268325 19130.248668 19081.605564
928.270549 19446.128639 19139.914657
930.263239 18397.802674 19403.562685
931.265742 19013.614599 18759.783713
932.269038 18334.895262 18809.257912
933.270299 19245.196866 18376.044680
935.262933 17510.790382 18831.876913
936.264854 19894.296162 17862.318154
937.266418 19027.762387 19077.286167
938.267446 19658.344014 19239.122341
940.265096 19660.412538 19740.136660
941.267816 19595.987779 19971.747050
942.271368 19291.015440 19961.400049
943.273916 19118.429530 19636.144226
945.264344 20948.977820 19257.794686
946.265524 18991.436473 20406.689844
947.267703 20041.752600 19648.553407
948.269403 19539.002717 19892.943050
950.263039 18772.141933 19675.277847
951.264237 18619.520576 18957.230875
952.264610 18949.730493 18437.469135
955.260972 19316.903094 18470.758564
956.261089 19149.993680 18882.525711
957.262602 19249.649860 19071.821570
960.262293 19273.128262 19260.754662
961.262943 19189.609688 19370.053808
962.264603 19580.128452 19337.833065
965.262777 18762.226379 19577.555922
966.262885 19651.546888 19084.633929
967.265420 19620.322111 19424.561426
970.262889 19036.659877 19627.852957
971.263349 19612.019249 19289.869336
972.263371 18632.042996 19489.094689
975.263298 18573.171297 18884.456316
976.263674 19147.905068 18474.880026
977.263736 18987.227339 18725.715026
980.261317 19250.586878 18836.171740
981.261509 19133.003483 19126.683651
985.259764 19802.529860 19214.727867
986.260089 19047.660518 19740.463662
990.259764 19349.121513 19452.696102
991.259946 18618.259113 19433.649172
995.259764 19053.390596 18854.846993
996.260460 19071.339570 18832.647545
1000.259764 18608.034233 18890.195315
1001.261043 18904.611519 18616.776260
1005.259764 18576.604177 18700.314191
1006.260194 19055.336576 18547.151982
