157.004885 18701.688576 0.000000
158.006512 20107.779965 18701.688576
159.007725 19282.702415 21513.871353
160.007963 19720.713432 21246.586037
161.011411 19012.427244 20950.480737
162.014836 18796.715278 19963.771620
163.017842 18954.396853 19070.796993
164.019381 18586.588082 18674.050432
165.022639 19624.100089 18269.907178
166.023894 18798.144654 18925.139783
167.024923 19131.176343 18808.029586
168.027197 19245.913257 18996.777021
169.027813 19474.245580 19210.803254
170.028714 19748.487552 19497.843114
171.031688 18833.531185 19841.145140
172.033901 19229.260030 19303.414480
173.035928 19294.140205 19213.874960
174.036893 18910.678416 19221.611599
175.038832 19129.196905 18956.015728
176.040943 18954.251790 18975.772332
177.042287 18887.230056 18892.797940
178.043199 18970.684940 18816.407907
179.045877 19764.871713 18858.509590
180.048391 19234.403638 19503.244349
181.048731 18847.793043 19493.167513
182.048807 18825.187122 19133.480180
183.049865 19389.165392 18865.260289
184.053246 19450.285839 19144.115754
185.053755 20321.249471 19390.646231
186.056693 19115.122879 20182.044096
187.059038 19435.196193 19707.949428
188.061529 18922.532792 19562.750442
189.062675 19441.441962 19073.764836
190.065654 19529.011552 19180.645899
191.067979 19691.653746 19364.962639
192.070286 19646.185668 19620.114883
193.074874 19607.781060 19731.474662
194.077629 18638.692215 19737.028847
195.077991 19758.988959 18980.677359
196.079367 18902.693358 19357.227887
197.080622 18725.554298 19003.721718
198.084361 19355.806124 18668.857249
199.086500 18375.847567 18988.288146
200.086544 19733.606507 18504.914171
201.088704 18310.321953 19249.279738
202.089538 19120.298837 18675.080798
203.091979 19381.503287 18904.274280
204.096650 18970.031893 19268.780497
205.098882 19441.661836 19170.610758
206.099316 18734.787104 19425.103629
207.100056 19425.367827 19026.333568
208.101081 19705.213189 19271.997464
209.104190 19424.185602 19643.056024
210.106124 19379.099020 19633.353905
211.108676 19564.290057 19542.395833
212.109075 19765.504392 19594.985872
213.112972 19666.205025 19764.517688
214.114239 18751.338406 19775.055747
215.114665 18871.764072 19066.962132
216.117717 18948.732245 18724.328642
217.119018 18517.262083 18647.596885
218.120279 20119.763190 18360.912224
219.122018 18475.937411 19458.533189
220.125315 20097.693704 18939.781838
221.128306 18895.280431 19780.762275
222.129068 19946.320760 19378.675396
223.129950 18173.333513 19845.063462
224.132363 19966.784021 18773.831384
225.133316 19729.167180 19433.178759
226.136503 19233.814101 19718.041131
227.140137 18695.428955 19491.739020
228.141752 19380.854390 18910.317875
229.142594 18354.721220 19079.954149
230.144205 18733.187698 18470.397469
231.146885 19273.808252 18420.549925
232.149744 19380.273472 18879.251011
233.151337 19501.126970 19287.089780
234.153070 19917.891099 19604.945211
235.153148 18728.299750 20050.491463
236.153617 18653.898907 19347.920986
237.157103 20078.377554 18785.929807
238.159122 18743.222544 19540.285477
239.162912 18940.065386 19050.620074
240.165378 19725.123092 18876.570121
241.166902 19538.492890 19394.212241
242.169347 19163.447100 19595.788362
243.172307 19177.566248 19400.968212
244.175157 19430.847830 19254.767220
245.175234 20646.042172 19352.327668
246.177377 19151.347730 20332.133689
247.179846 18760.836220 19779.492988
248.181369 18665.163869 19053.252691
249.181538 19646.955896 18545.274162
250.182307 19549.722825 19057.601344
251.183361 19210.765466 19388.178770
252.183880 18593.233521 19339.635477
253.187443 18847.074417 18819.997370
254.187468 19310.819044 18693.868026
255.189844 19952.489095 19016.913422
256.190667 19870.899582 19733.165064
257.193577 19843.003995 20084.929758
258.195257 18540.896662 20186.382870
259.197231 18584.626156 19174.684208
260.197460 19310.231913 18543.185111
261.198885 19121.766808 18782.000142
262.200292 18856.606992 18892.116771
263.202401 18751.437416 18805.717733
264.204785 18735.269202 18696.363347
265.206337 18842.215051 18643.328510
266.207549 18884.904302 18720.005652
267.211878 19190.855761 18820.913511
268.214672 18028.981075 19116.828732
269.216629 20030.464168 18411.887085
270.217064 19086.862429 19464.802080
271.217321 19360.306855 19424.973794
272.218848 19345.321235 19525.615130
273.222703 19782.307236 19523.369514
274.224349 18784.192963 19805.474137
275.226111 19167.104060 19192.149018
276.228407 18524.646509 19070.680768
277.231338 19167.449137 18552.209303
278.234483 19726.475981 18768.184843
279.235156 18492.061335 19395.258819
280.235795 18835.963825 18865.789113
281.235914 19646.816319 18765.549183
282.236426 19446.420320 19341.172249
283.238673 19315.450346 19555.097800
284.239812 19751.991174 19536.663725
285.240288 19120.871193 19799.548964
286.242435 19710.298587 19445.762150
287.242522 18594.787999 19629.716549
288.243706 19267.937033 18905.206318
289.245556 19330.353428 18970.208397
290.249118 19455.855493 19123.953892
291.250461 18963.790078 19346.553073
292.250758 19414.784342 19116.129206
293.251002 19664.287060 19301.078189
294.251265 18459.293473 19609.106257
295.252643 19171.612806 18873.170302
296.254340 19687.099887 18935.972617
297.256901 19634.633713 19412.899132
298.260092 18965.165203 19680.562948
299.260645 19606.310066 19300.811165
300.262585 19044.332335 19507.882430
301.263797 18452.221224 19214.541673
302.265148 19416.725029 18581.235627
303.265852 19546.154172 18955.706857
304.269070 19074.469289 19355.268872
305.270772 19252.805323 19249.007543
306.272341 18664.556925 19285.994340
307.274945 19621.081273 18855.004185
308.276953 18798.982948 19309.290555
309.279928 19712.473381 18997.807675
310.283598 19150.437898 19477.477878
311.284990 19104.031455 19354.535243
312.286265 18891.458150 19207.234757
313.289470 19020.923194 18948.353710
314.289896 18915.753803 18901.788079
315.293188 18729.685293 18829.412000
316.293308 19150.091610 18675.258028
317.294990 18405.776109 18927.092596
318.298531 19280.860411 18550.523008
319.301308 19529.608101 18982.364715
320.302453 18368.052020 19459.470260
321.305332 18403.283037 18844.390432
322.309244 18769.297340 18444.189178
323.311635 20009.137404 18508.372743
324.313119 19532.360381 19535.575723
325.315428 19474.844105 19809.984866
326.315504 18916.329870 19834.646109
327.316928 18951.369381 19338.140553
328.318593 18900.833078 19010.714738
329.320080 18965.557116 18794.263264
330.322391 19310.372524 18761.223009
331.322844 18366.210436 19054.397964
332.323096 19818.294065 18556.857516
333.326801 18855.003180 19349.488243
334.329339 19286.945481 19140.536899
335.331013 18976.657085 19288.634523
336.331314 18421.875963 19129.544777
337.331567 18749.318635 18595.692140
338.332622 19560.737756 18530.893781
339.335390 18204.552005 19161.665156
340.337831 18936.224399 18559.679680
341.338972 19312.234180 18718.659318
342.342275 18634.687174 19134.547744
343.343419 19125.682741 18878.753311
344.344308 18483.478803 19058.086235
345.347114 19091.039307 18682.998870
346.348420 19837.183413 18901.245549
347.350606 18553.821201 19617.425408
348.352182 18885.011100 19067.933179
349.353931 19630.895042 18913.051494
350.357343 19116.692428 19388.013510
351.360045 19246.656929 19300.562940
352.361719 18820.341534 19308.343403
353.365076 19574.782320 18977.075470
354.368208 18808.877252 19338.088609
355.368654 18993.726319 19003.339805
356.370968 18504.554871 18925.986565
357.372316 19008.241434 18537.366298
358.375325 18726.372189 18712.618229
359.375853 19418.744084 18662.748063
360.376525 19099.471339 19172.997932
361.378633 19619.849376 19250.104846
362.381463 19157.947679 19641.283454
363.382844 18499.361709 19485.087966
364.384598 18698.809916 18831.265672
365.386518 19318.235567 18570.964690
366.389178 19418.033546 18937.344744
367.389727 19073.512942 19290.605961
368.389894 19007.854837 19240.703012
369.391273 19684.940531 19124.710442
370.393810 18663.660201 19545.314526
371.395310 19202.758925 19024.562822
372.395634 19885.149467 19078.285357
373.398208 19296.453554 19648.057924
374.401113 18364.019479 19550.695158
375.403757 18715.996487 18739.127818
376.406995 19951.882396 18503.549819
377.407428 19200.427350 19365.786918
378.410110 19169.630835 19379.838053
379.411696 18553.619248 19318.913558
380.413286 18191.752141 18789.121940
381.414200 19079.227379 18193.950128
382.417681 19815.919310 18561.421153
383.419523 18912.304823 19427.127171
384.421694 19414.490449 19279.467349
385.424418 18734.940192 19490.486026
386.424658 19028.529285 19067.333778
387.426474 18704.958208 18992.851077
388.429363 19913.689848 18721.850971
389.431656 19667.811097 19488.676457
390.436161 18736.483492 19793.933485
391.438424 19577.249817 19216.535698
392.442186 19547.614112 19438.398497
393.445006 19292.143706 19561.815948
394.445930 19361.496083 19428.371409
395.450511 19736.177136 19379.606497
396.452436 19173.348896 19631.707227
397.454419 18577.989766 19361.753890
398.456122 18849.404845 18733.156625
399.457864 19359.314033 18583.627587
400.459842 19496.426644 18957.739273
401.462350 18806.368188 19348.023264
402.463504 18670.307926 19062.722263
403.466364 18850.723006 18753.938047
404.468346 18129.140967 18713.949719
405.471937 18540.878817 18186.962347
406.473361 17928.159076 18217.816704
407.476804 18994.252198 17854.469605
408.479368 19214.784887 18490.788264
409.482915 19518.140754 19100.213095
410.483869 18875.280783 19661.085358
411.486491 19022.084193 19423.640360
412.488397 19383.068349 19277.930524
413.489380 20053.755781 19411.852141
414.490965 19645.646901 19974.632575
415.490995 19775.156772 19969.721934
416.492501 18567.741380 19983.380258
417.494176 19806.766277 19032.592005
418.497980 19086.901339 19370.253894
419.501164 19984.202727 19108.314231
420.501749 19051.497795 19644.967218
421.502660 19067.382373 19298.573889
422.503324 19329.519412 19075.521635
423.505590 19117.763121 19158.563471
424.506598 19151.683254 19084.006157
425.508606 18966.980992 19080.606841
426.509517 18306.046579 18958.149589
427.512599 19288.406269 18403.428004
428.513205 19798.167786 18838.491623
429.514789 18865.350147 19550.823232
430.516553 19712.427955 19269.211945
431.518599 19062.306251 19662.749209
432.519073 19219.400778 19384.346249
433.519553 18806.182073 19282.455665
434.522074 18990.054859 18905.832622
435.525447 18554.624839 18830.513053
436.528208 20249.943573 18506.166205
437.528459 19532.357354 19627.596490
438.528928 19122.834519 19805.708739
439.531622 19092.742321 19519.284891
440.531811 19332.235198 19254.391225
441.533074 19377.087820 19261.151824
442.536093 20105.720050 19315.942433
443.538551 18993.097612 19905.098257
444.540564 18639.404082 19415.364789
445.543941 19408.334927 18799.661113
446.546594 19000.511743 19028.443151
447.549668 19487.803848 18931.939726
448.552984 19711.978253 19266.300097
449.553757 19716.826886 19656.987023
450.554374 19331.383694 19869.714769
451.554583 18761.521640 19648.774277
452.554592 18676.231429 19031.559845
453.555498 19033.062852 18591.475420
454.556717 18778.113277 18660.245776
455.560160 19703.473997 18596.623042
456.562694 19828.451247 19304.204774
457.562902 19132.224016 19851.545883
458.564191 19377.004211 19597.272356
459.566920 18328.554493 19537.458653
460.568800 19011.354099 18681.100903
461.571842 19130.881796 18676.885130
462.573793 19281.798601 18848.040258
463.574988 19185.378703 19117.515810
464.576170 19601.754008 19221.009361
465.577165 18671.664934 19576.129950
466.579948 19282.175012 19062.529454
467.580373 19206.922120 19165.895634
468.582067 19239.107374 19190.208900
469.582074 19063.819550 19230.682778
470.585381 18909.849964 19121.559998
471.585837 18436.105877 18937.086306
472.586676 18231.170420 18482.732310
473.589276 19402.225383 18090.197111
474.591362 18864.745428 18807.464060
475.591927 19240.598177 18911.677900
476.593980 19811.823135 19233.941263
477.594919 19551.229724 19825.155892
478.595797 19655.264434 19921.984959
479.596564 19021.761698 19955.736716
480.599716 18127.957164 19422.367472
481.601498 19517.853511 18385.178006
482.603489 19218.699159 18844.700323
483.604137 18501.353224 19018.384015
484.606166 18866.788370 18617.295195
485.607996 19331.569063 18661.841653
486.611203 18435.042389 19083.937080
487.613613 19338.539206 18684.497784
488.616147 18477.934067 19100.036900
489.618702 19498.542029 18721.978180
490.619905 19415.034259 19237.393764
491.620305 18685.303016 19497.757794
492.620585 19558.375420 19059.960493
493.621117 18721.938448 19402.201776
494.624145 18529.478913 18985.038099
495.627047 19459.452209 18566.336697
496.629784 19212.110894 19045.251522
497.633557 18442.091997 19202.753120
498.635510 18729.246744 18706.329190
499.636058 19372.822942 18607.423987
500.637854 19694.677539 19071.109223
501.639489 19669.959179 19619.771219
502.642259 19022.665919 19894.290027
503.643625 19145.575875 19489.996774
504.645959 18612.874212 19263.199901
505.647814 18349.312497 18720.869210
506.650905 19181.963982 18225.033829
507.653389 20049.615769 18632.674419
508.655853 18838.975654 19624.555945
509.658709 18751.190101 19318.781578
510.661106 19176.662888 18980.103749
511.664344 19870.579261 19072.641012
512.665272 19071.985466 19665.352392
513.668548 18840.374097 19414.069454
514.671553 18353.558984 19029.198461
515.671562 19125.966638 18424.445538
516.672526 19029.372728 18683.653179
517.674186 19953.538628 18851.389931
518.675949 18943.636756 19672.878432
519.677066 19267.790824 19396.361327
520.678728 18535.290668 19388.037183
521.679477 19295.711346 18804.438404
522.681531 18855.405697 19015.667589
523.684990 18561.376544 18861.063884
524.686730 19502.031574 18561.825620
525.688526 18947.612495 19117.585492
526.689085 18986.838845 19075.762639
527.691999 19255.428181 19052.233439
528.694283 18656.102132 19225.562192
529.696745 18609.845426 18870.198529
530.698509 18419.451858 18604.300069
531.699974 18694.140381 18329.942002
532.701565 19169.440546 18421.156825
533.703594 19040.592869 18891.485249
534.706603 19382.606993 19099.502528
535.708677 19745.288880 19445.294345
536.712054 19600.677172 19874.529831
537.714762 19113.027017 19948.378556
538.718768 19428.731290 19532.639955
539.721397 19653.541029 19456.645625
540.724450 18931.293590 19580.277181
541.725394 19611.342363 19118.723341
542.727166 18493.260272 19351.125564
543.728493 18757.860031 18693.819307
544.729627 19612.827818 18513.476239
545.730557 19084.121070 19125.626493
546.732416 19515.789769 19156.971891
547.734027 18893.551756 19478.183408
548.736948 18894.390992 19181.512247
549.737617 19830.584844 18961.815971
550.738297 18685.975924 19537.256977
551.740631 19613.644837 19039.852757
552.741089 19042.031327 19398.433123
553.741174 20008.913266 19202.816102
554.741555 19287.075064 19789.972852
555.745300 19003.865722 19596.907679
556.747124 19245.156755 19210.509932
557.748209 19258.223769 19146.618281
558.750940 18703.522666 19149.107334
559.752739 18449.478558 18761.605143
560.753870 18854.035567 18362.800346
561.754062 18251.380269 18488.485258
562.756466 19852.901496 18190.723818
563.758821 19046.061625 19258.148130
564.759308 19129.316091 19335.418725
565.762560 18705.563556 19364.155597
566.764125 18766.327712 19001.999755
567.765390 19063.291711 18792.385902
568.767745 19740.981609 18903.787426
569.770392 18926.244256 19507.631684
570.772056 18963.530940 19256.838278
571.775957 19029.322113 19076.758084
572.778260 18820.718642 19007.754580
573.778670 19615.988918 18822.192109
574.779820 19214.630059 19325.495213
575.780375 19072.766473 19348.751047
576.780878 19044.841150 19220.451028
577.784394 18824.499893 19098.435887
578.787819 19011.424380 18858.773690
579.789569 19196.766470 18870.567507
580.791684 20106.888692 19050.685201
581.794099 18742.981039 19859.856032
582.795330 19287.475607 19303.268873
583.797597 19228.580268 19293.274261
584.797700 18528.639384 19242.655787
585.799259 19119.112589 18688.872008
586.801359 19388.419102 18814.776866
587.805336 19771.165937 19155.793110
588.806848 18163.004681 19671.517857
589.807121 18810.202061 18748.171308
590.807209 18612.880992 18625.604412
591.807321 19003.522174 18462.479574
592.809789 19704.379888 18711.498397
593.810940 19526.070808 19434.657038
594.814435 19122.334522 19729.935261
595.816960 18230.481442 19523.806045
596.819841 19574.109589 18651.483746
597.820168 19428.623659 19117.793131
598.822364 19385.990220 19355.912490
599.823287 18662.130390 19461.174883
600.823888 18312.979386 18952.115041
601.823906 19150.869047 18363.225704
602.824684 18589.674634 18684.636702
603.825818 18967.274326 18541.004477
604.827970 18348.751740 18764.555673
605.828861 19483.027015 18463.118995
606.832796 18545.441516 19134.515298
607.832980 18351.993273 18854.152255
608.833755 19651.297742 18491.706866
609.836647 18545.828881 19250.034125
610.838158 19583.956503 18900.412013
611.840437 19573.713918 19415.550891
612.842984 19199.809178 19707.539793
613.844280 19385.574410 19539.649221
614.847268 19794.383089 19510.067848
615.849406 18889.468759 19770.760311
616.851561 18445.918074 19228.326490
617.854863 19628.878729 18539.732133
618.857082 19049.550518 19059.201930
619.858339 19063.320350 19026.859871
620.861338 18322.576872 19026.688877
621.864248 19204.911374 18480.203640
622.867939 19479.252220 18829.305206
623.872076 18505.177400 19303.513165
624.874989 19336.065823 18853.995794
625.878661 18825.979744 19165.198827
626.878713 20283.879039 18980.952533
627.881538 19233.319409 19943.510660
628.883835 17887.238651 19721.962096
629.885915 18584.409684 18479.466574
630.889593 19828.710617 18233.040106
631.892331 19584.608305 19130.894967
632.892817 19828.199461 19571.199576
633.893124 19462.283584 19977.397429
634.894537 19555.940780 19868.759956
635.894691 18165.592315 19783.065024
636.897057 19517.724214 18640.675148
637.899243 18841.626121 18964.808426
638.900646 19004.941273 18758.030442
639.902331 18803.623361 18798.026734
640.905198 18423.771770 18718.765081
641.907782 19185.153649 18415.460131
642.908726 19695.213258 18836.921975
643.910883 18854.413815 19517.255523
644.913747 20397.924337 19271.312148
645.916672 18906.020213 20201.748769
646.920120 19308.142372 19597.082878
647.923794 18980.135428 19423.575886
648.924186 19647.118215 19061.958803
649.926598 19317.447598 19360.931508
650.927937 18893.769307 19334.711575
651.929201 19047.001912 18999.526895
652.930524 18758.083576 18920.419612
653.930930 18999.922990 18695.822794
654.932799 19046.852887 18780.469141
655.933195 19377.291734 18912.853200
656.935733 19464.501470 19260.374285
657.936700 19421.596642 19528.771493
658.939744 19752.788944 19614.723969
659.939746 19847.812651 19857.812603
660.940653 19307.207360 20024.368785
661.941065 18281.302599 19658.053874
662.943702 20048.435142 18617.756220
663.945332 18972.069702 19338.843394
664.946206 19508.701904 19069.510839
665.947924 19458.037806 19312.958428
666.950639 19601.156577 19445.620018
667.951241 18343.209000 19622.394338
668.952146 19482.347844 18762.011375
669.953806 18640.685516 19081.473433
670.954426 19745.890345 18710.176319
671.957436 19946.166891 19336.058683
672.961115 19059.679076 19901.665189
673.961268 19272.324433 19530.728007
674.961292 19754.892144 19386.981201
675.963487 19096.218132 19648.369389
676.965694 18643.226084 19311.688663
677.967554 19053.536395 18749.736631
678.969661 18557.801207 18749.865712
679.971648 19478.307696 18454.046532
680.971809 19013.889160 19022.455478
681.971883 19152.886617 19072.309103
682.973708 18416.135393 19186.879023
683.973873 19493.768113 18683.102463
684.974766 19121.588388 19172.696955
685.977761 19341.633955 19218.627197
686.980881 19101.025871 19382.366791
687.981021 19681.247711 19273.597316
688.981864 19280.106675 19611.236097
689.984636 18997.863873 19496.702614
690.984749 19257.633096 19173.604786
691.985237 18886.446860 19162.947561
692.988356 19147.199061 18902.900655
693.988830 19097.227736 18964.327905
694.989391 18355.723493 19003.280825
695.991905 20243.090727 18490.115830
696.994083 18556.383284 19615.460674
697.996905 19152.861439 19070.010027
698.999380 19090.265313 19116.236634
700.002172 19680.921581 19101.559045
701.003752 19300.520037 19534.389017
702.007086 19346.019158 19502.135987
703.009045 18758.169480 19469.729826
704.010444 18594.065977 18981.711819
705.010838 19432.247422 18558.739603
706.014400 18744.645415 18984.721173
707.016414 19071.615611 18793.892014
708.016680 18853.834514 18931.393433
709.017682 19235.888915 18871.863864
710.018618 18454.157531 19124.132542
711.020211 18764.752769 18691.907437
712.022206 19366.546524 18649.303837
713.023175 18631.615250 19108.209586
714.024849 18958.112765 18851.048240
715.027597 19222.495887 18912.482455
716.029762 18087.235156 19152.894482
717.030916 18912.358237 18439.055298
718.034447 19037.436161 18613.022981
719.034536 19359.577235 18868.649080
720.036756 19461.457386 19280.264705
721.041511 19311.954416 19582.310763
722.042476 19334.900526 19590.993220
723.043175 19286.986923 19542.784331
724.044663 18937.952427 19430.773732
725.045074 18370.524227 19077.045859
726.047995 19668.042872 18439.837414
727.051492 19420.295282 19077.043879
728.053344 19813.246035 19357.586167
729.055334 19022.298743 19808.247654
730.055336 18896.810890 19441.617524
731.057762 19523.016027 19059.356874
732.058846 19566.810757 19297.243906
733.062281 18789.295997 19505.476500
734.063784 18724.894682 19041.790291
735.065319 18824.646545 18698.522627
736.068294 18693.067639 18608.295706
737.069004 19479.590982 18518.585776
738.072327 18926.869357 19107.243784
739.075269 18927.518829 19080.118369
740.075583 18240.081831 19028.730512
741.077415 18444.653560 18462.155914
742.077457 18472.472587 18276.778891
743.078666 18826.269560 18246.923317
744.080952 19425.384920 18553.730578
745.083469 18758.368663 19224.605473
746.083992 20064.998821 19109.975590
747.086525 18768.754726 19944.731535
748.088201 18845.199507 19419.993258
749.091465 19193.923648 19052.148072
750.092283 19272.175602 19078.031444
751.094414 19262.371165 19178.635146
752.098340 19400.391628 19244.968783
753.098613 18731.133276 19386.001545
754.101158 19683.423417 18958.171682
755.103440 19448.048404 19401.714755
756.104496 18993.180512 19517.382198
757.107110 18896.453097 19216.731551
758.108701 19512.660744 18937.972907
759.109514 18383.399778 19250.369368
760.112835 18173.313904 18625.194718
761.115228 19394.808308 18094.594252
762.116425 19337.779270 18765.094736
763.118313 19783.975471 19215.001592
764.119300 18310.478609 19805.296590
765.121470 19612.148099 18989.991163
766.122685 18866.461965 19388.712428
767.124753 19373.831491 19084.667378
768.127126 19310.249085 19258.620644
769.127943 18467.281709 19326.713185
770.128965 18716.316624 18724.417898
771.131487 19921.362508 18545.762394
772.132546 18158.437349 19402.857612
773.134457 19558.386060 18638.837576
774.135672 18810.537203 19186.689034
775.138459 19259.472489 18992.652378
776.140248 19003.973702 19186.806720
777.140560 19426.753559 19110.426243
778.142683 19639.047886 19362.707763
779.144132 19438.301819 19664.080716
780.144433 19525.101356 19657.949435
781.146877 19097.704308 19665.071543
782.148608 19103.743741 19313.092264
783.149542 19847.154141 19087.785211
784.152257 19415.047992 19536.679116
785.152585 18984.848207 19514.665213
786.154210 19508.673738 19156.104118
787.156393 19205.386047 19326.878741
788.157717 19358.171909 19230.249033
789.159808 19884.341103 19290.307829
790.161786 18879.377850 19731.930143
791.164475 18942.830063 19237.121600
792.166520 19961.311313 18947.870551
793.168139 19434.519514 19565.845841
794.172427 19081.155006 19578.606006
795.173713 19468.149804 19283.941084
796.176585 19514.997921 19376.158202
797.177863 18230.154464 19480.400749
798.180210 18330.898678 18577.538723
799.183365 18581.273545 18114.819806
800.184050 19400.466852 18125.261215
801.185574 19338.260168 18858.879982
802.187220 18893.300167 19314.431071
803.190620 19668.051853 19214.443889
804.192342 18743.534150 19665.228132
805.195110 19573.709744 19197.937907
806.197337 20209.108598 19473.323550
807.197506 19156.693396 20112.662060
808.200340 19459.453910 19667.131549
809.201791 19715.100766 19543.827140
810.204578 18935.074633 19652.816770
811.205634 19174.090900 19137.862984
812.208549 18981.700819 19008.951204
813.210548 19474.528490 18841.487677
814.213087 19414.936603 19162.429952
815.214684 19506.872529 19356.231809
816.217492 19337.972183 19536.760880
817.220041 18527.774014 19492.878069
818.222274 18381.901230 18824.561565
819.223139 19054.376414 18306.801837
820.226503 19643.439373 18571.053210
821.229510 19015.914419 19265.806916
822.230604 19215.274890 19236.948168
823.231025 19015.957923 19316.780710
824.232748 19692.182172 19181.832801
825.233630 18652.810329 19580.058313
826.235076 19685.428661 19027.673152
827.238253 19907.043438 19432.228614
828.240879 18992.310454 19864.017440
829.242307 19048.091452 19404.618615
830.243624 18805.741958 19113.677910
831.244892 18829.994104 18770.048823
832.246779 18550.854705 18625.346672
833.249815 19335.518642 18394.802906
834.251028 19559.121089 18907.041925
835.251424 18942.653563 19437.982449
836.253648 19099.308724 19271.386727
837.256537 19506.590722 19223.396945
838.259010 18195.584232 19473.841497
839.260679 20037.748082 18623.996213
840.261180 19302.516437 19473.593462
841.262071 18788.866224 19488.007009
842.264888 18785.984166 19063.603479
843.264993 18590.940399 18780.555857
844.267680 19598.807700 18494.106298
845.270230 19820.019785 19130.990520
846.270459 18234.095501 19732.295989
847.272733 19934.318202 18865.436460
848.274556 19054.633561 19549.338481
849.274851 19151.854187 19327.770941
850.276800 19217.334350 19221.618295
851.279823 19536.112292 19200.211068
852.283742 18952.457716 19432.871731
853.285818 19480.418009 19137.271271
854.286342 19451.339829 19339.237872
855.288404 19041.789908 19453.707572
856.291585 19437.182484 19203.188045
857.292186 19683.289751 19334.123179
858.294104 18913.547573 19609.936023
859.298228 18599.773796 19188.874243
860.300829 19425.197047 18674.181353
861.304247 19739.261258 19017.300457
862.307652 19290.434959 19526.382314
863.309510 18972.087150 19497.523255
864.309656 19872.465295 19192.560794
865.313539 18958.099406 19660.244762
866.315124 19752.831943 19261.367462
867.317408 19228.761164 19582.161201
868.320740 19050.752536 19392.172672
869.323297 18486.917881 19122.819059
870.323730 19015.686725 18547.249630
871.326656 19389.281589 18640.958612
872.326937 19019.385154 19061.691279
873.327990 19777.251524 19076.532864
874.328526 19286.989133 19638.066506
875.330684 18885.577639 19585.932788
876.331445 18640.136359 19184.071395
877.333629 19729.883730 18724.436300
878.337842 19577.552743 19290.854295
879.339254 19841.260839 19569.572411
880.339500 18948.129723 19908.707624
881.342370 19167.845695 19391.565197
882.343054 18541.051928 19186.922095
883.344886 19044.924032 18609.736118
884.347312 18678.456663 18681.876161
885.348170 18792.908944 18533.857623
886.348970 19161.177290 18581.837325
887.349490 18781.511991 18934.796340
888.351097 18989.630089 18883.122111
889.352885 18901.128569 18987.971040
890.353223 18480.489957 18974.434126
891.356126 19852.448708 18633.860321
892.356852 19224.855838 19454.199891
893.358344 19162.217839 19493.237228
894.359133 20163.837957 19398.682050
895.362365 19921.421229 20043.503496
896.362750 19375.311592 20214.185289
897.364820 19234.440127 19816.752942
898.368120 19742.757308 19402.022833
899.368898 18865.385140 19533.999987
900.369462 18502.741318 18994.148769
901.372243 18893.709919 18420.049386
902.374320 18712.780459 18446.899128
903.375579 18646.003607 18436.329602
904.377654 18359.048234 18450.074914
905.380538 19822.962266 18290.713214
906.383969 19511.429800 19326.051642
907.385291 19405.208476 19734.299163
908.386720 19021.194414 19803.039590
909.390313 18882.800887 19449.941478
910.393895 19198.030911 19062.410511
911.394550 19219.649658 19060.165140
912.395251 19126.010289 19109.722957
913.397665 18862.295256 19091.754014
914.399176 18063.316090 18893.547336
915.400630 19363.453013 18187.396603
916.400740 19053.967142 18778.403801
917.402971 19284.240073 18988.055299
918.403955 18982.171852 19282.063707
919.406595 18770.497868 19203.060837
921.298544 18923.252620 18949.581668
922.299753 19502.454841 18892.637198
923.301215 18891.630695 19306.220483
924.303180 19516.453851 19103.952606
925.303961 19426.619906 19418.355557
926.305562 18714.072519 19532.706147
927.306436 19097.278321 19028.949342
928.308542 19140.290559 18985.756084
929.309393 19325.690056 19024.299194
930.312436 19601.355131 19211.618213
931.314519 19399.950876 19540.544489
932.315053 19446.941379 19569.157097
933.317280 20687.462377 19576.404722
934.318494 19674.723454 20478.053448
935.321088 19107.265679 20221.675850
936.323355 18916.091283 19531.155622
937.323805 18728.152242 18936.542225
938.326305 18143.889523 18493.168510
939.328501 19233.348404 17892.030546
940.331284 18492.294774 18471.520469
941.333336 19439.445445 18395.932192
942.335392 19171.325923 19092.591702
943.335688 18856.075221 19326.545251
944.335786 19654.884427 19168.279168
945.337468 19391.651706 19610.202044
946.340572 19029.626011 19644.909537
947.341156 20123.877270 19327.429554
948.342531 19341.017177 19914.927121
949.344417 19049.047268 19673.768372
950.345891 18933.648009 19251.023768
951.347053 18853.595236 18902.607896
952.348810 18804.024801 18676.120409
953.349625 19602.170605 18570.067545
954.350941 18832.996590 19174.139780
956.298120 19592.516847 19006.303093
957.298441 19040.486653 19448.698316
958.298994 19059.860510 19291.827915
959.300285 18526.602192 19165.087792
960.301776 18968.929198 18675.467171
961.303451 19226.946682 18725.185870
962.305478 18984.444793 19004.494165
963.307009 18991.137525 19017.885025
964.307770 19009.688581 19021.239946
965.309179 19028.671693 19029.305093
966.309949 18503.459057 19042.670872
967.310557 19167.782315 18651.944491
968.312785 19431.612547 18917.702384
969.313894 19417.849076 19310.973988
970.315517 19511.567050 19527.446826
971.317841 19542.239577 19678.572288
972.319028 19404.607356 19735.388105
973.319047 19796.831889 19612.284716
974.319497 19736.882077 19792.982081
975.319574 19034.509672 19839.330856
976.319584 18789.659398 19310.113745
977.320994 19255.073982 18792.966466
978.323116 19442.460089 18882.626997
979.324681 19248.768122 19161.108590
980.325188 19096.322811 19225.418285
981.326648 18581.954735 19149.076609
982.327418 19712.350578 18711.941265
983.329204 19483.473364 19308.673842
986.297085 19219.003503 19536.301404
987.297277 18951.183012 19438.555780
988.297840 18882.147359 19133.929530
991.297080 19082.660374 18884.153036
992.297282 19552.794115 18909.148131
993.298572 18991.170570 19317.624045
996.300795 18826.172791 19159.436861
997.300817 18909.010066 18914.528362
998.301673 19052.030632 18832.113176
1001.296756 18841.964311 18917.395230
1002.297002 19021.106150 18836.145367
1003.297258 19077.789151 18931.331551
1006.297803 18753.250160 19043.880543
1007.297955 18981.475632 18865.227948
1008.299709 19106.925954 18919.076308
1011.297086 18840.808721 19055.688060
1012.297241 18714.762000 18937.215485
1016.296405 19254.376379 18759.342466
1017.296526 18708.982921 19063.971624
1021.296702 19114.902266 18854.842299
1022.296824 18641.084828 19018.252300
1026.297373 18806.115704 18768.756713
1027.297418 18841.011545 18735.864106
1031.296832 18857.463917 18763.152582
1032.297425 18971.714545 18808.600840
1036.299839 18972.795842 18929.228709
1037.300114 19148.615759 19000.975075
