# VLDDashClient mimuroto
1.347257 0.326574 1959.740209 1792
4.293149 2.895892 3094.038031 2816
9.004198 4.711049 2988.718764 2816
13.810117 4.805920 2929.720181 2816
18.528500 4.718383 2984.073425 2816
23.265223 4.736724 2972.518846 2816
28.066533 4.801310 2932.533023 2816
32.860619 4.794086 2936.952092 2816
37.539594 4.678975 3009.206327 2816
42.047383 4.507789 3123.482201 2816
46.537596 4.490213 3135.708917 2816
51.193449 4.655854 3024.149981 2816
55.694711 4.501262 3128.011885 2816
60.323427 4.628716 3041.880535 2816
64.895290 4.571863 3079.707160 2816
69.598059 4.702769 2993.980758 2816
74.069823 4.471763 3148.645988 2816
78.556962 4.487140 3137.856475 2816
83.307867 4.750905 2963.646091 2816
88.045328 4.737461 2972.056261 2816
92.424127 4.378800 3215.493028 2816
96.982343 4.558216 3088.927679 2816
101.593199 4.610855 3053.663486 2816
106.064787 4.471588 3148.769556 2816
110.781807 4.384551 3211.275584 2816
115.459361 4.062104 3466.183767 2816
120.228559 3.831302 3674.990723 3072
125.882848 4.485591 3424.298056 3072
130.843141 4.445885 3454.880438 3072
135.865160 4.467903 3437.854059 3072
140.759508 4.362251 3521.117751 3072
145.800913 4.403657 3488.010436 3072
150.717698 4.320441 3555.192321 3072
155.799001 4.401744 3489.526065 3072
160.667001 4.269744 3597.405416 3072
165.765752 4.368495 3516.084979 3072
171.178352 4.781095 3212.653143 3072
176.029685 4.632429 3315.755370 3072
181.028740 4.631483 3316.432442 3072
186.218055 4.820798 3186.194375 3072
190.787006 4.389749 3499.060800 3072
196.070863 4.673607 3286.540995 3072
200.870274 4.473017 3433.923961 3072
205.873129 4.475872 3431.733672 3072
210.839093 4.441837 3458.029103 3072
216.193701 4.796444 3202.372188 3072
221.269329 4.872072 3152.662603 3072
226.296468 4.899211 3135.198834 3072
231.106523 4.709266 3261.654839 3072
235.874925 4.477669 3430.356620 3072
240.857788 4.460531 3443.536004 3072
245.967942 4.570685 3360.546468 3072
251.143927 4.746670 3235.952651 3072
255.821107 4.423850 3472.088809 3072
261.037487 4.640230 3310.180900 3072
265.706674 4.309417 3564.287260 3072
270.713571 4.316314 3558.591536 3072
276.039366 4.642109 3308.840992 3072
281.085183 4.687927 3276.501798 3072
285.902992 4.505735 3408.988876 3072
290.753672 4.356415 3525.834816 3072
296.164086 4.766829 3222.267760 3072
301.410593 5.013336 3063.828282 3072
306.274036 4.863443 3158.256202 3072
311.354623 4.957366 3098.419660 3072
316.310196 4.912939 3126.438179 3072
321.333143 4.935886 3111.903146 3072
326.254733 4.857477 3162.135680 3072
331.157714 4.760457 3226.580728 3072
335.880647 4.483390 3425.978799 3072
340.925083 4.527826 3392.356218 3072
345.844118 4.446861 3454.121862 3072
351.124806 4.727549 3249.040887 3072
356.386267 4.989010 3078.767092 3072
361.425760 5.028503 3054.586891 3072
366.434733 5.008973 3066.496726 3072
371.375858 4.941125 3108.604099 3072
376.486402 5.089145 3018.188812 3072
381.397107 4.910705 3127.860258 3072
386.398141 5.000884 3071.456795 3072
391.285859 4.887718 3142.571061 3072
396.456203 5.058946 3036.205602 3072
401.457823 5.001620 3071.004964 3072
406.303387 4.845565 3169.909196 3072
411.329494 4.932238 3114.205176 3072
416.229814 4.832557 3178.441545 3072
421.355528 4.958272 3097.853714 3072
426.396333 4.999077 3072.567340 3072
431.415505 5.018249 3060.828801 3072
436.297554 4.882049 3146.220130 3072
441.320702 4.923446 3119.766309 3072
446.253971 4.856715 3162.631811 3072
451.128055 4.730798 3246.809454 3072
456.248242 4.850985 3166.367348 3072
461.298519 4.901262 3133.886485 3072
466.517824 5.120567 2999.667634 3072
471.599575 5.081751 3022.579975 3072
476.638738 5.039163 3048.125435 3072
481.714045 5.075306 3026.418265 3072
486.634059 4.920015 3121.941864 3072
491.728139 5.094080 3015.264879 3072
496.774352 5.046212 3043.867101 3072
501.741327 4.966975 3092.425225 3072
506.885107 5.143780 2986.130953 3072
512.040101 5.154995 2979.634544 3072
517.270475 5.230374 2936.692630 3072
521.963503 4.693028 3272.940077 3072
526.812227 4.848724 3167.843879 3072
531.765897 4.953670 3100.731282 3072
536.801931 5.036033 3050.019483 3072
541.935609 5.133679 2992.006549 3072
546.805070 4.869461 3154.353376 3072
551.668636 4.863566 3158.176541 3072
556.504078 4.835442 3176.545166 3072
561.346546 4.842468 3171.936394 3072
566.404302 5.007045 3067.677502 3072
571.613177 5.208875 2948.813382 3072
576.203660 4.590483 3346.053257 3072
580.461960 4.064703 3778.873899 3072
585.338852 3.941595 3896.899660 3072
590.312170 3.914913 3923.458896 3072
595.227774 3.830517 4009.902187 3072
600.356505 3.959248 3879.524497 3072
605.340346 3.943089 3895.422710 3072
610.311801 3.914545 3923.828112 3072
615.350475 3.953218 3885.441878 3072
620.348305 3.951048 3887.575783 3072
625.301571 3.904314 3934.109962 3072
630.174310 3.777053 4066.662548 3072
635.320440 3.923184 3915.187490 3072
640.431097 4.033840 3807.785772 3072
645.369333 3.972076 3866.995307 3072
650.246797 3.849540 3990.086829 3072
655.330800 3.933543 3904.876313 3072
660.291088 3.893831 3944.701236 3072
665.303449 3.906192 3932.218000 3072
670.323500 3.926243 3912.137093 3072
675.306655 3.909399 3928.993010 3072
680.351378 3.954121 3884.554698 3072
685.217522 3.820266 4020.662756 3072
690.269337 3.872080 3966.859816 3072
695.255433 3.858176 3981.155461 3072
700.199717 3.802460 4039.490210 3072
705.330573 3.933316 3905.101579 3072
710.324333 3.927076 3911.307149 3072
715.386523 3.989266 3850.332426 3072
720.314768 3.917511 3920.857024 3072
725.217889 3.820632 4020.277248 3072
730.243379 3.846122 3993.633291 3072
735.303260 3.906003 3932.408234 3072
740.265148 3.867892 3971.155764 3072
745.352627 3.955371 3883.327490 3328
750.729743 4.332487 3840.750568 3328
755.782352 4.385095 3794.672648 3328
760.690041 4.292785 3876.271808 3328
765.701932 4.304675 3865.564319 3328
770.761970 4.364713 3812.392685 3328
775.800978 4.403721 3778.622585 3328
780.723972 4.326716 3845.873182 3328
785.731663 4.334406 3839.049366 3328
790.628867 4.231611 3932.308758 3328
795.731637 4.334381 3839.072098 3328
800.703284 4.306027 3864.350639 3328
805.737048 4.339792 3834.285484 3328
810.763264 4.366007 3811.262688 3328
815.718876 4.321620 3850.408162 3328
820.679857 4.282600 3885.490021 3328
825.608653 4.211397 3951.183403 3328
830.715444 4.318187 3853.468972 3328
835.770947 4.373690 3804.567425 3328
840.709357 4.312101 3858.908200 3328
845.568764 4.171508 3988.965480 3328
850.717900 4.320644 3851.277936 3328
855.778281 4.381025 3798.198129 3328
860.763075 4.365818 3811.427343 3328
865.736880 4.339623 3834.434308 3328
870.663386 4.266129 3900.491222 3328
875.779991 4.382735 3796.716226 3328
880.799945 4.402688 3779.509426 3328
885.714071 4.316814 3854.694423 3328
