# VLDDashClient mimuroto
1.498354 0.341318 1875.083093 1792
4.487521 2.939167 3048.482977 2816
9.313822 4.826301 2917.348052 2816
14.054876 4.741054 2969.803594 2816
18.790705 4.735829 2973.080238 2816
23.518908 4.728203 2977.875672 2816
28.364894 4.845986 2905.497394 2816
33.033521 4.668627 3015.875935 2816
37.720666 4.687144 3003.961249 2816
42.245859 4.525194 3111.469132 2816
46.711320 4.465461 3153.089819 2816
51.230346 4.519026 3115.715892 2816
55.724698 4.494353 3132.820559 2816
60.258599 4.533901 3105.493491 2816
65.094758 4.836158 2911.401928 2816
69.687934 4.593176 3065.416946 2816
74.165772 4.477838 3144.374699 2816
78.736166 4.570394 3080.696874 2816
83.327275 4.591109 3066.797249 2816
88.125339 4.798064 2934.517105 2816
92.704452 4.579113 3074.831048 2816
97.408361 4.703909 2993.255253 2816
101.973841 4.565480 3084.012940 2816
106.284116 4.310275 3266.613015 2816
111.010053 4.461699 3155.748455 2816
115.913835 4.365481 3225.303536 2816
120.945237 4.396883 3202.268564 2816
126.102123 4.553769 3091.944070 2816
131.030712 4.482358 3141.203973 2816
136.150774 4.602420 3059.260373 2816
141.160384 4.612030 3052.885833 2816
145.910923 4.362569 3227.456381 2816
151.121545 4.573191 3078.812947 2816
156.043304 4.494950 3132.403877 2816
161.044712 4.496358 3131.423028 2816
166.166608 4.618254 3048.771414 2816
171.142645 4.594291 3064.673346 2816
176.138392 4.590038 3067.512710 2816
181.117885 4.569530 3081.279410 2816
186.200030 4.651676 3026.865955 2816
191.013517 4.465163 3153.300129 2816
196.129979 4.581625 3073.145220 2816
201.011789 4.463435 3154.521107 3072
206.333871 4.785517 3209.684750 3072
211.394176 4.845822 3169.741120 3072
216.451975 4.903621 3132.379401 3072
221.501147 4.952793 3101.280291 3072
226.468091 4.919737 3122.118294 3072
231.385172 4.836818 3175.641625 3072
236.412072 4.863718 3158.078143 3072
241.296073 4.747719 3235.237653 3072
246.455013 4.906659 3130.439772 3072
251.379092 4.830738 3179.638271 3072
256.341239 4.792885 3204.750456 3072
261.286174 4.737820 3241.997448 3072
266.273634 4.725280 3250.600970 3072
271.312473 4.764119 3224.100855 3072
276.376760 4.828406 3181.173827 3072
281.365134 4.816780 3188.852440 3072
286.278976 4.730622 3246.930467 3072
291.432307 4.883953 3144.993219 3072
296.520330 4.971976 3089.315205 3072
301.435630 4.887276 3142.855137 3072
306.485294 4.936940 3111.239058 3072
311.476075 4.927721 3117.059685 3072
316.518699 4.970345 3090.328977 3072
321.475706 4.927352 3117.292853 3072
326.387100 4.838746 3174.376075 3072
331.338088 4.789734 3206.858913 3072
336.445752 4.897397 3136.359673 3072
341.384111 4.835757 3176.338305 3072
346.423584 4.875230 3150.620490 3072
351.578872 5.030518 3053.363311 3072
356.494984 4.916111 3124.420791 3072
361.622325 5.073971 3027.214688 3072
366.646285 5.023960 3057.349072 3072
371.565115 4.918829 3122.694243 3072
376.651501 5.086386 3019.825803 3072
381.599823 4.948322 3104.082334 3072
386.590434 4.990610 3077.779836 3072
391.509490 4.919057 3122.549989 3072
396.683285 5.134931 2991.276808 3072
401.636114 4.952829 3101.257906 3072
406.495254 4.859140 3161.053441 3072
411.475558 4.927203 3117.387008 3072
416.437230 4.888875 3141.826789 3072
421.660582 5.112228 3004.560917 3072
426.627790 4.967208 3092.280229 3072
431.697898 5.070108 3029.521242 3072
436.566168 4.868270 3155.124923 3072
441.479767 4.913599 3126.018487 3072
446.424123 4.875768 3150.272622 3072
451.454762 4.906407 3130.600207 3072
456.480548 4.932194 3114.232572 3072
461.489259 4.940905 3108.742435 3072
466.507397 4.959043 3097.371855 3072
471.736866 5.188512 2960.386491 3072
476.685410 4.948544 3103.943409 3072
481.674788 4.989378 3078.539976 3072
486.739480 5.064693 3032.760531 3072
491.752053 5.012573 3064.294676 3072
496.745002 4.992948 3076.338662 3072
501.809435 5.064433 3032.915901 3072
506.949658 5.140223 2988.197224 3072
512.188923 5.239265 2931.708934 3072
517.409797 5.220875 2942.035824 3072
522.164558 4.754761 3230.446308 3072
527.034230 4.869672 3154.216865 3072
532.060977 5.026747 3055.654110 3072
537.100347 5.039370 3047.999822 3072
542.280845 5.180498 2964.966108 3072
547.121170 4.840325 3173.340311 3072
551.957122 4.835952 3176.210233 3072
556.789413 4.832291 3178.616617 3072
561.803206 5.013793 3063.548947 3072
566.813415 5.010209 3065.740618 3072
572.016015 5.202600 2952.369737 3072
576.444503 4.428488 3468.452395 3072
580.923044 4.374690 3511.105949 3072
585.921155 4.372801 3512.623066 3072
590.898952 4.350597 3530.549616 3072
595.891417 4.343063 3536.674417 3072
600.899207 4.350853 3530.342522 3072
605.905532 4.357177 3525.217952 3072
610.892778 4.344424 3535.566673 3072
615.894452 4.346098 3534.204511 3072
620.929478 4.381124 3505.949501 3072
625.870023 4.321669 3554.182546 3072
630.886025 4.337671 3541.070774 3072
635.901358 4.353004 3528.597544 3072
640.936403 4.388049 3500.416653 3072
645.897504 4.349150 3531.724705 3072
650.902992 4.354638 3527.273768 3072
655.907472 4.359118 3523.648744 3072
660.902494 4.354140 3527.676894 3072
665.899008 4.350654 3530.503701 3072
670.871457 4.323103 3553.003687 3072
675.907156 4.358801 3523.904528 3072
680.890342 4.341988 3537.550013 3072
685.873365 4.325011 3551.436291 3072
690.913495 4.365141 3518.786486 3072
695.881914 4.333560 3544.430076 3072
700.848379 4.300025 3572.072489 3072
705.851796 4.303442 3569.235888 3072
710.896993 4.348639 3532.139442 3072
715.924330 4.375976 3510.074020 3072
720.898164 4.349809 3531.189143 3072
725.908425 4.360071 3522.878145 3072
730.911292 4.362938 3520.563229 3072
735.908266 4.359912 3523.007153 3072
740.844500 4.296146 3575.297842 3072
745.838543 4.290189 3580.262139 3072
750.996236 4.447882 3453.329281 3072
756.010423 4.462069 3442.349603 3072
760.929739 4.381385 3505.740978 3072
765.987576 4.439222 3460.065698 3072
770.982419 4.434064 3464.090387 3072
775.968802 4.420448 3474.761319 3072
781.031432 4.483078 3426.217733 3072
786.035242 4.486888 3423.308334 3072
790.991652 4.443298 3456.891742 3072
796.012710 4.464356 3440.585857 3072
800.978369 4.430015 3467.257059 3072
805.997790 4.449436 3452.123240 3072
811.026880 4.478526 3429.700152 3072
816.038223 4.489869 3421.035335 3072
821.025188 4.476834 3430.996072 3072
826.064871 4.516517 3400.850411 3072
831.027603 4.479249 3429.146434 3072
836.047081 4.498726 3414.299633 3072
841.025806 4.477452 3430.522435 3072
846.025366 4.477012 3430.859871 3072
851.084682 4.536328 3385.998577 3072
855.930983 4.382629 3504.745648 3072
861.023305 4.474951 3432.440007 3072
866.046626 4.498271 3414.644947 3072
870.988421 4.440067 3459.407126 3072
876.072872 4.524518 3394.836768 3072
881.006409 4.458054 3445.449170 3072
886.074023 4.525669 3393.973641 3072
