# VLDDashClient mimuroto
1.503878 0.419844 1524.375638 1280
3.686368 2.132489 3001.187354 2560
8.038626 4.352258 2941.001808 2816
12.782921 4.744295 2967.775148 2816
17.509100 4.726179 2979.150633 2816
22.311080 4.801980 2932.123615 2816
27.147937 4.836856 2910.981663 2816
31.844364 4.696427 2998.023666 2816
36.547587 4.703223 2993.691553 2816
41.058218 4.510630 3121.514933 2816
45.517408 4.459190 3157.523793 2816
50.138951 4.621543 3046.601622 2816
54.716626 4.577675 3075.797391 2816
59.225497 4.508871 3122.732672 2816
63.961437 4.735940 2973.010533 2816
68.721439 4.760002 2957.982063 2816
73.245013 4.523574 3112.583329 2816
77.815698 4.570685 3080.500826 2816
82.435061 4.619363 3048.039082 2816
87.197970 4.762909 2956.176651 2816
91.699195 4.501224 3128.037748 2816
96.389781 4.690586 3001.757242 2816
101.206677 4.652799 3026.135763 2816
106.094197 4.540319 3101.103569 2816
111.074222 4.520343 3114.807622 2816
115.963502 4.409624 3193.016015 2816
120.932440 4.378562 3215.667520 2816
126.067615 4.513737 3119.366546 2816
131.042718 4.488840 3136.667823 2816
136.117677 4.563799 3085.148893 2816
141.088465 4.534587 3105.023932 2816
146.012309 4.458431 3158.061761 2816
151.105028 4.551150 3093.723831 2816
156.076304 4.522426 3113.373126 2816
161.022745 4.468866 3150.687263 2816
166.108949 4.555071 3091.060516 2816
171.149241 4.595363 3063.958176 2816
176.211795 4.657917 3022.810350 2816
181.043652 4.489773 3136.015749 2816
186.170222 4.616344 3050.032724 2816
191.051238 4.497360 3130.725513 2816
196.114555 4.560676 3087.261361 2816
201.043037 4.489159 3136.445018 2816
206.004810 4.450932 3163.382652 2816
211.155459 4.601581 3059.818021 2816
216.126502 4.572623 3079.195207 2816
221.221697 4.667819 3016.398323 2816
226.090707 4.536828 3103.489696 2816
231.122210 4.568332 3082.087701 2816
236.029384 4.475505 3146.013486 2816
241.062225 4.508347 3123.096001 2816
246.211668 4.657790 3022.892983 2816
251.030770 4.476892 3145.038970 2816
256.136892 4.583014 3072.214306 2816
261.133149 4.579270 3074.725675 2816
266.095107 4.541229 3100.482420 2816
271.086408 4.532529 3106.433327 2816
276.146286 4.592407 3065.930167 2816
281.098195 4.544317 3098.375708 2816
286.033773 4.479895 3142.931083 3072
291.436668 4.882790 3145.742719 3072
296.438226 4.884347 3144.739506 3072
301.521229 4.967351 3092.191281 3072
306.511543 4.957665 3098.232863 3072
311.481165 4.927287 3117.334245 3072
316.595386 5.041508 3046.707326 3072
321.547968 4.952581 3101.412873 3072
326.516517 4.962639 3095.127685 3072
331.380556 4.826678 3182.312917 3072
336.395950 4.842072 3172.195737 3072
341.382809 4.828931 3180.828137 3072
346.431968 4.878089 3148.773776 3072
351.592712 5.038834 3048.324196 3072
356.621935 5.029223 3054.149727 3072
361.610949 4.989013 3078.765021 3072
366.684336 5.073387 3027.563370 3072
371.766378 5.082042 3022.406979 3072
376.821529 5.055151 3038.485089 3072
381.844369 5.022841 3058.030459 3072
386.762428 4.918059 3123.183265 3072
391.613404 4.850976 3166.373403 3072
396.665510 5.052106 3040.316208 3072
401.659421 4.993911 3075.745729 3072
406.534466 4.875045 3150.740210 3072
411.625796 5.071918 3028.440127 3072
416.445588 4.819792 3186.859826 3072
421.594933 5.041055 3046.981339 3072
426.695288 5.100354 3011.555390 3072
431.768204 5.072916 3027.844354 3072
436.678195 4.909991 3128.315151 3072
441.579414 4.901220 3133.913913 3072
446.412154 4.832739 3178.321553 3072
451.446400 4.892522 3139.485265 3072
456.484623 4.930745 3115.147937 3072
461.499474 4.945596 3105.793614 3072
466.534369 4.980490 3084.033740 3072
471.709649 5.155770 2979.186156 3072
476.678204 4.968556 3091.441734 3072
481.745953 5.067748 3030.931875 3072
486.707383 4.961430 3095.881449 3072
491.731413 5.024030 3057.306382 3072
496.759194 5.027780 3055.025998 3072
501.725044 4.965850 3093.125774 3072
506.928802 5.203758 2951.713122 3072
512.134938 5.206136 2950.364615 3072
517.295565 5.160627 2976.382467 3072
522.095200 4.799634 3200.243725 3072
527.030983 4.935783 3111.968250 3072
532.026050 4.995068 3075.033329 3072
537.126175 5.100125 3011.691120 3072
542.268087 5.141912 2987.215474 3072
547.180067 4.911980 3127.048828 3072
551.933918 4.753851 3231.064538 3072
556.854113 4.920195 3121.827367 3072
561.844782 4.990669 3077.743677 3072
566.893942 5.049160 3042.090388 3072
572.000232 5.106290 3008.054883 3072
576.450145 4.449913 3451.753049 3072
580.937345 4.383466 3504.076057 3072
585.906782 4.352903 3528.679231 3072
590.912199 4.358321 3524.293301 3072
595.889926 4.336048 3542.396148 3072
600.930845 4.376967 3509.279231 3072
605.905883 4.352004 3529.408177 3072
610.823770 4.269891 3597.281281 3072
615.881123 4.327245 3549.602637 3072
620.938853 4.384974 3502.871015 3072
625.909011 4.355133 3526.872645 3072
630.892854 4.338976 3540.006009 3072
635.882762 4.328884 3548.258547 3072
640.894464 4.340586 3538.693028 3072
645.896554 4.342676 3536.989462 3072
650.902247 4.348369 3532.359122 3072
655.927185 4.373306 3512.216808 3072
660.882723 4.328845 3548.290614 3072
665.911522 4.357644 3524.840615 3072
670.903123 4.349245 3531.647486 3072
675.899615 4.345737 3534.498660 3072
680.860479 4.306600 3566.618311 3072
685.909340 4.355461 3526.606911 3072
690.914643 4.360765 3522.318087 3072
695.871663 4.317785 3557.379756 3072
700.885705 4.331827 3545.848245 3072
705.925393 4.371515 3513.656146 3072
710.873413 4.319535 3555.938229 3072
715.905258 4.351380 3529.914972 3072
720.920539 4.366661 3517.561969 3072
725.899310 4.345432 3534.746665 3072
730.901836 4.347958 3532.692727 3072
735.904976 4.351097 3530.144017 3072
740.891112 4.337234 3541.427471 3072
745.934822 4.380944 3506.093779 3072
750.981872 4.427994 3468.839371 3072
755.994403 4.440525 3459.050277 3072
760.970420 4.416542 3477.834034 3072
765.993652 4.439774 3459.635670 3072
771.023387 4.469509 3436.619044 3072
776.023781 4.469903 3436.316165 3072
781.022572 4.468694 3437.246156 3072
786.017357 4.463479 3441.262152 3072
790.990874 4.436995 3461.802044 3072
796.007317 4.453438 3449.020486 3072
801.015416 4.461538 3442.759220 3072
806.029918 4.476039 3431.605132 3072
811.028387 4.474509 3432.778773 3072
816.050856 4.496978 3415.627267 3072
821.052620 4.498742 3414.287649 3072
826.065120 4.511241 3404.827767 3072
831.042666 4.488788 3421.859245 3072
836.068148 4.514270 3402.543837 3072
840.976561 4.422683 3473.004800 3072
845.996784 4.442906 3457.196987 3072
851.072801 4.518923 3399.040158 3072
856.041369 4.487491 3422.848069 3072
860.968944 4.415066 3478.997054 3072
866.069705 4.515827 3401.370698 3072
871.041163 4.487284 3423.005777 3072
876.106524 4.552646 3373.862144 3072
881.089866 4.535988 3386.252261 3072
885.997487 4.443608 3456.650343 3072
