# AndroidClient mimuroto
1.222266 0.128000  1.481564 0.128000 
1.531564 2.304000  5.380955 2.304000 
5.380955 2.816000  10.196962 2.816000 
10.196962 2.816000  14.856458 2.816000 
14.856458 2.816000  19.599106 2.816000 
19.599106 2.816000  24.336387 2.816000 
24.336387 2.816000  29.063324 2.816000 
29.063324 2.816000  33.873053 2.816000 
33.873053 2.816000  38.505316 2.816000 
38.505316 2.816000  42.954572 2.816000 
42.954572 2.816000  47.359256 2.816000 
47.359256 2.816000  51.844620 2.816000 
51.844620 2.816000  56.358544 2.816000 
56.358544 2.816000  60.948829 2.816000 
60.948829 2.816000  65.610433 2.816000 
65.610433 2.816000  70.271068 2.816000 
70.271068 2.816000  74.781406 2.816000 
74.781406 2.816000  79.338200 2.816000 
79.338200 2.816000  83.967503 2.816000 
83.967503 2.816000  88.681312 2.816000 
88.681312 2.816000  93.088320 2.816000 
93.088320 2.816000  97.759213 2.816000 
97.759213 2.816000  102.316656 2.816000 
102.316656 2.816000  106.422686 2.816000 
106.531564 2.816000  111.022529 2.816000 
111.531564 2.816000  116.010889 2.816000 
116.531564 2.816000  120.923554 2.816000 
121.531564 3.072000  126.174147 3.072000 
126.531564 3.072000  131.098360 3.072000 
131.531564 3.072000  136.296927 3.072000 
136.531564 3.072000  141.272124 3.072000 
141.531564 3.072000  146.180109 3.072000 
146.531564 3.072000  151.319298 3.072000 
151.531564 3.072000  156.234827 3.072000 
156.531564 3.072000  161.196781 3.072000 
161.531564 3.072000  166.335075 3.072000 
166.531564 3.072000  171.372494 3.072000 
171.531564 3.072000  176.343487 3.072000 
176.531564 3.072000  181.268262 3.072000 
181.531564 3.072000  186.326783 3.072000 
186.531564 3.072000  191.218931 3.072000 
191.531564 3.072000  196.304971 3.072000 
196.531564 3.072000  201.197854 3.072000 
201.531564 3.072000  206.312977 3.072000 
206.531564 3.072000  211.412116 3.072000 
211.531564 3.072000  216.405160 3.072000 
216.531564 3.072000  221.475694 3.072000 
221.531564 3.072000  226.459279 3.072000 
226.531564 3.072000  231.344457 3.072000 
231.531564 3.072000  236.401605 3.072000 
236.531564 3.072000  241.341319 3.072000 
241.531564 3.072000  246.454116 3.072000 
246.531564 3.072000  251.338753 3.072000 
251.531564 3.072000  256.344474 3.072000 
256.531564 3.072000  261.308421 3.072000 
261.531564 3.072000  266.259670 3.072000 
266.531564 3.072000  271.313793 3.072000 
271.531564 3.072000  276.370490 3.072000 
276.531564 3.072000  281.332293 3.072000 
281.531564 3.072000  286.324932 3.072000 
286.531564 3.072000  291.408823 3.072000 
291.531564 3.072000  296.425508 3.072000 
296.531564 3.072000  301.515765 3.072000 
301.531564 3.072000  306.505563 3.072000 
306.531564 3.072000  311.536563 3.072000 
311.536563 3.072000  316.502705 3.072000 
316.531564 3.072000  321.512725 3.072000 
321.531564 3.072000  326.399026 3.072000 
326.531564 3.072000  331.306517 3.072000 
331.531564 3.072000  336.400382 3.072000 
336.531564 3.072000  341.350484 3.072000 
341.531564 3.072000  346.354425 3.072000 
346.531564 3.072000  351.543357 3.072000 
351.543357 3.072000  356.513202 3.072000 
356.531564 3.072000  361.556873 3.072000 
361.556873 3.072000  366.659728 3.072000 
366.659728 3.072000  371.716143 3.072000 
371.716143 3.072000  376.775207 3.072000 
376.775207 3.072000  381.679002 3.072000 
381.679002 3.072000  386.581730 3.072000 
386.581730 3.072000  391.518179 3.072000 
391.531564 3.072000  396.702056 3.072000 
396.702056 3.072000  401.633703 3.072000 
401.633703 3.072000  406.547500 3.072000 
406.547500 3.072000  411.551493 3.072000 
411.551493 3.072000  416.469467 3.072000 
416.531564 3.072000  421.618471 3.072000 
421.618471 3.072000  426.669546 3.072000 
426.669546 3.072000  431.705303 3.072000 
431.705303 3.072000  436.602962 3.072000 
436.602962 3.072000  441.496744 3.072000 
441.531564 3.072000  446.475007 3.072000 
446.531564 3.072000  451.528925 3.072000 
451.531564 3.072000  456.431883 3.072000 
456.531564 3.072000  461.510631 3.072000 
461.531564 3.072000  466.587819 3.072000 
466.587819 3.072000  471.756822 3.072000 
471.756822 3.072000  476.732780 3.072000 
476.732780 3.072000  481.769024 3.072000 
481.769024 3.072000  486.790855 3.072000 
486.790855 3.072000  491.733492 3.072000 
491.733492 3.072000  496.810012 3.072000 
496.810012 3.072000  501.804206 3.072000 
501.804206 3.072000  506.986184 3.072000 
506.986184 3.072000  512.213676 3.072000 
512.213676 3.072000  517.423410 3.072000 
517.423410 3.072000  522.131290 3.072000 
522.131290 3.072000  527.032904 3.072000 
527.032904 3.072000  531.955855 3.072000 
531.955855 3.072000  536.941670 3.072000 
536.941670 3.072000  542.087005 3.072000 
542.087005 3.072000  546.904001 3.072000 
546.904001 3.072000  551.776934 3.072000 
551.776934 3.072000  556.500189 3.072000 
556.531564 3.072000  561.592999 3.072000 
561.592999 3.072000  566.681331 3.072000 
566.681331 3.072000  571.783948 3.072000 
571.783948 3.072000  576.265449 3.072000 
576.531564 3.072000  580.919825 3.072000 
581.531564 3.072000  585.902074 3.072000 
586.531564 3.072000  590.874615 3.072000 
591.531564 3.072000  595.853040 3.072000 
596.531564 3.072000  600.930615 3.072000 
601.531564 3.072000  605.858562 3.072000 
606.531564 3.072000  610.841025 3.072000 
611.531564 3.072000  615.880668 3.072000 
616.531564 3.072000  620.914345 3.072000 
621.531564 3.072000  625.905894 3.072000 
626.531564 3.072000  630.859127 3.072000 
631.531564 3.072000  635.864055 3.072000 
636.531564 3.072000  640.944363 3.072000 
641.531564 3.072000  645.872849 3.072000 
646.531564 3.072000  650.890246 3.072000 
651.531564 3.072000  655.927559 3.072000 
656.531564 3.072000  660.856534 3.072000 
661.531564 3.072000  665.879248 3.072000 
666.531564 3.072000  670.928671 3.072000 
671.531564 3.072000  675.884684 3.072000 
676.531564 3.072000  680.880802 3.072000 
681.531564 3.072000  685.899310 3.072000 
686.531564 3.072000  690.875281 3.072000 
691.531564 3.072000  695.873729 3.072000 
696.531564 3.072000  700.855712 3.072000 
701.531564 3.072000  705.830661 3.072000 
706.531564 3.072000  710.918386 3.072000 
711.531564 3.072000  715.920690 3.072000 
716.531564 3.072000  720.858711 3.072000 
721.531564 3.072000  725.887013 3.072000 
726.531564 3.072000  730.888662 3.072000 
731.531564 3.072000  735.912799 3.072000 
736.531564 3.072000  740.887072 3.072000 
741.531564 3.072000  745.935576 3.072000 
746.531564 3.072000  750.948954 3.072000 
751.531564 3.072000  755.979783 3.072000 
756.531564 3.072000  760.901200 3.072000 
761.531564 3.072000  765.990687 3.072000 
766.531564 3.072000  771.018981 3.072000 
771.531564 3.072000  776.016785 3.072000 
776.531564 3.072000  780.992533 3.072000 
781.531564 3.072000  786.036029 3.072000 
786.531564 3.072000  790.951670 3.072000 
791.531564 3.072000  796.009078 3.072000 
796.531564 3.072000  801.016699 3.072000 
801.531564 3.072000  805.985784 3.072000 
806.531564 3.072000  810.968459 3.072000 
811.531564 3.072000  816.032904 3.072000 
816.531564 3.072000  821.056163 3.072000 
821.531564 3.072000  826.012608 3.072000 
826.531564 3.072000  831.021856 3.072000 
831.531564 3.072000  836.059949 3.072000 
836.531564 3.072000  841.065008 3.072000 
841.531564 3.072000  846.071663 3.072000 
846.531564 3.072000  851.078993 3.072000 
851.531564 3.072000  856.086172 3.072000 
856.531564 3.072000  861.046189 3.072000 
861.531564 3.072000  866.064372 3.072000 
866.531564 3.072000  871.066611 3.072000 
871.531564 3.072000  876.015915 3.072000 
876.531564 3.072000  881.030086 3.072000 
881.531564 3.072000  886.036160 3.072000 
