10.000797 16748.013650
20.000963 19191.545487
30.001369 19061.008071
40.001725 17181.737656
50.001871 17624.526021
60.002041 17664.527148
70.002225 17146.392860
80.002268 17595.537582
90.002409 17046.685858
100.002857 16932.406217
110.003148 16991.575567
120.003865 15792.332214
130.003977 16123.522180
140.004393 16807.538485
150.004895 16827.885973
160.004936 16842.162026
170.005507 17023.374263
180.006054 17021.804679
190.006416 17315.410761
200.006816 17109.182389
210.007603 17092.569349
220.021865 17136.968214
230.022295 17089.236075
240.022391 17120.363027
250.022697 17074.600118
260.023025 17027.929494
270.023242 17247.905215
280.023853 17020.084396
290.024309 17139.381842
300.024548 16978.993991
310.025454 17074.450684
320.025779 17234.848679
330.025905 17009.390919
340.026316 17168.082693
350.033822 17031.183351
360.034386 17171.502312
370.034730 17146.461872
380.035061 17039.367532
390.035068 17093.042916
400.035291 17113.183852
410.035478 17119.731848
420.035579 17055.714943
430.035764 17062.058785
440.036292 17001.867218
450.036488 17239.979774
460.037597 16976.690683
470.038307 17191.237126
480.038454 17040.033835
490.040432 17090.548744
500.040715 17090.116546
510.040849 17050.749427
520.040888 17303.009357
530.041280 17616.025079
540.041730 17138.565877
550.042390 17588.557499
560.042505 17120.731411
570.043398 17315.380574
580.043701 18703.972401
590.043704 17278.005167
600.044001 17273.814143
610.044255 17305.796327
620.044498 17243.228221
630.044891 17260.151178
640.045037 17329.298863
650.046011 17340.135472
660.046521 17229.270439
670.046568 17315.971710
680.046813 17287.403240
690.047134 17229.595885
700.047198 17318.396304
710.047789 17249.991408
720.048700 17350.060997
730.049179 17202.326333
740.049810 17321.095795
750.050170 17293.340097
760.050399 17272.705088
770.050730 17564.902210
780.050912 17565.638532
790.051151 17724.318908
800.051877 17662.100590
810.051981 17740.511709
820.052189 17709.648034
830.052613 17719.850175
840.053529 17841.686439
850.053547 17842.062376
860.053649 18090.113138
870.054582 18199.814762
880.054634 18332.728993
893.007642 9066.610154
903.007642 1106.262400
913.007642 1382.873600
923.007642 1382.873600
933.007642 1521.179200
943.007642 1659.484800
953.007642 1797.699200
963.007642 1935.913600
973.007642 2212.524800
983.007642 2489.136000
993.007642 2765.564800
1003.007642 3180.481600
1013.007642 3457.001600
1023.007642 4010.132800
1033.007642 4424.867200
1043.007642 4977.998400
1053.007642 5531.129600
1063.007642 5531.129600
