# VLDDashClient mimuroto
1.181614 0.160423 3989.447022 3840
7.291419 6.109805 3142.489687 3072
11.009953 3.718534 4130.660625 3328
16.064464 5.054511 3292.108717 3328
26.050442 5.040489 3301.267047 3328
36.076871 5.066918 3284.047494 3328
41.172003 5.095132 3265.862144 3328
48.403886 7.231882 2300.922423 3072
53.287745 4.883860 3145.053521 3072
60.491765 7.087879 2167.079734 2816
65.995426 5.503661 2558.297254 2816
71.259654 5.264229 2674.655901 2816
76.945984 5.686330 2476.113853 2816
82.956695 6.010711 2342.484849 2816
89.390139 6.433444 2188.563459 2560
94.653425 5.263286 2431.940756 2560
99.992926 5.339500 2397.228020 2560
105.330213 5.337287 2398.222221 2560
109.953056 4.622844 2768.858418 2560
114.641129 4.310916 2969.206274 2560
119.435723 4.105510 3117.760982 2560
123.858198 3.527985 3628.132945 2560
128.912957 3.582744 3572.680222 2560
134.101814 3.771602 3393.783632 2816
140.068371 4.738158 2971.618889 2816
145.217979 4.887766 2880.661677 2816
150.316662 4.986449 2823.652705 2816
155.389840 5.059627 2782.813612 2816
160.454979 5.065139 2779.785291 2816
165.532338 5.077358 2773.095655 2816
170.588949 5.056611 2784.473370 2816
175.671169 5.082219 2770.443129 2816
180.754805 5.083636 2769.671170 2816
185.831100 5.076296 2773.676149 2816
190.931601 5.100500 2760.513435 2816
196.016193 5.084592 2769.150237 2816
201.098976 5.082783 2770.136069 2816
206.152182 5.053206 2786.349933 2816
211.206265 5.054084 2785.866015 2816
216.344691 5.138425 2740.139130 2816
221.487896 5.143206 2737.592138 2560
226.150499 4.662603 2745.247916 2560
231.177324 4.689428 2729.544008 2560
236.106432 4.618535 2771.441458 2560
241.082343 4.594446 2785.972315 2560
246.023572 4.535675 2822.071581 2560
251.017733 4.529836 2825.709086 2560
255.961543 4.473646 2861.200733 2560
261.091329 4.603433 2780.533551 2560
266.128622 4.640725 2758.189444 2560
271.167861 4.679964 2735.063555 2560
276.170210 4.682313 2733.691497 2560
281.192379 4.704482 2720.809600 2560
286.183925 4.696028 2725.707697 2560
291.166681 4.678784 2735.753421 2560
296.115698 4.627801 2765.892348 2560
301.165171 4.677275 2736.636371 2560
306.187141 4.699245 2723.841974 2560
311.170003 4.682106 2733.812389 2560
316.156427 4.668530 2741.762275 2560
321.215166 4.727270 2707.693936 2560
326.206433 4.718536 2712.705695 2560
331.168865 4.680968 2734.476876 2560
336.202253 4.714357 2715.110576 2560
341.200050 4.712153 2716.380272 2560
346.200076 4.712179 2716.365246 2560
351.175174 4.687277 2730.796302 2560
356.226200 4.738303 2701.388841 2560
361.159673 4.671777 2739.856952 2560
366.194104 4.706208 2719.811761 2560
371.187859 4.699963 2723.425685 2560
376.195086 4.707190 2719.244522 2560
381.169114 4.681218 2734.331383 2560
386.136281 4.648385 2753.644541 2560
391.156535 4.668639 2741.698509 2560
396.174736 4.686839 2731.051706 2560
401.180705 4.692809 2727.577678 2560
406.159536 4.671639 2739.937579 2560
411.158058 4.670161 2740.804612 2560
416.196344 4.708448 2718.517895 2560
421.198702 4.710805 2717.157504 2560
426.148837 4.660940 2746.226909 2560
431.167569 4.679673 2735.234045 2560
436.191810 4.703913 2721.138519 2560
441.165728 4.677831 2736.310741 2560
446.170738 4.682842 2733.383084 2560
451.174068 4.686172 2731.440502 2560
456.179518 4.691621 2728.267891 2560
461.220409 4.732512 2704.694405 2560
466.361329 4.873433 2626.485296 2560
471.275784 4.787887 2673.413088 2560
476.214590 4.726694 2708.024089 2560
481.173513 4.685616 2731.764356 2560
485.999338 4.511442 2837.230288 2560
491.073067 4.585170 2791.608540 2560
496.104168 4.616272 2772.800506 2560
501.165608 4.677711 2736.380906 2560
506.164848 4.676952 2736.825211 2560
511.205492 4.717596 2713.246365 2560
516.169588 4.681691 2734.054692 2560
521.236691 4.748794 2695.421065 2560
526.192114 4.704218 2720.962418 2560
531.222046 4.734149 2703.759146 2560
536.110789 4.622892 2768.829406 2560
541.170097 4.682200 2733.757455 2560
546.208693 4.720797 2711.406605 2560
551.018856 4.530960 2825.008364 2560
555.994931 4.507034 2840.005048 2560
560.939891 4.451995 2875.115742 2560
565.861586 4.373690 2926.590869 2560
570.901640 4.413743 2900.032682 2560
575.956952 4.469056 2864.139556 2560
581.020929 4.533032 2823.716868 2560
586.080514 4.592617 2787.081659 2560
591.143331 4.655434 2749.474933 2560
596.168467 4.680571 2734.709320 2560
601.188421 4.700524 2723.100421 2560
606.162181 4.674285 2738.386801 2560
611.180523 4.692626 2727.683616 2560
616.154418 4.666522 2742.942246 2560
621.164180 4.676284 2737.216129 2560
626.188893 4.700996 2722.827130 2560
631.098813 4.610916 2776.021038 2560
635.967307 4.479411 2857.518521 2560
640.931923 4.444026 2880.271099 2560
645.795113 4.307216 2971.757028 2560
650.711885 4.223988 3030.311483 2560
655.696293 4.208397 3041.538333 2560
660.695245 4.207348 3042.296233 2560
665.668867 4.180970 3061.490354 2560
670.644205 4.156308 3079.656169 2560
675.679075 4.191179 3054.033573 2560
680.677389 4.189492 3055.262908 2560
685.703940 4.216044 3036.021767 2560
690.646756 4.158860 3077.766753 2560
695.692310 4.204414 3044.419866 2560
700.661477 4.173580 3066.911323 2560
705.671545 4.183648 3059.530660 2560
710.665395 4.177499 3064.034512 2560
715.719786 4.231889 3024.653718 2560
720.690130 4.202234 3045.998983 2560
725.650183 4.162286 3075.233050 2560
730.643585 4.155688 3080.115383 2560
735.710726 4.222829 3031.143006 2560
740.674068 4.186171 3057.686806 2560
745.823320 4.335423 2952.422191 2560
750.882999 4.395103 2912.332483 2560
755.794666 4.306769 2972.065292 2560
760.902287 4.414390 2899.607561 2560
765.959163 4.471267 2862.723515 2560
771.004455 4.516558 2834.016413 2560
776.104798 4.616901 2772.422289 2560
781.193854 4.705958 2719.956298 2560
786.205147 4.717251 2713.444803 2560
791.172476 4.684580 2732.368744 2560
796.178429 4.690532 2728.901325 2560
801.199487 4.711590 2716.704907 2560
806.208162 4.720266 2711.711778 2560
811.071412 4.583515 2792.616416 2560
816.162998 4.675101 2737.908639 2560
821.192007 4.704110 2721.024534 2560
826.168850 4.680954 2734.485572 2560
831.186760 4.698863 2724.063200 2560
836.205993 4.718097 2712.958438 2560
841.191630 4.703734 2721.242473 2560
846.185788 4.697892 2724.626567 2560
851.190471 4.702575 2721.912975 2560
856.206756 4.718859 2712.519886 2560
861.205616 4.717720 2713.175178 2560
866.194657 4.706761 2719.492332 2560
871.162695 4.674799 2738.085814 2560
876.205063 4.717166 2713.493579 2560
881.199818 4.711922 2716.513698 2560
886.185923 4.698026 2724.548318 2560
891.214775 4.726879 2707.917954 2560
894.611510 3.123614 4097.817542 2560
897.729299 1.241402 10310.919777 2560
902.741661 1.253764 10209.255974 2816
907.873680 1.385783 10160.319602 2816
912.862598 1.374702 10242.223166 2816
