# AndroidClient mimuroto
1.229410 0.159057 4023.721257 3072
5.390671 4.161262 3691.188256 2816
10.300774 4.071364 3458.300264 2816
15.411159 4.181749 3367.012311 2560
19.763958 3.534548 3621.396569 2816
25.663265 4.433855 3175.565924 2560
29.599664 3.370254 3797.933097 2560
35.396118 4.166708 3071.969184 2560
40.640559 4.411149 2901.737999 2560
45.809024 4.579614 2794.995381 2560
50.843371 4.613961 2774.188914 2560
55.879676 4.650266 2752.530460 2304
60.681006 4.451596 2587.835836 2304
65.795368 4.565958 2523.019347 2304
70.712515 4.483105 2569.647628 2304
75.719678 4.490269 2565.548081 2304
80.717245 4.487836 2566.938914 2304
85.800136 4.570726 2520.387327 2304
90.852085 4.622676 2492.063278 2304
95.897705 4.668295 2467.710350 2304
100.892266 4.662856 2470.588829 2048
105.343235 4.113825 2489.167373 2048
110.235214 4.005804 2556.290591 2048
115.083059 3.853649 2657.221516 2048
119.946050 3.716640 2755.176675 2048
124.795485 3.566075 2871.504541 2048
129.800791 3.571381 2867.238278 2048
134.828699 3.599290 2845.005899 2048
139.907421 3.678011 2784.113318 2048
145.032425 3.803016 2692.599998 2048
150.111626 3.882216 2637.668753 2048
155.199530 3.970120 2579.267232 2048
160.212711 3.983301 2570.732128 2048
165.223170 3.993761 2563.999384 2048
170.202275 3.972865 2577.484855 2048
175.216042 3.986632 2568.583887 2048
180.220736 3.991326 2565.563275 2048
185.206706 3.977296 2574.613545 2048
190.233274 4.003864 2557.529442 2048
195.223166 3.993757 2564.002007 2048
200.223344 3.993934 2563.887935 2048
205.196653 3.967243 2581.137368 2048
210.200024 3.970614 2578.945998 2048
215.245904 4.016495 2549.486717 2048
220.219243 3.989834 2566.523105 2048
225.263535 4.034126 2538.344407 2048
230.202194 3.972784 2577.537487 2048
235.134314 3.904904 2622.343447 2048
240.177688 3.948278 2593.535512 2048
245.128178 3.898768 2626.470432 2048
250.143551 3.914141 2616.155231 2048
255.144790 3.915380 2615.326971 2048
260.228679 3.999269 2560.467849 2048
265.175615 3.946206 2594.897779 2048
270.196202 3.966792 2581.430989 2048
275.193587 3.964177 2583.133656 2048
280.210470 3.981061 2572.178829 2048
285.224365 3.994955 2563.232719 2048
290.178136 3.948726 2593.241485 2048
295.160834 3.931425 2604.653810 2048
300.192478 3.963069 2583.856410 2048
305.193543 3.964134 2583.162121 2048
310.190082 3.960673 2585.419489 2048
315.177020 3.947610 2593.974322 2048
320.213751 3.984342 2570.060818 2048
325.223983 3.994573 2563.477944 2048
330.171707 3.942298 2597.470126 2048
335.208250 3.978840 2573.614488 2048
340.213579 3.984169 2570.172232 2048
345.226591 3.997181 2561.805121 2048
350.207925 3.978515 2573.824640 2048
355.259685 4.030275 2540.769245 2048
360.193014 3.963604 2583.507253 2048
365.205505 3.976095 2575.390938 2048
370.211786 3.982377 2571.328893 2048
375.228060 3.998650 2560.864375 2048
380.191730 3.962321 2584.344138 2048
385.174313 3.944903 2595.754675 2048
390.180558 3.951149 2591.651366 2048
395.205706 3.976296 2575.260886 2048
400.202667 3.973258 2577.230267 2048
405.210863 3.981453 2571.925208 2048
410.211209 3.981799 2571.701629 2048
415.231408 4.001998 2558.722003 2048
420.232438 4.003028 2558.063500 2048
425.162430 3.933020 2603.597353 2048
430.212147 3.982738 2571.095727 2048
435.210647 3.981237 2572.064777 2048
440.183349 3.953939 2589.822225 2048
445.200536 3.971126 2578.613784 2048
450.181129 3.951719 2591.277361 2048
455.222125 3.992716 2564.670529 2048
460.264687 4.035278 2537.619699 2048
465.279232 4.049822 2528.506066 2048
470.289775 4.060366 2521.940344 2048
475.225399 3.995989 2562.569653 2048
480.166689 3.937280 2600.780440 2048
485.054287 3.824878 2677.209825 2048
490.098951 3.869542 2646.308251 2048
495.140511 3.911101 2618.188268 2048
500.198577 3.969168 2579.885980 2048
505.196924 3.967515 2580.960902 2048
510.227687 3.998278 2561.102725 2048
515.194186 3.964776 2582.743473 2048
520.257276 4.027866 2542.289006 2048
525.221558 3.992148 2565.034960 2048
530.219604 3.990194 2566.291225 2048
535.151782 3.922372 2610.665240 2048
540.188493 3.959083 2586.457260 2048
545.186412 3.957002 2587.817473 2048
550.156856 3.927447 2607.291955 2048
555.121138 3.891728 2631.221925 2048
560.066168 3.836758 2668.919983 2048
564.982705 3.753295 2728.269466 2048
569.928544 3.699134 2768.215324 2048
574.991443 3.762033 2721.932546 2048
580.062660 3.833251 2671.362044 2048
585.096739 3.867329 2647.822196 2048
590.175659 3.946249 2594.869227 2048
595.176972 3.947563 2594.005670 2048
600.192126 3.962716 2584.086325 2048
605.186361 3.956951 2587.851136 2048
610.205674 3.976265 2575.281361 2048
615.173330 3.943920 2596.401397 2048
620.206112 3.976702 2574.997813 2048
625.223832 3.994423 2563.574435 2048
630.232665 4.003255 2557.918643 2048
635.203764 3.974354 2576.519125 2048
640.228661 3.999251 2560.479255 2048
645.195012 3.965603 2582.205350 2048
650.195312 3.965902 2582.010260 2048
655.219000 3.989591 2566.679438 2048
660.211822 3.982413 2571.305579 2048
665.202573 3.973163 2577.291747 2048
670.190534 3.961124 2585.124900 2048
675.216145 3.986735 2568.517793 2048
680.204671 3.975261 2575.931271 2048
685.211819 3.982409 2571.307779 2048
690.185346 3.955936 2588.515062 2048
695.200340 3.970930 2578.741020 2048
700.178453 3.949043 2593.033280 2048
705.202334 3.972924 2577.446885 2048
710.200512 3.971102 2578.629164 2048
715.241506 4.012096 2552.281613 2048
720.210503 3.981093 2572.157629 2048
725.187399 3.957990 2587.172014 2048
730.178418 3.949008 2593.056352 2048
735.252068 4.022659 2545.580211 2048
740.204808 3.975398 2575.842649 2048
745.222205 3.992795 2564.619247 2048
750.191991 3.962582 2584.173849 2048
755.199455 3.970045 2579.315929 2048
760.202994 3.973585 2577.018203 2048
765.206390 3.976981 2574.817726 2048
770.190422 3.961012 2585.197627 2048
775.217816 3.988406 2567.441746 2048
780.230231 4.000822 2559.474285 2048
785.223289 3.993879 2563.923235 2048
790.213902 3.984492 2569.963650 2048
795.185553 3.956143 2588.379555 2048
800.209905 3.980496 2572.543903 2048
805.207930 3.978520 2573.821577 2048
810.185312 3.955903 2588.536866 2048
815.103317 3.873907 2643.326042 2048
820.209419 3.980009 2572.858440 2048
825.204114 3.974704 2576.292458 2048
830.213935 3.984525 2569.942275 2048
835.220936 3.991527 2565.434388 2048
840.211993 3.982583 2571.195755 2048
845.197539 3.968129 2580.561147 2048
850.193367 3.963957 2583.277040 2048
855.231488 4.002078 2558.670698 2048
860.228284 3.998874 2560.720619 2048
865.198159 3.968749 2580.157983 2048
870.172101 3.942691 2597.210839 2048
875.202233 3.972823 2577.512366 2048
880.239986 4.010576 2553.249058 2048
885.227197 3.997787 2561.416839 2048
890.209629 3.980219 2572.722603 2048
893.811844 2.582434 3965.251449 2048
