# AIMDClient mimuroto
1.327926 0.139587 4584.965259 256
1.595283 0.267357 4787.614868 384
1.939776 0.344493 5573.400221 512
7.114439 0.519156 4931.079980 640
12.273777 0.678494 4716.328050 768
17.478733 0.883450 4346.594042 896
22.603506 1.008223 4443.460715 1024
27.723648 1.128365 4537.537637 1280
33.368840 1.773557 3608.566963 1536
39.026571 2.431288 3158.819430 1792
44.561796 2.966514 3020.380354 1792
49.735985 3.140702 2852.865002 1792
54.601536 3.006254 2980.453720 1792
59.870422 3.275139 2735.761666 1792
64.932022 3.336739 2685.256102 1792
69.891199 3.295916 2718.515479 1792
74.886585 3.291302 2722.326851 1792
79.886579 3.291296 2722.331697 1792
84.925187 3.329905 2690.767743 1792
89.957592 3.362309 2664.835326 1792
94.979405 3.384122 2647.658372 1792
99.992390 3.397107 2637.538342 1792
105.109026 3.513744 2549.986837 1792
110.051372 3.456090 2592.525236 1792
114.899289 3.304007 2711.859058 1792
119.815231 3.219949 2782.652866 1792
124.721750 3.126467 2865.854512 1792
129.733513 3.138230 2855.112584 1792
134.763510 3.168227 2828.080003 1792
139.828657 3.233375 2771.098437 1792
144.824596 3.229314 2774.583270 1792
149.905448 3.310166 2706.813288 1792
154.994799 3.399516 2635.669095 1792
160.011728 3.416446 2622.608688 1792
165.007590 3.412308 2625.789000 1792
170.002896 3.407613 2629.406463 1792
175.008665 3.413382 2624.962481 1792
180.004226 3.408943 2628.380569 1792
184.997698 3.402416 2633.422964 1792
190.026799 3.431516 2611.090718 1792
195.016319 3.421037 2619.088979 1792
200.019136 3.423853 2616.934691 1792
204.990831 3.395549 2638.748769 1792
209.995999 3.400716 2634.739118 1792
215.029984 3.434701 2608.669574 1792
220.014530 3.419247 2620.460032 1792
225.058838 3.463556 2586.937000 1792
230.082301 3.487018 2569.530765 1792
235.061260 3.465977 2585.129345 1792
240.071716 3.476434 2577.353912 1792
245.045146 3.449864 2597.203916 1792
250.043378 3.448095 2598.536083 1792
255.037416 3.442133 2603.036956 1792
260.132592 3.537309 2532.998921 1792
265.070425 3.475142 2578.311859 1792
270.087895 3.492613 2565.414567 1792
275.089487 3.494205 2564.245815 1792
280.115006 3.519724 2545.654448 1792
285.122514 3.527232 2540.235785 1792
290.077427 3.482144 2573.127013 1792
295.059237 3.463955 2586.639008 1792
300.082890 3.487607 2569.096788 1792
305.102576 3.507294 2554.676258 1792
310.087562 3.492280 2565.659233 1792
315.070243 3.474961 2578.446314 1792
320.121558 3.526275 2540.924872 1792
325.114504 3.519221 2546.017656 1792
330.086225 3.490943 2566.641834 1792
335.108490 3.513207 2550.376166 1792
340.104298 3.509016 2553.422545 1792
345.119580 3.524297 2542.350855 1792
350.112097 3.516814 2547.760373 1792
355.150055 3.554773 2520.554955 1792
360.101457 3.506174 2555.492104 1792
365.101121 3.505839 2555.736507 1792
370.108764 3.513481 2550.177109 1792
375.131845 3.536562 2533.533909 1792
380.103081 3.507798 2554.308934 1792
385.076049 3.480767 2574.145438 1792
390.087631 3.492348 2565.609027 1792
395.108589 3.513306 2550.304442 1792
400.115813 3.520530 2545.071096 1792
405.106253 3.510970 2552.001187 1792
410.089204 3.493921 2564.453864 1792
415.125387 3.530104 2538.168617 1792
420.126670 3.531388 2537.246102 1792
425.078794 3.483512 2572.117100 1792
430.105755 3.510472 2552.363094 1792
435.114890 3.519608 2545.738213 1792
440.084387 3.489104 2567.994440 1792
445.099229 3.503946 2557.117074 1792
450.088258 3.492975 2565.148667 1792
455.115745 3.520463 2545.119865 1792
460.139568 3.544285 2528.013166 1792
465.173379 3.578096 2504.125031 1792
470.102040 3.506757 2555.067147 1792
475.093460 3.498177 2561.333928 1792
480.046259 3.450976 2596.366934 1792
484.968730 3.373447 2656.036829 1792
489.991066 3.395784 2638.566044 1792
495.024382 3.429099 2612.931301 1792
500.085241 3.489959 2567.365697 1792
505.077774 3.482492 2572.870453 1792
510.119336 3.524053 2542.526859 1792
515.098235 3.502952 2557.842539 1792
520.150983 3.555700 2519.897576 1792
525.121662 3.526379 2540.849867 1792
530.123315 3.528033 2539.659009 1792
535.030969 3.435687 2607.921242 1792
540.081040 3.485758 2570.459878 1792
545.080123 3.484840 2571.136490 1792
550.063495 3.468213 2583.463373 1792
555.026985 3.431702 2610.949220 1792
559.969175 3.373893 2655.686223 1792
564.892468 3.297185 2717.469306 1792
569.835687 3.240404 2765.087175 1792
574.883336 3.288053 2725.016884 1792
579.933969 3.338687 2683.689958 1792
584.991741 3.396459 2638.041659 1792
590.068829 3.473547 2579.496062 1792
595.088388 3.493106 2565.052523 1792
600.117428 3.522145 2543.904037 1792
605.086518 3.491236 2566.426581 1792
610.108250 3.512967 2550.550233 1792
615.076310 3.481027 2573.953061 1792
620.088983 3.493701 2564.615779 1792
625.123837 3.528554 2539.283751 1792
630.145353 3.550071 2523.893342 1792
635.121911 3.526628 2540.670523 1792
640.142347 3.547065 2526.032271 1792
645.120090 3.524807 2541.982790 1792
650.107837 3.512555 2550.850099 1792
655.144495 3.549213 2524.503600 1792
660.129932 3.534649 2534.905019 1792
665.107654 3.512371 2550.983386 1792
670.105527 3.510245 2552.528527 1792
675.125788 3.530506 2537.879998 1792
680.109205 3.513922 2549.857161 1792
685.132712 3.537429 2532.912883 1792
690.099949 3.504667 2556.591271 1792
695.116849 3.521567 2544.322120 1792
700.108533 3.513250 2550.344863 1792
705.117643 3.522361 2543.748423 1792
710.139814 3.544532 2527.837308 1792
715.154962 3.559679 2517.080574 1792
720.127082 3.531799 2536.950659 1792
725.118389 3.523107 2543.209822 1792
730.103746 3.508464 2553.824308 1792
735.164309 3.569027 2510.488262 1792
740.130143 3.534861 2534.753420 1792
745.112931 3.517648 2547.156330 1792
750.093135 3.497852 2561.571902 1792
755.110941 3.515658 2548.598309 1792
760.096496 3.501213 2559.112983 1792
765.104884 3.509602 2552.996276 1792
770.101364 3.506082 2555.559462 1792
775.098920 3.503637 2557.342235 1792
780.126221 3.530939 2537.568791 1792
785.121725 3.526443 2540.804147 1792
790.113786 3.518504 2546.537155 1792
795.096879 3.501596 2558.833034 1792
800.129471 3.534188 2535.235682 1792
805.112841 3.517558 2547.221412 1792
810.097946 3.502663 2558.053586 1792
815.112587 3.517304 2547.405455 1792
820.100573 3.505290 2556.136528 1792
825.109296 3.514013 2549.791308 1792
830.112700 3.517418 2547.323328 1792
835.117817 3.522534 2543.623066 1792
840.118892 3.523609 2542.847091 1792
845.117142 3.521860 2544.110354 1792
850.107884 3.512602 2550.815890 1792
855.117713 3.522430 2543.698282 1792
860.119173 3.523890 2542.644371 1792
865.115657 3.520375 2545.183688 1792
870.084421 3.489138 2567.969223 1792
875.108864 3.513582 2550.104350 1792
880.133752 3.538470 2532.167940 1792
885.111545 3.516262 2548.160259 1792
890.104970 3.509688 2552.933557 1792
