# AIMDClient mimuroto
1.385332 0.149716 4274.748362 256
1.610450 0.225118 5685.895172 384
1.956225 0.345774 5552.753074 512
7.123993 0.513543 4984.978559 640
12.286880 0.676430 4730.721418 768
17.490964 0.880514 4361.090941 896
22.613821 1.003371 4464.948822 1024
27.730833 1.120383 4569.865030 1280
33.385900 1.775450 3604.720371 1536
39.039578 2.429128 3161.628583 1792
44.587102 2.976652 3010.093131 1792
49.751549 3.141098 2852.505267 1792
54.622369 3.011919 2974.847877 1792
59.889054 3.278604 2732.870579 1792
64.946533 3.336083 2685.784197 1792
69.908335 3.297885 2716.892625 1792
74.902164 3.291714 2721.986224 1792
79.902167 3.291717 2721.984073 1792
84.944136 3.333686 2687.716028 1792
89.974499 3.364049 2663.456760 1792
94.998208 3.387758 2644.816740 1792
100.009026 3.398575 2636.398785 1792
105.127031 3.516581 2547.929394 1792
110.063459 3.453009 2594.838491 1792
114.909704 3.299254 2715.765566 1792
119.828479 3.218029 2784.313197 1792
124.736541 3.126091 2866.199329 1792
129.747674 3.137224 2856.028571 1792
134.783071 3.172621 2824.163795 1792
139.844573 3.234123 2770.457424 1792
144.843513 3.233063 2771.365939 1792
149.920696 3.310246 2706.747624 1792
155.011727 3.401277 2634.304492 1792
160.034855 3.424405 2616.513067 1792
165.023218 3.412768 2625.435011 1792
170.017951 3.407501 2629.492907 1792
175.028391 3.417940 2621.461704 1792
180.022274 3.411824 2626.161604 1792
185.013751 3.403301 2632.738021 1792
190.041094 3.430644 2611.754618 1792
195.034479 3.424029 2616.800535 1792
200.038540 3.428090 2613.700505 1792
205.007235 3.396785 2637.788698 1792
210.012546 3.402096 2633.670327 1792
215.049244 3.438794 2605.564596 1792
220.034219 3.423769 2616.999219 1792
225.086309 3.475859 2577.780122 1792
230.099592 3.489142 2567.966613 1792
235.077255 3.466805 2584.512110 1792
240.086576 3.476125 2577.582471 1792
245.063839 3.453389 2594.552628 1792
250.060478 3.450028 2597.080144 1792
255.053277 3.442827 2602.512783 1792
260.153417 3.542967 2528.953794 1792
265.086024 3.475574 2577.991511 1792
270.104100 3.493650 2564.653358 1792
275.109048 3.498598 2561.026035 1792
280.134579 3.524129 2542.472264 1792
285.141768 3.531318 2537.296422 1792
290.093547 3.483097 2572.423209 1792
295.075949 3.465499 2585.486298 1792
300.105549 3.495099 2563.589727 1792
305.123121 3.512671 2550.765557 1792
310.105891 3.495441 2563.339243 1792
315.093033 3.482583 2572.802806 1792
320.135189 3.524739 2542.032547 1792
325.131340 3.520890 2544.811196 1792
330.102193 3.491743 2566.054024 1792
335.122508 3.512058 2551.210517 1792
340.124718 3.514268 2549.606178 1792
345.137264 3.526814 2540.536465 1792
350.126936 3.516486 2547.998379 1792
355.166928 3.556478 2519.346643 1792
360.116208 3.505758 2555.795499 1792
365.118853 3.508403 2553.868611 1792
370.127485 3.517035 2547.600478 1792
375.148560 3.538110 2532.425347 1792
380.116308 3.505858 2555.722586 1792
385.094170 3.483720 2571.963630 1792
390.104503 3.494053 2564.357191 1792
395.122984 3.512534 2550.864943 1792
400.132969 3.522519 2543.634108 1792
405.121009 3.510558 2552.300512 1792
410.105108 3.494657 2563.913657 1792
415.143151 3.532701 2536.302791 1792
420.138365 3.527915 2539.743648 1792
425.088701 3.478251 2576.007403 1792
430.122751 3.512301 2551.034184 1792
435.127190 3.516739 2547.814618 1792
440.105964 3.495514 2563.285456 1792
445.113303 3.502853 2557.914997 1792
450.100944 3.490494 2566.971626 1792
455.125556 3.515106 2548.998857 1792
460.155167 3.544717 2527.705376 1792
465.189975 3.579524 2503.125797 1792
470.120175 3.509725 2552.906339 1792
475.105223 3.494773 2563.829103 1792
480.059307 3.448857 2597.962264 1792
484.988491 3.378041 2652.424997 1792
490.014285 3.403835 2632.324952 1792
495.036729 3.426278 2615.082302 1792
500.103121 3.492671 2565.372129 1792
505.093983 3.483533 2572.101521 1792
510.136912 3.526462 2540.790517 1792
515.116040 3.505589 2555.918246 1792
520.162566 3.552115 2522.440573 1792
525.134493 3.524043 2542.534143 1792
530.140892 3.530441 2537.926243 1792
535.040779 3.430329 2611.994594 1792
540.100381 3.489931 2567.386243 1792
545.097828 3.487378 2569.265561 1792
550.076378 3.465928 2585.166390 1792
555.042973 3.432523 2610.324974 1792
559.975588 3.365138 2662.594840 1792
564.903531 3.293081 2720.856386 1792
569.846593 3.236143 2768.728123 1792
574.896578 3.286128 2726.613226 1792
579.950526 3.340076 2682.573749 1792
585.011470 3.401020 2634.503916 1792
590.082396 3.471946 2580.685143 1792
595.100128 3.489678 2567.572373 1792
600.137924 3.527474 2540.061279 1792
605.101920 3.491470 2566.254175 1792
610.119717 3.509267 2553.240084 1792
615.092861 3.482411 2572.930112 1792
620.103034 3.492584 2565.435908 1792
625.140853 3.530403 2537.954228 1792
630.157808 3.547358 2525.823399 1792
635.137622 3.527172 2540.278879 1792
640.156910 3.546460 2526.462761 1792
645.135034 3.524583 2542.144368 1792
650.123461 3.513011 2550.518904 1792
655.156523 3.546073 2526.738652 1792
660.141471 3.531021 2537.509524 1792
665.118625 3.508175 2554.034570 1792
670.124221 3.513771 2549.967275 1792
675.140037 3.529586 2538.541027 1792
680.124549 3.514099 2549.729056 1792
685.143470 3.533020 2536.073759 1792
690.111849 3.501399 2558.977442 1792
695.130005 3.519555 2545.776566 1792
700.120432 3.509982 2552.719819 1792
705.132903 3.522453 2543.682176 1792
710.150061 3.539611 2531.351367 1792
715.167189 3.556739 2519.161554 1792
720.139585 3.529135 2538.866098 1792
725.129784 3.519333 2545.936617 1792
730.118763 3.508312 2553.934418 1792
735.176656 3.566206 2512.474220 1792
740.143883 3.533433 2535.777678 1792
745.126402 3.515952 2548.385445 1792
750.110403 3.499953 2560.034275 1792
755.120023 3.509573 2553.017300 1792
760.117016 3.506566 2555.206245 1792
765.121081 3.510631 2552.247999 1792
770.120405 3.509955 2552.739116 1792
775.115263 3.504813 2556.484228 1792
780.142877 3.532427 2536.499487 1792
785.138176 3.527726 2539.879588 1792
790.131798 3.521348 2544.480262 1792
795.114947 3.504497 2556.714735 1792
800.143582 3.533132 2535.993702 1792
805.127889 3.517438 2547.308228 1792
810.111877 3.501427 2558.956534 1792
815.125717 3.515267 2548.881522 1792
820.119140 3.508690 2553.659400 1792
825.122454 3.512004 2551.249920 1792
830.128180 3.517730 2547.097020 1792
835.132132 3.521682 2544.238839 1792
840.135504 3.525054 2541.804931 1792
845.134475 3.524025 2542.547180 1792
850.124632 3.514182 2549.668708 1792
855.130883 3.520433 2545.141254 1792
860.132845 3.522395 2543.723576 1792
865.133005 3.522555 2543.608116 1792
870.100572 3.490122 2567.245676 1792
875.124067 3.513617 2550.078533 1792
880.147320 3.536870 2533.313524 1792
885.131705 3.521255 2544.547674 1792
890.126311 3.515861 2548.450923 1792
