# AndroidClient mimuroto
1.394365 0.149591 4278.320415 3328
5.880952 4.486586 3708.833091 2816
10.474886 4.080521 3450.539690 2816
15.640355 4.245990 3316.069903 2560
19.925649 3.531284 3624.744148 2816
25.901948 4.507582 3123.625640 2560
29.755861 3.361496 3807.828479 2560
35.617664 4.223299 3030.806191 2560
40.760105 4.365740 2931.920090 2560
46.046879 4.652513 2751.201211 2560
50.962515 4.568150 2802.009552 2560
56.134296 4.739931 2700.461399 2304
60.858297 4.463931 2580.684900 2304
65.946327 4.551962 2530.776836 2304
70.884630 4.490265 2565.550261 2304
75.882673 4.488307 2566.669116 2304
80.883653 4.489287 2566.108961 2304
85.972580 4.578215 2516.264598 2304
91.030145 4.635780 2485.018947 2304
96.056996 4.662631 2470.708121 2304
101.060374 4.666009 2468.919552 2048
105.507217 4.112851 2489.756854 2048
110.345902 3.951536 2591.397123 2048
115.198366 3.804000 2691.902934 2048
120.066729 3.672363 2788.395107 2048
124.946069 3.551704 2883.123247 2048
129.964704 3.570339 2868.075175 2048
134.990967 3.596602 2847.132167 2048
140.108845 3.714480 2756.779165 2048
145.196070 3.801704 2693.528882 2048
150.279699 3.885334 2635.552385 2048
155.363762 3.969397 2579.737011 2048
160.376731 3.982366 2571.335820 2048
165.389188 3.994822 2563.318083 2048
170.362550 3.968184 2580.525317 2048
175.379280 3.984915 2569.691112 2048
180.381188 3.986822 2568.461515 2048
185.379582 3.985216 2569.496740 2048
190.403899 4.009533 2553.913256 2048
195.388757 3.994391 2563.594684 2048
200.387585 3.993220 2564.346729 2048
205.365057 3.970691 2578.896001 2048
210.379143 3.984777 2569.779772 2048
215.410377 4.016012 2549.793315 2048
220.384253 3.989888 2566.488082 2048
225.437401 4.043036 2532.750413 2048
230.425740 4.031375 2540.076365 2048
235.393993 3.999628 2560.238193 2048
240.404910 4.010545 2553.269161 2048
245.373113 3.978748 2573.674017 2048
250.385895 3.991529 2565.432671 2048
255.378775 3.984409 2570.017020 2048
260.467895 4.073530 2513.790435 2048
265.410320 4.015954 2549.829732 2048
270.421564 4.027199 2542.710180 2048
275.436853 4.042488 2533.093592 2048
280.465350 4.070985 2515.361686 2048
285.459716 4.065350 2518.848050 2048
290.426774 4.032408 2539.425295 2048
295.396347 4.001982 2558.732357 2048
300.438656 4.044291 2531.964320 2048
305.441902 4.047537 2529.933935 2048
310.427434 4.033068 2539.009896 2048
315.415509 4.021144 2546.539121 2048
320.456453 4.062087 2520.871470 2048
325.463516 4.069150 2516.495898 2048
330.419338 4.024973 2544.116698 2048
335.447375 4.053009 2526.517652 2048
340.466317 4.071951 2514.764908 2048
345.465454 4.071088 2515.297825 2048
350.445236 4.050870 2527.851936 2048
355.499896 4.105531 2494.196402 2048
360.425700 4.031335 2540.101477 2048
365.447856 4.053491 2526.217528 2048
370.441451 4.047086 2530.215512 2048
375.470418 4.076052 2512.234769 2048
380.428551 4.034186 2538.306518 2048
385.402736 4.008370 2554.654135 2048
390.422348 4.027982 2542.215639 2048
395.452902 4.058536 2523.077166 2048
400.447662 4.053297 2526.338684 2048
405.440145 4.045780 2531.032642 2048
410.431145 4.036779 2536.675731 2048
415.461085 4.066720 2517.999865 2048
420.467763 4.073398 2513.871706 2048
425.413597 4.019232 2547.750507 2048
430.453420 4.059055 2522.754845 2048
435.446941 4.052575 2526.788321 2048
440.433046 4.038680 2535.481604 2048
445.441951 4.047586 2529.903014 2048
450.427755 4.033390 2538.807539 2048
455.447816 4.053451 2526.242467 2048
460.487005 4.092640 2502.052505 2048
465.527530 4.133164 2477.520643 2048
470.486657 4.092291 2502.265740 2048
475.451400 4.057034 2524.011289 2048
480.403555 4.009190 2554.132049 2048
485.271892 3.877527 2640.858714 2048
490.324207 3.929841 2605.703253 2048
495.366390 3.972025 2578.030287 2048
500.423668 4.029302 2541.382834 2048
505.424892 4.030527 2540.610892 2048
510.465796 4.071431 2515.086200 2048
515.437658 4.043292 2532.589616 2048
520.497370 4.103005 2495.731822 2048
525.455309 4.060943 2521.581698 2048
530.458983 4.064617 2519.302346 2048
535.376996 3.982630 2571.165084 2048
540.421752 4.027386 2542.591847 2048
545.433370 4.039004 2535.278265 1792
549.796397 3.402031 2633.720648 1792
554.763211 3.368845 2659.664984 1792
559.713865 3.319500 2699.201670 1792
564.637235 3.242870 2762.984868 2048
570.162657 3.768292 2717.411603 2048
575.228338 3.833973 2670.858815 2048
580.292290 3.897925 2627.038689 2048
585.345808 3.951443 2591.458525 2048
590.412596 4.018230 2548.385445 2048
595.418642 4.024276 2544.556846 2048
600.440882 4.046517 2530.571584 2048
605.424748 4.030382 2540.702016 2048
610.444102 4.049737 2528.559554 2048
615.422072 4.027707 2542.389633 2048
620.425813 4.031448 2540.030583 2048
625.457332 4.062967 2520.325699 1792
629.842763 3.448398 2598.308073 1792
634.805804 3.411438 2626.458299 1792
639.847062 3.452696 2595.073348 1792
644.807539 3.413174 2625.122906 1792
649.818061 3.423696 2617.054967 1792
654.836760 3.442394 2602.839638 1792
659.824230 3.429865 2612.347943 1792
664.803394 3.409029 2628.314306 1792
669.820124 3.425758 2615.479338 1792
674.837722 3.443357 2602.112177 1792
679.821416 3.427051 2614.492662 1792
684.824064 3.429699 2612.474413 1792
689.826905 3.432540 2610.312232 1792
694.815077 3.420712 2619.338030 1792
699.808037 3.413671 2624.740021 1792
704.821539 3.427174 2614.399031 1792
709.834787 3.440422 2604.331601 1792
714.846078 3.451713 2595.812855 1792
719.830235 3.435870 2607.781945 1792
724.821819 3.427453 2614.185792 1792
729.802540 3.408175 2628.973108 1792
734.855565 3.461199 2588.698163 1792
739.831331 3.436966 2606.950505 2048
745.391088 3.996723 2562.099148 2048
750.417501 4.023135 2545.278489 1792
754.805999 3.411634 2626.307670 2048
760.422619 4.028254 2542.044424 2048
765.436018 4.041653 2533.616741 2048
770.432527 4.038161 2535.807552 2048
775.444394 4.050029 2528.376901 2048
780.465988 4.071623 2514.967683 2048
785.471039 4.076674 2511.851789 2048
790.453044 4.058678 2522.988912 2048
795.439094 4.044729 2531.690141 2048
800.451625 4.057260 2523.870983 2048
805.456442 4.062077 2520.878091 1792
809.801005 3.406640 2630.157614 2048
815.410933 4.016568 2549.440196 2048
820.457610 4.063244 2520.153684 2048
825.444250 4.049884 2528.467368 2048
830.458858 4.064493 2519.379517 2048
835.456266 4.061901 2520.987049 2048
840.461545 4.067180 2517.715067 2048
845.453446 4.059081 2522.738753 2048
850.452026 4.057660 2523.621866 2048
855.458546 4.064181 2519.572760 2048
860.458990 4.064625 2519.297612 2048
865.466287 4.071922 2514.782946 2048
870.416756 4.022391 2545.749711 2048
875.462523 4.068158 2517.109833 2048
880.467133 4.072767 2514.261103 2048
885.458697 4.064332 2519.479524 2048
890.453658 4.059293 2522.607063 2048
894.060431 2.666065 3840.866238 2048
