# AndroidClient mimuroto
1.404433 0.344585 1857.307624 1280
3.612740 2.208307 2898.147269 2048
9.815226 3.410793 3002.234577 2304
15.311301 3.906868 2948.653432 2304
20.399951 3.995518 2883.230637 2304
25.464712 4.060279 2837.243164 2304
30.615913 4.211480 2735.380561 2048
35.329333 3.924900 2608.983378 2048
40.423190 4.018757 2548.051548 2048
45.523356 4.118923 2486.086769 2048
50.535573 4.131140 2478.734442 2048
55.535426 4.130993 2478.823033 2048
60.484864 4.080431 2509.538553 2048
65.427798 4.023365 2545.133354 2048
70.360929 3.956496 2588.148652 2048
75.316774 3.912342 2617.358399 2048
80.300954 3.896521 2627.985406 2048
85.283781 3.879348 2639.618673 2048
90.275250 3.870817 2645.436181 2048
95.393359 3.988927 2567.106694 2048
100.487833 4.083400 2507.714232 2048
105.449577 4.045144 2531.430060 2048
110.451473 4.047040 2530.244442 2048
115.415086 4.010653 2553.200079 2048
120.368903 3.964470 2582.942735 2048
125.352062 3.947629 2593.961964 2048
130.408337 4.003904 2557.503857 2048
135.449681 4.045248 2531.365157 2048
140.435717 4.031284 2540.133727 2048
145.386310 3.981877 2571.651592 2048
150.387655 3.983222 2570.783097 2048
155.343378 3.938945 2599.680957 2048
160.439503 4.035070 2537.750234 2048
165.409237 4.004804 2556.929155 2048
170.454220 4.049787 2528.527882 2048
175.390416 3.985983 2569.002246 2048
180.343816 3.939383 2599.391641 2048
185.348048 3.943615 2596.602162 2048
190.444716 4.040283 2534.475838 2048
195.429440 4.025007 2544.094890 2048
200.473614 4.069181 2516.476638 2048
205.369930 3.965497 2582.273971 2048
210.325094 3.920661 2611.804544 2048
215.460906 4.056473 2524.360568 2048
220.454639 4.050206 2528.266544 2048
225.462214 4.057781 2523.546925 2048
230.392963 3.988530 2567.361626 2048
235.321357 3.916924 2614.296212 2048
240.311591 3.907158 2620.830579 2048
245.297328 3.892896 2630.432747 2048
250.277661 3.873228 2643.789657 2048
255.254274 3.849841 2659.850050 2048
260.399734 3.995301 2563.010693 2048
265.497369 4.092936 2501.871418 2048
270.485584 4.081151 2509.095799 2048
275.437358 4.032925 2539.100214 2048
280.411744 4.007311 2555.329240 2048
285.352067 3.947634 2593.958800 2048
290.277391 3.872959 2643.973484 2048
295.338751 3.934318 2602.738420 2048
300.385574 3.981141 2572.126768 2048
305.475565 4.071133 2515.270520 2048
310.480127 4.075694 2512.455624 2048
315.385324 3.980892 2572.288080 2048
320.304158 3.899725 2625.826267 2048
325.187688 3.783255 2706.663626 2048
330.242904 3.838471 2667.728991 2048
335.317604 3.913171 2616.803463 2048
340.430510 4.026077 2543.418775 2048
345.425267 4.020835 2546.734941 2048
350.459080 4.054648 2525.496875 2048
355.440812 4.036380 2536.926895 2048
360.469796 4.065363 2518.840418 2048
365.473472 4.069039 2516.564803 2048
370.320411 3.915978 2614.927917 2048
375.247557 3.843124 2664.499151 2048
380.127765 3.723332 2750.224763 2048
385.004231 3.599798 2844.603716 2048
390.064433 3.660000 2797.814093 2048
395.138870 3.734438 2742.046031 2048
400.194802 3.790369 2701.583828 2048
405.297042 3.892609 2630.626283 2048
410.374421 3.969988 2579.353021 2048
415.410073 4.005640 2556.395431 2048
420.424706 4.020273 2547.090425 2048
425.445385 4.040952 2534.056130 2048
430.450494 4.046061 2530.856641 2048
435.421014 4.016582 2549.431628 2048
440.484715 4.080282 2509.630362 2048
445.425486 4.021053 2546.596451 2048
450.449654 4.045221 2531.382221 2048
455.405515 4.001082 2559.307846 2048
460.428408 4.023976 2544.747010 2048
465.391654 3.987221 2568.204475 2048
470.429160 4.024727 2544.271833 2048
475.413380 4.008947 2554.286848 2048
480.443543 4.039110 2535.211813 2048
485.493761 4.089329 2504.078566 2048
490.465029 4.060596 2521.797171 2048
495.414763 4.010330 2553.405848 2048
500.305529 3.901096 2624.903268 2048
505.291404 3.886971 2634.441825 2048
510.197270 3.792837 2699.826077 2048
515.142381 3.737949 2739.470586 2048
520.050432 3.645999 2808.558329 2048
524.978502 3.574070 2865.081330 2048
530.078437 3.674004 2787.150038 2048
535.126210 3.721777 2751.374007 2048
540.208627 3.804194 2691.765740 2048
545.249696 3.845263 2663.016998 2048
550.308416 3.903983 2622.962256 2048
555.401070 3.996637 2562.154205 2048
560.448546 4.044113 2532.075832 2048
565.542728 4.138295 2474.448997 2048
570.487784 4.083352 2507.743879 2048
575.513528 4.109095 2492.033007 2048
580.497325 4.092892 2501.898261 2048
585.559359 4.154926 2464.544384 2048
590.520238 4.115806 2487.969811 2048
595.497626 4.093193 2501.714283 2048
600.512170 4.107737 2492.856558 2048
605.502429 4.097996 2498.782400 2048
610.488835 4.084402 2507.098938 2048
615.491378 4.086945 2505.538890 2048
620.500520 4.096087 2499.947069 2048
625.521430 4.116997 2487.249997 2048
630.509200 4.104767 2494.660445 2048
635.493136 4.088703 2504.461787 2048
640.522107 4.117674 2486.840710 2048
645.541207 4.136775 2475.358495 2048
650.510566 4.106133 2493.830295 2048
655.511499 4.107066 2493.263884 2048
660.468652 4.064220 2519.548902 2048
665.486752 4.082319 2508.378202 2048
670.502041 4.097608 2499.018755 2048
675.527350 4.122918 2483.678098 2048
680.514305 4.109872 2491.561551 2048
685.476266 4.071833 2514.838084 2048
690.501959 4.097526 2499.068893 2048
695.531337 4.126904 2481.278699 2048
700.484383 4.079950 2509.834645 2048
705.495361 4.090928 2503.099261 2048
710.513033 4.108600 2492.333222 2048
715.535373 4.130940 2478.854583 2048
720.522523 4.118090 2486.589483 2048
725.533341 4.128908 2480.074619 2048
730.518123 4.113690 2489.249402 2048
735.513358 4.108925 2492.136032 2048
740.503028 4.098595 2498.417039 2048
745.515306 4.110873 2490.955212 2048
750.519625 4.115193 2488.340421 2048
755.494812 4.090379 2503.435271 1792
760.132255 3.727822 2403.547993 1792
765.118919 3.714486 2412.177802 1792
770.123275 3.718842 2409.352116 1792
775.118379 3.713947 2412.527983 1792
780.086690 3.682257 2433.290259 1792
785.160092 3.755659 2385.733183 1792
790.121232 3.716799 2410.676244 1792
795.133931 3.729499 2402.467716 1792
800.118945 3.714512 2412.160562 1792
805.111846 3.707413 2416.779420 1792
810.123264 3.718831 2409.359333 1792
815.099830 3.695397 2424.637799 1792
820.118679 3.714247 2412.333152 1792
825.112320 3.707887 2416.470376 1792
830.112147 3.707714 2416.583302 1792
835.113567 3.709134 2415.658100 1792
840.130021 3.725589 2404.989166 1792
845.122417 3.717984 2409.908340 1792
850.113409 3.708976 2415.761226 1792
855.132743 3.728310 2403.233405 1792
860.113544 3.709111 2415.673158 1792
865.128238 3.723805 2406.141105 1792
870.087938 3.683505 2432.465695 1792
875.150781 3.746348 2391.662581 1792
880.123557 3.719124 2409.169149 1792
885.146261 3.741828 2394.551514 1792
890.126787 3.722354 2407.078902 1792
895.093102 3.688669 2429.060233 1792
