# AndroidClient mimuroto
63.316470 0.213254 3001.118448 2816
64.939045 1.572575 8953.467636 5120
66.478276 1.539231 16631.682241 5120
69.300536 2.822260 9070.745624 5120
72.570835 3.270299 7828.029790 5120
76.775785 3.409315 7508.839825 5120
81.012434 2.645964 9675.111315 5120
85.551029 2.184559 11718.612206 5120
90.525556 2.159086 11856.870485 5120
96.244280 2.877810 8895.654075 5120
105.195608 6.829138 3748.642906 5120
110.929661 5.734053 4464.556059 5120
116.807472 5.877811 4355.362654 5120
122.723181 5.915709 4327.460861 5120
128.539404 5.816223 4401.482001 5120
134.976999 6.437595 3976.640563 5120
141.281978 6.304979 4060.283095 5120
147.000533 5.718555 4476.655479 5120
153.345570 6.345037 4034.649388 5120
159.907282 6.561712 3901.420981 5120
167.575191 7.617909 3360.502115 5120
174.589513 6.964322 3675.878465 5120
182.454900 7.815387 3275.589393 5120
189.596614 7.091714 3609.846453 4864
197.161258 7.514644 3236.347770 4864
204.579136 7.367878 3300.814663 4864
212.511855 7.882719 3085.230010 4608
218.678122 6.116268 3767.003192 4608
224.806556 6.078433 3790.450435 4608
231.976521 7.119966 3235.970610 4608
239.029950 7.003429 3289.817017 4352
245.775017 6.695067 3250.154319 4352
251.980226 6.155209 3535.217055 4352
258.449651 6.419425 3389.711477 4352
265.218429 6.718778 3238.684404 4352
272.119869 6.851440 3175.974821 4352
278.417689 6.247820 3482.814866 4096
283.799311 5.331622 3841.232219 4096
289.326510 5.477199 3739.137707 4096
295.553305 6.176795 3315.635384 4096
301.549860 5.946555 3444.010731 4096
307.547065 5.947205 3443.634514 4096
313.608251 6.011187 3406.981280 4096
319.812490 6.154239 3327.787511 4096
326.249817 6.387327 3206.349257 4096
332.234911 5.935094 3450.661261 4096
337.472430 5.187519 3947.937466 4096
343.275662 5.753232 3559.738489 4096
349.531829 6.206167 3299.943526 4096
355.939087 6.357258 3221.514692 3840
362.110321 6.121234 3136.622326 3840
368.088006 5.927685 3239.038307 3840
374.276106 6.138100 3128.003787 3840
380.252980 5.926874 3239.481912 3840
386.086745 5.783765 3319.636859 3840
390.445287 4.308542 4456.264339 3840
395.860779 5.415492 3545.384111 3840
401.633148 5.772370 3326.190390 3840
407.798302 6.115154 3139.741231 3840
413.750189 5.901887 3253.196765 3840
419.784320 5.984131 3208.485948 3840
425.142224 5.307904 3617.246763 3840
429.491029 4.298805 4466.357842 3840
434.960259 5.469230 3510.549095 3840
440.817716 5.857457 3277.872787 3840
446.445781 5.578065 3442.054073 3840
451.641123 5.145342 3731.530160 3840
457.545695 5.854572 3279.488335 3840
463.237180 5.641485 3403.359031 3840
469.400854 6.113674 3140.501235 3840
475.313627 5.862772 3274.901124 3840
480.503370 5.139744 3735.594719 3840
485.817032 5.263661 3647.651195 3840
492.054552 6.187521 3103.019971 3840
498.055278 5.950726 3226.497187 3840
504.285983 6.180705 3106.441729 3840
510.268717 5.932734 3236.282024 3584
514.775084 4.456368 4021.212221 3840
519.521904 4.746819 4044.813814 3840
525.373490 5.851586 3281.161681 3584
530.969381 5.545891 3231.220823 3584
536.209798 5.190417 3452.516372 3584
540.996605 4.736806 3783.139627 3584
546.535241 5.538636 3235.453747 3584
552.201615 5.616374 3190.670733 3584
558.071983 5.820368 3078.842984 3584
563.452722 5.330739 3361.634985 3584
568.560181 5.057459 3543.281241 3584
572.939528 4.329347 4139.192487 3584
577.609280 4.669752 3837.462814 3584
583.312025 5.702745 3142.346367 3584
588.741764 5.429738 3300.343207 3584
594.478749 5.686986 3151.054103 3584
599.622592 5.093842 3517.973058 3584
604.981801 5.309210 3375.267053 3584
610.572253 5.540452 3234.393258 3584
616.239963 5.617710 3189.911787 3584
622.069788 5.779824 3100.440186 3584
627.802617 5.682829 3153.358937 3584
632.383161 4.530545 3955.374342 3584
636.334391 3.951229 4535.297220 3584
641.774866 5.440475 3293.830074 3584
647.229725 5.454859 3285.144618 3584
652.958534 5.728809 3128.049875 3584
658.469264 5.460730 3281.612440 3584
664.183505 5.664242 3163.706830 3328
669.015243 4.781737 3479.906679 3328
673.218899 4.203656 3958.458887 3328
677.332181 4.113282 4045.431449 3328
682.618753 5.286572 3147.597433 3328
687.711949 5.093196 3267.103890 3328
693.092631 5.380683 3092.544292 3328
698.087730 4.995099 3331.265527 3328
702.081028 3.993298 4166.982292 3328
706.038780 3.957752 4204.406607 3328
710.506235 4.467455 3724.715697 3328
715.251983 4.745748 3506.296783 3328
720.382207 5.130225 3243.522724 3328
725.612054 5.229847 3181.737554 3328
730.809177 5.197123 3201.771212 3328
735.983656 5.174478 3215.783107 3328
740.863720 4.880065 3409.790899 3328
744.997498 4.133778 4025.373517 3328
749.121573 4.124075 4034.844153 3328
753.788834 4.667261 3565.260107 3328
759.071987 5.283153 3149.634406 3328
764.205313 5.133325 3241.563506 3328
769.501159 5.295847 3142.084928 3328
774.151779 4.650619 3578.017969 3328
778.259850 4.108071 4050.562511 3328
782.354008 4.094158 4064.327937 3328
787.156077 4.802069 3465.172685 3328
791.970440 4.814362 3456.324773 3328
797.342356 5.371917 3097.590922 3328
802.749694 5.407338 3077.299721 3328
807.670111 4.920416 3381.827589 3328
813.005904 5.335793 3118.561889 3328
818.337671 5.331767 3120.916664 3328
822.430919 4.093248 4065.230998 3328
826.045348 3.614429 4603.769555 3328
830.973221 4.927873 3376.710473 3328
836.094525 5.121304 3249.172753 3328
841.353867 5.259342 3163.893665 3328
846.921063 5.567196 2988.937458 3328
851.399728 4.478665 3715.392735 3328
855.113262 3.713534 4480.906411 3328
859.802596 4.689334 3548.478632 3328
864.800199 4.997603 3329.596357 3328
869.944715 5.144516 3234.512000 3328
875.394285 5.449569 3053.452260 3328
880.181638 4.787353 3475.824476 3328
884.127544 3.945906 4217.028882 3328
888.708520 4.475015 3718.423658 3328
896.958951 7.725445 2153.921174 3328
901.785144 4.826194 3447.851490 3328
906.501611 4.716466 3528.065189 3328
911.786602 5.284992 3148.538619 3328
917.280330 5.493728 3028.908874 3328
921.375613 4.095284 4063.210676 3328
925.343998 3.968384 4193.142294 3328
928.021472 2.677475 6214.811517 3328
933.254803 4.021298 4137.967867 3328
938.265018 4.031512 4127.483318 3328
943.445239 4.211734 3950.866676 3328
949.559874 5.326368 3124.079902 3328
953.157580 3.597707 4625.168728 3328
959.481228 5.247722 3170.899533 3328
963.658108 4.176881 3983.834118 3328
970.941170 6.707665 2480.744093 3328
974.593769 3.652598 4555.660871 3328
978.532787 3.939018 4224.402996 3328
982.742440 3.508935 4742.180224 3328
986.610205 2.376700 7001.304202 3328
991.540114 2.306609 7214.052721 3328
996.591654 2.358149 7056.382004 3328
1001.659463 2.425958 6859.146229 3328
1006.669516 2.436010 6830.841674 3328
1011.675531 2.442025 6814.015993 3328
1016.676242 2.442737 6812.030680 3584
1021.165952 1.932447 9273.217161 3584
