# WEMAClient mimuroto
32.237906 0.180760 3540.612000 3328
33.603996 1.316090 12643.507000 5120
35.054166 1.450170 17653.102000 5120
36.633528 1.579362 16209.077000 5120
39.449209 2.161303 11844.706000 5120
44.062100 1.774194 14429.085000 5120
49.069619 1.781713 14368.195000 5120
54.052101 1.764196 14510.862000 5120
59.074253 1.786347 14330.919000 5120
64.529402 2.241496 11420.943000 5120
72.243758 4.955852 5165.610000 5120
75.262336 2.974430 8606.690000 5120
80.253081 2.965176 8633.552000 5120
84.392215 2.104309 12165.515000 5120
89.340209 2.052303 12473.791000 5120
94.381304 2.093399 12228.918000 5120
103.308158 6.020252 4252.313000 4096
107.730547 4.422390 4630.980000 4608
112.937158 5.206610 4425.143000 4352
117.812759 4.875601 4463.039000 4352
122.728436 4.915677 4426.653000 4352
127.739395 5.010959 4342.482000 4096
132.797825 5.058430 4048.687000 3840
137.829007 5.031182 3816.200000 3584
142.118612 4.289605 4177.541000 4096
150.028603 7.740697 2645.756000 2560
153.373759 3.345156 3826.428000 3584
158.136828 4.763069 3762.280000 3584
163.110983 4.974156 3602.621000 3584
168.365442 5.254459 3410.437000 3328
172.897248 4.531806 3671.825000 3584
178.482211 5.584963 3208.615000 3072
182.945881 4.463671 3441.114000 3328
187.669696 4.723814 3522.576000 3328
192.419200 4.749504 3503.523000 3328
197.713423 5.294223 3143.048000 3072
202.647654 4.934231 3112.947000 3072
207.491999 4.844345 3170.707000 3072
212.564598 5.072600 3028.033000 2816
216.822250 4.257651 3306.987000 3072
224.567193 7.279287 2110.096000 2048
227.766200 3.199007 3200.992000 3072
232.868861 5.102661 3010.194000 2816
237.187717 4.318856 3260.122000 3072
242.243542 4.955637 3099.500000 3072
247.183636 4.895730 3137.428000 3072
255.442363 8.154458 1883.632000 1792
258.506559 3.064196 2924.095000 2816
263.254954 4.748395 2965.212000 2816
267.565033 4.310080 3266.761000 3072
272.606457 5.041424 3046.758000 2816
277.094777 4.488319 3137.031000 3072
284.468288 7.180382 2139.161000 2048
287.272255 2.803967 3651.969000 3584
292.856509 5.568603 3218.042000 3072
297.413166 4.556658 3370.891000 3328
302.141040 4.727874 3519.552000 3328
307.163436 4.875530 3412.962000 3328
315.674216 8.386310 1984.186000 1792
318.678089 3.003873 2982.815000 2816
323.428309 4.750219 2964.073000 2816
327.722454 4.294146 3278.882000 3072
332.234605 4.512151 3404.141000 3328
336.658078 4.370172 3807.630000 3584
345.600390 8.312484 2155.793000 2048
349.179084 3.578694 2861.379000 2816
353.718330 4.539246 3101.836000 3072
358.506790 4.788460 3207.711000 3072
363.500726 4.993936 3075.730000 3072
368.192286 4.691560 3273.964000 3072
373.340549 5.148263 2983.530000 2816
377.865288 4.524739 3111.781000 3072
382.523600 4.658312 3297.331000 3072
387.121550 4.597949 3340.619000 3328
394.312190 7.024284 2368.924000 2304
398.197275 3.885086 2965.185000 2816
402.408355 4.211080 3343.560000 3328
407.758092 5.349737 3110.433000 3072
412.608473 4.850381 3166.761000 3072
417.573617 4.965143 3093.566000 3072
422.335098 4.761482 3225.886000 3072
426.322867 3.987768 3851.778000 3840
435.630848 8.342942 2301.346000 2048
439.134121 3.503273 2922.981000 2816
443.292557 4.158436 3385.888000 3328
448.067364 4.774807 3484.957000 3328
452.365150 4.297786 3871.761000 3840
458.207912 5.842762 3286.116000 3072
462.903618 4.695705 3271.074000 3072
467.893918 4.990300 3077.971000 3072
472.939131 5.045213 3044.470000 2816
477.154610 4.215479 3340.071000 3328
484.983730 7.695825 2162.211000 2048
488.368783 3.385052 3025.063000 2816
493.035955 4.667172 3016.816000 2816
497.508932 4.472977 3147.791000 3072
502.465178 4.956246 3099.119000 3072
507.493995 5.028817 3054.396000 2816
511.612483 4.118489 3418.729000 3328
519.344736 7.056831 2357.999000 2304
522.962681 3.617945 3184.128000 3072
528.071421 5.108740 3006.612000 2816
532.391802 4.320381 3258.971000 3072
536.842101 4.450299 3451.453000 3328
545.687311 8.399405 1981.092000 1792
548.697473 3.010162 2976.584000 2816
553.200909 4.503436 3126.501000 3072
558.233323 5.032414 3052.213000 2816
562.618472 4.385149 3210.837000 3072
567.134737 4.516265 3401.040000 3328
574.454318 7.166413 2321.942000 2304
577.830641 3.376322 3411.996000 3328
583.267616 5.436975 3060.525000 2816
587.592201 4.324585 3255.803000 3072
592.608438 5.016237 3062.056000 2816
596.981884 4.373445 3219.429000 3072
605.385977 8.098071 1896.747000 1792
608.669191 3.283214 2729.033000 2560
612.841705 4.172514 3067.694000 2816
617.249059 4.407354 3194.660000 3072
622.313004 5.025099 3056.656000 2816
627.106516 4.793512 2937.303000 2816
631.129717 3.841811 3664.938000 3584
639.942799 7.654893 2340.986000 2304
643.913824 3.971025 2901.014000 2816
648.224953 4.311130 3265.965000 3072
653.232798 5.007845 3067.187000 2816
657.647886 4.415088 3189.064000 3072
662.696367 5.048481 3042.499000 2816
666.987378 4.291012 3281.277000 3072
674.219630 6.931724 2215.898000 2048
677.237267 3.017637 3393.384000 3328
682.536118 5.248212 3170.603000 3072
687.351527 4.815409 3189.760000 3072
692.410649 5.059122 3036.099000 2816
697.116564 4.705915 2991.979000 2816
703.639957 6.352051 2216.606000 2048
706.559829 2.919872 3507.003000 3328
715.723708 8.435802 1972.545000 1792
718.831668 3.107960 2882.920000 2816
723.514410 4.682742 3006.785000 2816
727.805242 4.290832 3281.414000 3072
732.871233 5.065991 3031.983000 2816
737.255398 4.384164 3211.558000 3072
741.890293 4.602387 3337.398000 3328
749.367354 7.079448 2350.465000 2304
752.860454 3.493100 3297.930000 3072
758.005538 5.145084 2985.374000 2816
762.356911 4.351372 3235.760000 3072
767.394636 5.037725 3048.995000 2816
772.137036 4.742401 2968.960000 2816
778.715410 6.427504 2190.586000 2048
781.748469 3.033059 3376.129000 3328
790.745148 8.457242 1967.544000 1792
793.800001 3.054853 2933.038000 2816
798.557777 4.757776 2959.365000 2816
803.142653 4.584876 3070.966000 2816
807.476415 4.333761 3248.909000 3072
812.436377 4.959962 3096.797000 3072
817.574716 5.138339 2989.292000 2816
821.345609 3.770893 3733.863000 3584
829.966746 7.678840 2333.685000 2304
833.901728 3.934983 2927.585000 2816
838.288144 4.386416 3209.909000 3072
843.339446 5.051302 3040.800000 2816
847.992863 4.653416 3025.734000 2816
851.827377 3.834514 3671.912000 3584
860.286982 7.999076 2240.258000 2048
863.805868 3.518886 2910.011000 2816
868.109842 4.303974 3271.394000 3072
873.184886 5.075044 3026.575000 2816
877.784141 4.599255 3061.365000 2816
881.591099 3.806957 3698.491000 3584
889.941495 7.653589 2341.385000 2304
893.474086 3.532591 3261.062000 3072
897.348023 3.873937 3964.958000 3840
902.771447 5.423424 3540.199000 3328
907.689208 4.917761 3383.653000 3328
913.074399 5.385190 3089.955000 3072
918.151983 5.077584 3025.060000 2816
