# WEMAClient mimuroto
94.494057 0.252292 2536.742000 2304
96.242687 1.698630 6781.934000 5120
98.947050 2.704363 9466.185000 5120
103.353221 4.406171 5810.033000 5120
108.927142 5.573921 4592.817000 4352
113.889033 4.961891 4385.424000 4352
118.809624 4.920592 4422.232000 4352
123.774892 4.965268 4382.442000 4352
128.701712 4.926819 4416.642000 4352
134.124521 5.422810 4012.679000 3840
139.007715 4.883194 3931.853000 3840
143.570049 4.562333 4208.372000 4096
148.247629 4.677581 4378.331000 4352
153.568022 5.320393 4089.923000 3840
158.659249 5.091227 3771.193000 3584
163.718329 5.059080 3542.145000 3328
168.527134 4.808805 3460.319000 3328
173.091601 4.564467 3645.551000 3584
178.670877 5.579276 3211.886000 3072
183.204215 4.533338 3388.231000 3328
188.061111 4.856895 3426.056000 3328
192.884189 4.823078 3450.078000 3328
198.233647 5.349458 3110.595000 3072
203.048526 4.814880 3190.110000 3072
208.107116 5.058590 3036.419000 2816
212.737711 4.630595 3040.645000 2816
217.034295 4.296584 3277.022000 3072
220.907205 3.872910 3966.009000 3840
226.131951 5.224746 3674.819000 3584
231.860617 5.728666 3128.127000 3072
236.631553 4.770936 3219.494000 3072
241.487342 4.855789 3163.234000 3072
246.393314 4.905972 3130.878000 3072
250.791443 4.398129 3492.393000 3328
255.738286 4.946843 3363.761000 3328
260.964582 5.226296 3183.899000 3072
265.839262 4.874680 3150.976000 3072
270.839514 5.000252 3071.845000 2816
275.329754 4.490240 3135.689000 3072
279.469011 4.139257 3710.811000 3584
284.397207 4.853151 3692.446000 3584
293.483012 8.938955 2004.708000 1792
296.303414 2.820403 3176.851000 3072
300.942505 4.639091 3310.993000 3072
305.335779 4.393273 3496.254000 3328
309.947812 4.612033 3607.953000 3584
315.262719 5.314907 3371.648000 3328
320.306939 5.044220 3298.825000 3072
325.328376 5.021437 3058.885000 2816
329.573507 4.245131 3316.741000 3072
334.083374 4.509867 3405.865000 3328
342.311111 7.767054 2142.382000 2048
345.252564 2.941453 3481.272000 3328
350.454025 5.201461 3199.100000 3072
355.399678 4.945653 3105.757000 3072
360.173168 4.773490 3217.771000 3072
365.133424 4.960256 3096.614000 3072
369.958475 4.825051 3183.386000 3072
375.021713 5.063238 3033.631000 2816
379.478853 4.457140 3158.976000 3072
384.375301 4.831245 3179.305000 3072
391.160587 6.616531 2321.458000 2304
394.631637 3.471050 3318.880000 3072
399.454735 4.823097 3184.675000 3072
404.397840 4.853784 3164.541000 3072
409.436935 4.892878 3139.256000 3072
414.448396 4.904339 3131.920000 3072
419.599126 5.055069 3038.534000 2816
423.808840 4.209714 3344.645000 3328
431.393411 6.849354 2429.426000 2304
435.031083 3.637673 3166.860000 3072
439.944195 4.913111 3126.328000 3072
444.444973 4.500779 3412.742000 3328
449.312415 4.768358 3489.670000 3328
458.055275 8.511219 1955.066000 1792
460.727520 2.672244 3352.986000 3328
465.935073 5.207553 3195.358000 3072
471.175525 5.240453 2931.044000 2816
475.315265 4.139740 3401.180000 3328
479.717710 4.402445 3779.718000 3584
484.604403 4.886694 3667.101000 3584
490.058825 5.454422 3285.407000 3072
494.993075 4.934250 3112.934000 3072
499.895374 4.902299 3133.223000 3072
504.870975 4.975601 3087.064000 3072
509.723720 4.852745 3165.219000 3072
513.896131 4.172411 3681.324000 3584
522.722912 8.178855 2191.015000 2048
526.152268 3.429356 2985.983000 2816
530.614339 4.462071 3155.485000 3072
535.091270 4.476931 3430.922000 3328
539.632538 4.541268 3664.174000 3584
544.883376 5.250838 3412.788000 3328
550.052104 5.168728 3219.360000 3072
554.911361 4.859257 3160.977000 3072
559.891588 4.980227 3084.196000 3072
564.495338 4.603751 3336.410000 3328
569.157867 4.613810 3606.563000 3584
577.510832 7.966775 2249.341000 2048
580.850616 3.339784 3066.066000 2816
585.308094 4.457477 3158.737000 3072
590.240384 4.932291 3114.171000 3072
595.114383 4.873999 3151.416000 3072
599.588597 4.474214 3433.005000 3328
604.518268 4.929671 3375.478000 3328
609.543770 4.999713 3328.190000 3328
614.886947 5.342890 3114.419000 3072
619.748407 4.861460 3159.544000 3072
624.747524 4.999117 3072.542000 3072
629.397260 4.649736 3303.413000 3072
636.038707 6.494650 2365.023000 2304
639.609238 3.570532 3226.410000 3072
644.539985 4.930746 3115.147000 3072
649.412437 4.868381 3155.053000 3072
654.457857 4.913800 3125.890000 3072
659.457902 4.913846 3125.861000 3072
664.453373 4.909316 3128.745000 3072
669.157929 4.613873 3329.090000 3328
677.127354 7.583297 2194.296000 2048
680.404245 3.276891 3124.913000 3072
685.346940 4.942694 3107.616000 3072
690.273629 4.926689 3117.712000 3072
695.385744 5.112115 3004.627000 2816
699.283396 3.897652 3612.431000 3584
707.101969 7.557912 2371.025000 2304
710.506457 3.404488 3383.768000 3328
715.262605 4.756148 3498.629000 3328
720.420341 5.157736 3226.221000 3072
725.425268 5.004927 3068.976000 2816
729.887475 4.462207 3155.389000 3072
734.803392 4.915917 3124.543000 3072
739.520053 4.716661 3256.541000 3072
743.910873 4.366816 3517.437000 3328
752.029718 7.485661 2222.916000 2048
755.424253 3.394535 3016.613000 2816
759.938258 4.514005 3119.181000 3072
764.867615 4.929357 3116.025000 3072
769.939598 5.071984 3028.400000 2816
774.042880 4.103282 3431.399000 3328
782.014123 7.470066 2227.557000 2048
784.987702 2.973579 3443.662000 3328
789.813655 4.825954 3448.023000 3328
794.967774 5.154119 3228.485000 3072
800.158494 5.190719 2959.127000 2816
804.536261 4.377768 3216.251000 3072
809.463723 4.919666 3122.163000 3072
814.603327 5.059270 3036.011000 2816
819.154993 4.551667 3093.372000 3072
826.013481 6.469424 2374.245000 2304
829.655766 3.642285 3162.849000 3072
834.521293 4.865527 3156.903000 3072
839.465644 4.921588 3120.944000 3072
844.647605 5.103549 3009.670000 2816
849.102743 4.455138 3160.396000 3072
856.379130 6.835074 2247.232000 2048
859.665495 3.286364 3115.905000 3072
864.500460 4.834965 3176.858000 3072
869.463586 4.919529 3122.249000 3072
874.607720 5.063664 3033.376000 2816
879.057800 4.450079 3163.988000 3072
886.320774 6.776718 2266.584000 2048
889.412484 3.091709 3312.083000 3072
893.862283 4.318226 3557.016000 3328
902.676131 8.132074 2046.218000 1792
905.392151 2.716020 3298.945000 3072
910.243359 4.851208 3166.221000 3072
915.473759 5.230401 2936.677000 2816
919.489490 4.015731 3506.210000 3328
923.824384 4.280327 3887.553000 3840
929.007193 4.463136 4301.907000 4096
933.836837 4.292780 4770.801000 4608
939.188589 4.644533 4960.671000 4864
944.690248 5.146192 4725.824000 4608
949.081098 4.390850 5247.275000 5120
956.244950 6.700894 3820.386000 3584
959.405650 3.160699 5669.631000 5120
965.167545 5.623489 4552.334000 4352
970.078854 4.911308 4430.591000 4352
974.718497 4.639643 4690.016000 4608
979.718923 5.000426 4607.607000 4352
