# AndroidClient mimuroto
1.005263 0.128000  1.089551 0.128000 
1.139551 5.120000  2.603494 5.120000 
2.603494 5.120000  4.076193 5.120000 
4.076193 5.120000  5.553812 5.120000 
6.139551 5.120000  7.622474 5.120000 
11.139551 5.120000  12.621851 5.120000 
16.139551 5.120000  17.620338 5.120000 
21.139551 5.120000  22.611715 5.120000 
26.139551 5.120000  27.611842 5.120000 
31.139551 5.120000  32.790136 5.120000 
36.139551 5.120000  38.283030 5.120000 
41.139551 5.120000  42.675652 5.120000 
46.139551 5.120000  47.693873 5.120000 
51.139551 5.120000  52.665791 5.120000 
56.139551 5.120000  57.692989 5.120000 
61.139551 5.120000  62.692439 5.120000 
66.139551 5.120000  70.389612 5.120000 
71.139551 5.120000  75.637345 5.120000 
76.139551 5.120000  78.445989 5.120000 
81.139551 5.120000  82.708662 5.120000 
86.139551 5.120000  87.667944 5.120000 
91.139551 5.120000  92.683235 5.120000 
96.139551 5.120000  100.719844 5.120000 
101.139551 5.120000  108.972719 5.120000 
108.972719 5.120000  114.850728 5.120000 
114.850728 5.120000  120.710567 5.120000 
120.710567 5.120000  126.616944 5.120000 
126.616944 5.120000  132.795552 5.120000 
132.795552 5.120000  139.133621 5.120000 
139.133621 5.120000  145.000529 5.120000 
145.000529 5.120000  151.133250 5.120000 
151.133250 5.120000  157.920888 5.120000 
157.970888 5.120000  164.991798 5.120000 
165.041798 5.120000  172.148188 5.120000 
172.198188 5.120000  179.897697 5.120000 
179.947697 5.120000  187.312590 5.120000 
187.362590 5.120000  194.874601 5.120000 
194.924601 5.120000  202.915988 5.120000 
202.965988 5.120000  211.145085 5.120000 
211.195085 5.120000  218.382653 5.120000 
218.432653 5.120000  225.101260 5.120000 
225.151260 5.120000  233.192398 5.120000 
233.242398 5.120000  241.089870 5.120000 
241.139870 5.120000  248.805021 5.120000 
248.855021 5.120000  256.364878 5.120000 
256.414878 5.120000  264.500681 5.120000 
264.550681 5.120000  272.491669 5.120000 
272.541669 5.120000  279.572598 5.120000 
279.622598 5.120000  286.299152 5.120000 
286.349152 5.120000  293.859605 5.120000 
293.909605 5.120000  301.413321 5.120000 
301.463321 5.120000  308.693434 5.120000 
308.743434 5.120000  316.084361 5.120000 
316.134361 5.120000  324.204569 5.120000 
324.254569 4.864000  331.278319 4.864000 
331.328319 4.864000  337.470521 4.864000 
337.520521 4.864000  344.159678 4.864000 
344.209678 4.864000  351.657743 4.864000 
351.707743 4.864000  359.196237 4.864000 
359.246237 4.864000  366.695423 4.864000 
366.745423 4.864000  374.363270 4.864000 
374.413270 4.608000  381.447544 4.608000 
381.497544 4.608000  387.984058 4.608000 
388.034058 4.608000  393.403040 4.608000 
393.453040 4.608000  400.200989 4.608000 
400.250989 4.608000  407.506504 4.608000 
407.556504 4.608000  414.415148 4.608000 
414.465148 4.608000  421.643406 4.608000 
421.693406 4.608000  427.354082 4.608000 
427.404082 4.608000  433.123208 4.608000 
433.173208 4.608000  440.044691 4.608000 
440.094691 4.608000  446.609774 4.608000 
446.659774 4.352000  452.423288 4.352000 
452.473288 4.352000  458.838926 4.352000 
458.888926 4.352000  465.612564 4.352000 
465.662564 4.352000  472.687530 4.352000 
472.737530 4.352000  478.627358 4.352000 
478.677358 4.352000  484.347424 4.352000 
484.397424 4.352000  490.838376 4.352000 
490.888376 4.352000  497.584620 4.352000 
497.634620 4.352000  504.409863 4.352000 
504.459863 4.352000  510.986307 4.352000 
511.036307 4.352000  516.203720 4.352000 
516.253720 4.352000  522.017986 4.352000 
522.067986 4.352000  528.748564 4.352000 
528.798564 4.352000  535.056910 4.352000 
535.106910 4.352000  540.937122 4.352000 
540.987122 4.352000  547.666485 4.352000 
547.716485 4.352000  554.291084 4.352000 
554.341084 4.352000  561.111836 4.352000 
561.161836 4.096000  567.173353 4.096000 
567.223353 4.096000  572.318704 4.096000 
572.368704 4.096000  577.675565 4.096000 
577.725565 4.096000  584.239856 4.096000 
584.289856 4.096000  590.575214 4.096000 
590.625214 4.096000  597.082752 4.096000 
597.132752 4.096000  603.106879 4.096000 
603.156879 4.096000  609.221087 4.096000 
609.271087 4.096000  615.830700 4.096000 
615.880700 4.096000  622.308341 4.096000 
622.358341 4.096000  628.812764 4.096000 
628.862764 4.096000  633.642058 4.096000 
633.642058 4.096000  639.102328 4.096000 
639.152328 4.096000  645.397275 4.096000 
645.447275 3.840000  651.485227 3.840000 
651.535227 3.840000  657.498277 3.840000 
657.548277 3.840000  663.738998 3.840000 
663.788998 3.840000  669.162119 3.840000 
669.212119 3.840000  673.909575 3.840000 
673.909575 3.840000  679.325208 3.840000 
679.375208 3.840000  685.385059 3.840000 
685.435059 3.584000  691.085306 3.584000 
691.135306 3.584000  697.113381 3.584000 
697.163381 3.584000  701.442980 3.584000 
701.442980 3.584000  705.791070 3.584000 
705.791070 3.584000  710.643971 3.584000 
710.643971 3.584000  715.852961 3.584000 
715.852961 3.584000  721.593223 3.584000 
721.593223 3.584000  727.181558 3.584000 
727.231558 3.328000  732.593691 3.328000 
732.643691 3.328000  737.632012 3.328000 
737.632012 3.328000  742.393762 3.328000 
742.393762 3.328000  746.274901 3.328000 
746.274901 3.328000  750.389496 3.328000 
750.389496 3.328000  755.396951 3.328000 
755.396951 3.328000  760.516953 3.328000 
760.516953 3.328000  765.746880 3.328000 
765.746880 3.328000  771.186623 3.328000 
771.186623 3.328000  775.270310 3.328000 
775.270310 3.328000  779.364252 3.328000 
779.364252 3.328000  783.781855 3.328000 
783.781855 3.328000  788.643416 3.328000 
788.643416 3.328000  793.677768 3.328000 
793.677768 3.328000  798.993367 3.328000 
798.993367 3.328000  804.149278 3.328000 
804.149278 3.328000  809.254565 3.328000 
809.254565 3.328000  814.571665 3.328000 
814.571665 3.328000  819.624208 3.328000 
819.624208 3.328000  823.424228 3.328000 
823.424228 3.328000  827.433622 3.328000 
827.433622 3.328000  832.680365 3.328000 
832.680365 3.328000  837.720761 3.328000 
837.720761 3.328000  843.107178 3.328000 
843.107178 3.328000  848.320917 3.328000 
848.320917 3.328000  852.624731 3.328000 
852.624731 3.328000  856.407235 3.328000 
856.407235 3.328000  861.414953 3.328000 
861.414953 3.328000  866.459196 3.328000 
866.459196 3.328000  871.687771 3.328000 
871.687771 3.328000  877.179334 3.328000 
877.179334 3.328000  881.590656 3.328000 
881.590656 3.328000  885.280962 3.328000 
885.280962 3.328000  889.759983 3.328000 
889.759983 3.328000  894.235351 3.328000 
894.235351 3.328000  898.547275 3.328000 
898.547275 3.328000  903.200091 3.328000 
903.200091 3.328000  908.176303 3.328000 
908.176303 3.328000  913.586364 3.328000 
913.586364 3.328000  918.660464 3.328000 
918.660464 3.328000  922.716570 3.328000 
922.716570 3.328000  926.626913 3.328000 
927.643691 3.328000  930.831453 3.328000 
932.643691 3.328000  935.893064 3.328000 
937.643691 3.328000  941.232801 3.328000 
942.643691 3.328000  947.294257 3.328000 
947.643691 3.328000  953.217283 3.328000 
953.217283 3.328000  955.767115 3.328000 
957.643691 3.328000  963.925087 3.328000 
963.925087 3.328000  967.653015 3.328000 
967.653015 3.328000  971.505749 3.328000 
972.643691 3.328000  979.144328 3.328000 
979.144328 3.328000  982.151440 3.328000 
982.643691 3.328000  983.786525 3.328000 
987.643691 3.328000  988.638713 3.328000 
992.643691 3.328000  993.650605 3.328000 
997.643691 3.584000  998.760100 3.584000 
1002.643691 3.584000  1003.748769 3.584000 
1007.643691 3.584000  1008.767921 3.584000 
1012.643691 3.584000  1013.773504 3.584000 
1017.643691 3.584000  1018.788559 3.584000 
