157.368460 15807.985415 0.000000
158.516384 18137.766969 15807.985415
159.573047 18365.808361 20467.548522
160.697782 18239.932055 21221.024955
161.734251 18899.348184 20789.551793
162.799615 18944.855532 20430.972375
163.801490 18939.205453 19902.907129
164.842349 18859.318924 19395.124047
165.891333 19142.635984 18967.337961
166.891870 19185.394002 18938.927954
168.570192 27261.014439 19007.718471
169.615532 19635.995906 25143.247941
170.779405 18063.082254 23021.690400
171.787239 18126.780070 19934.802767
172.909475 19084.520171 17971.202184
173.915436 17887.224342 17746.601440
174.916729 18787.743737 17070.808879
176.020370 19486.790222 17612.406010
177.172510 19625.939489 18701.323872
178.173027 18822.458118 19546.511340
179.202358 18502.753622 19386.351083
180.204956 19736.317986 18925.519342
181.288479 19444.408872 19514.585314
182.416479 19728.049018 19645.619632
183.637425 17256.151863 19873.564211
184.775510 17214.005089 18097.234836
185.834381 18661.790919 16967.189325
186.912325 20151.546616 17549.709883
187.912939 18216.943768 19236.307193
188.954746 18894.044790 18857.463568
189.955340 18625.921002 19015.737572
190.994299 18816.354596 18863.358538
192.069815 20107.751618 18870.634832
193.106445 18325.058358 19829.250687
194.244746 18878.543407 19041.163902
195.244904 19497.897824 18883.207910
196.396621 18482.791546 19267.579602
197.516308 19176.857946 18756.015295
198.613074 19006.089722 18952.477004
199.613151 19598.848052 18978.726926
200.713028 18743.730693 19443.261333
201.839571 19097.052163 19073.087197
202.867553 19209.725661 19070.652106
204.042124 19617.619928 19160.539698
205.098689 19369.135735 19523.700685
206.264876 19391.546955 19542.397845
207.267605 19170.909297 19525.239312
208.272099 19025.559812 19317.758713
209.331003 18754.358698 19068.293945
210.331031 19237.101305 18729.477193
211.465880 19400.577103 18928.346148
212.506990 18589.004247 19227.576263
213.621783 19122.236177 18811.761889
214.664004 18976.663452 18948.089239
215.768915 19394.971995 18950.610105
216.833078 19490.656697 19272.115281
217.883302 18988.132614 19535.345575
218.898565 19954.906333 19278.895440
219.902280 19211.391256 19803.059955
220.902526 18565.260286 19545.467499
221.933252 19139.041940 18848.553983
222.943551 18508.532353 18859.610041
223.944744 19472.471256 18462.113855
224.944790 18623.921826 18997.924564
225.945688 18502.589072 18748.054519
226.947174 19111.372903 18501.086757
228.015597 18829.886479 18834.566329
229.016025 19694.786567 18859.392940
230.026834 18519.002477 19513.104696
231.209805 18708.936599 19003.542975
232.292822 18959.486100 18770.077581
233.350463 18969.326114 18825.971764
234.369481 19632.835834 18894.677451
235.416638 19003.458568 19445.324750
236.496440 19241.176229 19295.493221
237.521601 19071.090020 19325.857038
238.663422 18858.835015 19192.304088
239.697122 18413.506102 18936.032842
240.826883 19142.005232 18454.601078
241.860031 18876.194026 18749.985800
242.940249 18931.086248 18796.324614
243.941714 18650.856340 18880.630541
245.057363 18788.732391 18725.225000
246.122122 18635.819920 18732.337102
247.125226 18575.398820 18635.307622
248.125230 19280.152594 18541.605132
249.143780 19097.108413 19031.767640
250.143879 19200.936730 19201.661996
251.145274 19272.592253 19338.342017
252.174814 18892.604584 19426.072347
253.196541 19277.127835 19146.576737
254.249728 19243.556135 19231.728332
255.289182 19258.086009 19260.475230
256.289294 18927.754632 19281.516311
257.320267 19696.718363 19038.430744
258.321501 19171.375118 19465.941730
259.466469 18620.631386 19343.383948
260.566037 18853.541064 18826.045050
261.684130 19215.240077 18690.704444
262.684304 19032.884105 18935.017555
263.756182 18885.687862 18990.462763
264.765179 19158.430330 18918.393520
265.779542 18597.414069 19078.739334
266.782484 19090.488516 18758.072796
267.843371 19242.259668 18927.380680
268.933977 18934.960044 19166.639945
270.064563 19255.652165 19074.699790
271.134867 18994.040311 19234.313867
272.268679 18709.221463 19123.246589
273.337974 18933.532290 18821.797245
274.357492 18733.573021 18811.161747
275.365183 19212.661508 18686.467183
276.473570 18800.967971 18995.212726
277.474503 18597.438513 18895.177539
278.569196 18899.249694 18668.960461
279.573156 19112.171095 18764.329820
280.682810 20171.963896 19005.435519
281.686529 19697.016501 19947.516863
282.695397 18813.718005 20118.458748
283.748077 18964.914398 19436.095256
284.836545 18305.479488 19052.716492
285.900390 19323.668638 18344.500404
287.006012 18747.337423 18744.278994
288.006467 18626.087599 18656.767288
289.038851 18767.645730 18544.716601
290.039492 18802.011612 18615.202605
291.102158 18585.677340 18714.330800
292.103167 18921.283622 18623.564397
293.104805 18788.959894 18820.414142
294.116678 18721.995642 18844.813589
295.184945 18220.676048 18792.826699
296.196339 18407.426633 18373.135795
297.248295 19345.614607 18265.238345
298.633593 19886.271307 18950.477673
299.790000 19555.201683 19797.374095
300.792720 18956.261121 19994.744391
301.901050 19297.092630 19534.338441
302.977926 18372.648374 19415.239767
304.123094 19551.817130 18632.820454
305.127415 18996.494129 19060.944345
306.129336 18785.460459 18981.232236
307.130300 19194.923809 18786.916402
308.201884 19036.759822 18996.492012
309.325622 18953.472207 19032.264776
310.448091 18867.651067 18988.809208
311.542748 18882.977185 18893.881319
312.671374 19322.835189 18851.354400
313.672418 18650.787741 19167.890140
314.710181 19081.271073 18860.858686
315.710291 19193.947237 18977.687722
316.711566 18389.941649 19146.505200
317.843723 19129.660226 18639.770258
318.844054 18643.250599 18878.734567
319.883155 19139.882739 18696.140916
320.961000 18666.859668 18964.095616
321.964579 19353.863078 18787.252444
322.964782 19552.861441 19183.985221
324.056966 19344.639537 19574.069847
325.057155 18961.142410 19607.643630
326.068257 18396.356726 19271.056653
327.115340 18852.352213 18601.695340
328.640369 19103.440122 18557.676646
329.718178 18201.986585 18797.652123
330.757586 18571.256005 18317.996708
331.771546 19075.242129 18326.118535
332.777071 18461.094984 18769.453409
333.778156 19957.314412 18606.957667
334.880530 19001.810560 19611.408697
335.988613 18911.343484 19483.482751
337.004206 19226.946159 19231.251424
338.015435 19370.591175 19261.860781
339.118358 19733.162068 19376.170566
340.119056 19285.544290 19703.858781
341.121910 18904.673198 19539.315376
342.198023 19056.905460 19107.947583
343.278432 18850.920373 18955.619287
344.323746 19038.217500 18750.287867
345.478203 18934.665817 18813.253129
346.539158 18755.481404 18823.313090
347.691759 19026.078955 18721.792943
348.842048 18847.811262 18882.403148
349.842343 18747.889659 18864.926432
350.923548 19433.662579 18776.968079
352.041299 19299.305565 19240.048988
353.041740 19307.840493 19419.225080
354.044390 19485.339138 19485.234443
355.044515 19071.506601 19607.014621
356.215082 18840.500424 19327.111436
357.340749 19409.656683 18950.004002
358.450283 19415.619373 19160.941585
359.498264 18807.342917 19333.061169
360.498666 19249.998263 18983.553169
361.674371 18680.540768 19096.738116
362.778527 19647.178576 18764.552504
363.840976 19363.375172 19302.435121
364.841502 19030.669254 19444.709740
365.846552 19087.959666 19245.983969
366.881109 19481.951399 19135.760214
367.995172 18869.054472 19364.191999
369.034413 18703.417018 19048.175046
370.034820 19017.855029 18721.158336
371.172082 19469.504334 18789.043159
372.172495 18730.246946 19218.925517
373.291577 19237.511780 18942.068359
374.398314 18758.319388 19131.133053
375.514331 18561.186486 18892.865787
376.521698 18984.485736 18592.245878
377.589384 18588.923969 18751.645513
378.590417 18895.764891 18592.884061
379.654808 18970.273482 18742.644004
380.662491 18598.690478 18911.685640
381.682831 18945.830438 18732.166166
382.754947 19095.706027 18869.392477
383.864663 18702.486490 19069.521814
384.865235 18422.115535 18881.217883
385.865384 18582.023642 18532.104853
386.865599 19019.910880 18449.982089
387.894297 18856.647762 18770.346523
388.957585 16012.542013 18870.472491
390.026975 19414.287664 16783.999981
391.027146 19625.705684 18099.208473
392.112295 19316.524607 19244.146031
393.115558 19212.599810 19680.118915
394.115657 19452.135161 19729.263183
395.115846 19268.031125 19804.320986
396.171751 18305.997963 19615.725405
397.310044 19588.484007 18712.979173
398.314363 19083.068505 19121.725288
399.321175 19048.633046 19063.726398
400.384520 19577.688511 19013.735886
401.491279 19188.116316 19394.256519
402.508431 18858.664995 19338.195687
403.595869 19418.514139 19025.556937
404.596703 19431.663250 19247.401435
405.711693 18965.990877 19410.963693
406.712841 18934.693218 19148.665432
407.756407 18536.014896 18948.374418
408.844633 19067.938073 18545.799870
409.987826 18564.440105 18741.008735
411.094049 19094.471240 18542.722027
412.217257 18321.868766 18846.531543
413.309810 18820.740037 18480.969370
414.310272 18766.531308 18632.566586
415.310864 19226.883278 18714.752009
416.311409 18632.803163 19114.053523
417.376477 18762.064261 18896.351633
418.377058 18886.462809 18818.559394
419.497220 19589.239606 18858.838402
420.503082 18689.639550 19412.966605
421.532312 19093.960843 19059.398915
422.571818 19075.214814 19093.416199
423.635970 19210.993128 19096.501480
424.716109 19255.662881 19194.556190
425.744052 19694.062183 19281.195094
426.744300 19132.090929 19646.930969
427.745531 19063.028616 19420.103270
428.745551 18829.325372 19182.889600
429.819645 18427.198777 18859.040086
430.927437 18704.234360 18388.091704
431.927646 18927.765351 18370.170969
432.962435 19226.379893 18612.374692
434.086189 19702.849396 19036.285125
435.086696 19934.574422 19653.116161
436.171568 18742.280810 20147.758757
437.172279 19029.474210 19447.563762
438.174587 18740.554392 19136.540577
439.183549 17599.112346 18737.572529
440.185371 18690.069476 17682.752437
441.185800 19651.348268 17952.650215
442.307361 19326.492915 18992.913013
443.643825 18234.533632 19434.011711
444.677262 17769.927594 18808.711899
445.714503 18850.702183 18004.062898
446.728909 19285.187883 18353.785513
447.784064 19413.916160 18978.740263
448.784728 19394.928610 19464.375750
449.786382 19821.579017 19680.337934
450.821832 19278.071743 20036.954500
451.901001 18814.017402 19753.788457
453.001705 19163.420328 19145.235501
454.011077 18692.064193 19020.206693
455.018880 18913.144135 18639.978596
456.142415 18854.399128 18628.695903
457.305128 19005.946208 18650.107860
458.409471 19497.617219 18825.546965
459.532775 18977.560870 19327.119587
460.619233 18677.011335 19230.488044
461.697881 19542.585740 18893.528328
462.794679 19084.742252 19320.100025
463.794815 18656.234699 19245.624687
464.917826 19207.395130 18846.785744
465.931224 18831.790273 19013.098835
466.931314 18718.168790 18863.125811
467.966874 19021.424366 18695.089302
469.084363 18833.570694 18844.282602
470.236223 18856.698636 18822.274439
471.380939 19534.249545 18831.440378
472.381102 18533.620322 19350.501093
473.615103 18601.298639 18905.496647
474.648583 18784.960154 18640.784080
475.649073 18963.664456 18636.302573
476.749195 18814.089264 18805.254441
477.750680 18643.489422 18817.151485
478.883323 18603.643020 18694.384570
480.024700 18693.864187 18590.392524
481.082436 19417.984493 18609.375001
482.118998 19110.774910 19183.078765
483.124265 18863.060520 19298.249892
484.149223 19263.236414 19123.180917
485.157342 18495.216689 19270.748251
486.213010 18663.841578 18766.639165
487.324620 19370.269050 18573.197670
488.409757 18605.262067 19028.958503
489.577871 18682.319295 18768.411320
490.634242 19521.216083 18655.143336
491.750291 18763.238525 19234.475925
492.873261 19193.189734 19027.344090
493.937641 18492.027132 19180.215188
494.937710 19137.610820 18734.022422
495.997218 18993.895935 18934.614983
497.129457 19324.577014 18977.874059
498.129611 19087.202142 19251.519875
499.148019 18172.045813 19228.575914
500.187979 19157.658516 18495.393244
501.368738 19145.982487 18787.174578
502.482398 19024.518481 19016.929208
503.482975 19495.992644 19072.971838
504.612079 18853.723515 19442.485436
505.769311 18839.253710 19158.917190
506.769396 19432.709701 18929.982295
507.771040 18853.800245 19237.924694
508.826640 19054.832694 19006.410054
509.827367 19085.360801 19003.274618
510.832633 18786.573212 19037.492499
511.842341 19042.665146 18842.477824
512.901825 18412.172302 18923.063283
513.912993 18787.990984 18520.386846
514.963018 18673.675628 18573.859003
516.025186 19050.325028 18568.391560
517.065865 18520.922908 18874.465905
518.067077 19494.674740 18674.416269
519.126493 19264.183048 19266.331984
520.150838 19051.225569 19446.506762
521.228217 19335.090102 19331.295113
522.242554 19314.291734 19416.570302
523.306703 18896.317000 19423.239071
524.347020 18229.834068 19085.855570
525.398352 18780.922998 18369.916979
526.478729 18051.995864 18390.243652
527.500471 19349.501787 17951.381476
528.533559 18944.313907 18730.233426
529.671688 18924.831125 18970.585582
530.688630 18530.626970 19069.581655
531.748553 19299.320012 18787.238942
532.823993 19793.613677 19158.434375
533.830388 16010.437051 19749.973749
534.830806 17184.901790 17219.270949
535.971021 18426.797159 16532.559628
536.974358 18494.196965 17283.711035
538.087512 19644.359277 17995.608124
539.130979 18605.041113 19338.825613
540.187454 18585.502615 19307.329150
541.254666 19043.792819 19101.355036
542.303285 19469.845752 19213.122527
543.426949 18951.396458 19546.213545
544.522561 18420.015013 19304.830136
545.573438 18856.372412 18697.243927
546.649266 19099.783389 18651.411644
547.649793 18342.928178 18862.293927
548.690647 18783.537293 18459.466026
549.853736 19123.890109 18559.374450
550.902806 19130.383104 18920.633984
551.903498 18610.080737 19156.947529
552.939815 18646.937129 18878.236420
554.128811 19399.090907 18699.484238
555.128832 18530.984411 19161.086704
556.129130 18786.706848 18800.309115
557.254852 18735.882179 18744.380973
558.329101 19174.493125 18688.879869
559.361690 18975.295202 19001.838104
560.363769 18855.992736 19052.082534
561.430871 18896.818798 18968.531067
562.528507 18751.110946 18929.240297
563.597726 17716.893564 18792.208648
564.687485 18813.800170 17937.755362
565.730610 19141.149680 18277.993224
566.736755 18942.379419 18827.576024
567.742909 19018.821432 19031.683142
568.812740 18262.816807 19168.742280
569.877251 18684.125520 18632.788169
570.925623 18787.633043 18588.299807
572.036221 19103.377837 18667.642697
573.616708 18714.779994 18974.120324
574.708118 18870.549008 18868.225133
575.708742 19222.998565 18893.743014
576.709034 18874.201757 19165.040620
577.710407 18873.608439 19053.581304
578.743653 18874.139987 18952.561770
579.744501 19050.354521 18882.712332
580.890971 19009.741199 18977.805427
582.045687 18974.382538 19013.029257
583.045767 18157.239443 19003.300161
584.062091 19167.112878 18378.348887
585.148130 19135.709204 18768.000964
586.219631 19091.287123 19039.052227
587.356038 18718.686864 19165.425541
588.428986 18482.050245 18930.627399
589.507754 19101.120985 18582.765731
590.507881 18722.487401 18847.959080
591.630768 18770.228980 18759.871042
592.752473 19144.568785 18742.287298
593.752644 18616.151865 19021.235700
594.826751 18423.588423 18795.230483
595.857748 19104.994138 18493.035638
596.939944 19051.752293 18835.630698
597.988453 19568.298639 19034.337704
599.138296 19515.164307 19525.454614
600.222625 18684.391492 19741.873326
601.325904 18144.928314 19170.325816
602.445023 19297.388777 18358.471097
603.446105 18611.540684 18763.503389
604.518834 18820.015523 18585.104812
605.521621 19315.558824 18658.870621
606.526936 19563.797976 19107.697227
607.527232 18902.379056 19570.255293
608.527332 19278.758541 19303.855807
609.546524 19326.273368 19352.571490
610.633675 18563.145277 19394.112215
611.635778 18399.264711 18825.576797
612.778599 18759.750386 18352.790784
613.788136 19048.410898 18398.380515
614.886189 18364.410817 18728.013233
615.917531 18783.503714 18459.928947
616.981506 18756.648930 18616.326944
618.054584 18858.226173 18716.179048
619.146232 19333.069657 18852.405502
620.206197 19457.464489 19278.106510
621.214656 18894.748538 19597.993924
622.215673 19512.922759 19300.768310
623.236495 18401.064684 19514.281225
624.374182 18826.300427 18786.804510
625.511388 19584.157111 18645.558003
626.511991 18543.814925 19188.512869
627.527699 18595.328660 18778.644722
628.645800 18439.780015 18553.638501
629.694811 19422.753158 18334.896447
630.695205 18732.250357 18988.976168
631.697014 19140.741296 18906.583176
633.552290 19256.240443 19128.171679
634.625191 18264.355394 19328.732695
635.686284 18893.521066 18666.976354
636.724382 19183.949775 18707.317197
637.745798 19150.562760 18991.860118
638.745811 18756.769279 19157.113731
639.773451 18522.921032 18942.757684
640.942257 19197.495523 18613.696374
642.087842 18977.640249 18932.402752
643.088034 19222.032010 18993.137678
644.202755 18974.486793 19202.924605
645.203324 19186.068058 19126.936006
646.205351 18712.273690 19209.515353
647.271702 19050.770968 18889.597426
648.349952 19144.418512 18939.180487
649.436947 19677.437763 19062.105296
650.462926 18661.536847 19543.910443
651.578987 18688.986162 19056.269159
652.579497 18336.736796 18734.352425
653.585430 18055.178667 18297.865468
654.656289 18702.821837 17878.171225
655.775852 18971.887702 18198.308342
656.914275 18218.908885 18686.304672
657.914519 19501.274601 18436.964482
658.941026 18589.479258 19219.554775
659.976282 18619.742666 18997.433370
661.161586 19993.727408 18807.081696
662.162292 18877.226713 19695.559658
663.238591 19019.033159 19376.965055
664.323581 19205.674727 19199.088002
665.325232 18849.498889 19205.116942
666.427843 18794.346389 18941.138979
667.428653 18480.482285 18744.875600
668.429030 18761.164282 18423.713530
669.429842 18177.776444 18487.836181
670.507770 19010.691487 18150.688654
671.508879 19179.110703 18613.573120
672.510283 19045.324248 19070.609356
673.587374 19338.593918 19225.912970
674.587798 19160.021731 19478.369849
675.698418 19294.423089 19435.725165
676.712771 18611.368211 19446.277984
677.796793 18808.186632 18901.299511
678.805234 18724.866289 18703.941265
679.834025 19392.659282 18568.833227
680.929085 18480.940666 19041.132218
681.930234 18741.970115 18681.374517
683.006921 18213.442152 18647.159291
684.085356 18833.501112 18257.358412
685.126477 18592.041713 18516.523127
686.126708 18761.297167 18544.255432
687.170361 18888.138909 18697.009745
688.226370 17708.801068 18884.590063
689.372788 18757.150120 18094.764054
690.408849 18805.433208 18389.622091
691.525976 18923.657555 18665.145433
692.658291 19558.852942 18926.647308
693.805590 18687.891823 19533.047347
694.876456 18722.420219 19189.477927
695.889601 18551.733688 18918.192987
696.899756 18923.234865 18605.592427
697.901705 19209.460253 18714.453345
698.946730 19265.587583 19035.748225
699.947422 18990.417058 19281.919169
700.947661 19015.313763 19194.543851
701.957145 18806.143148 19118.497023
703.601580 18074.477874 18897.799832
704.656155 18387.594435 18215.788110
705.656244 19372.511158 18074.292111
706.657071 18912.271501 18820.557235
707.657326 18028.355342 18986.498535
708.657608 18997.843252 18387.975307
709.658692 19009.853388 18725.924635
710.701602 18516.809666 18971.886555
711.812817 18974.458139 18734.576431
712.848834 18918.120071 18904.716033
713.849090 18641.201100 18964.967809
715.005120 18696.719707 18775.692534
716.132784 18459.347739 18689.070994
717.250388 18872.997902 18469.643426
718.393201 18936.731278 18667.593342
719.451573 18544.625681 18865.719472
720.474987 18664.269016 18688.456291
721.476921 18874.058700 18653.599550
722.575893 18552.412297 18796.180808
723.690360 18693.540122 18645.706108
724.696259 18621.558531 18652.991174
725.696637 18485.465819 18612.784751
726.803991 19040.313808 18492.805450
727.805475 19081.766482 18847.116884
728.886983 19301.212502 19103.661337
729.955147 19036.529356 19391.044365
731.069027 19215.106293 19313.765554
732.070381 18988.650122 19339.749802
733.127316 18816.010415 19151.738920
734.171638 20037.319060 18887.481499
735.171986 19215.010714 19653.466502
736.218400 18763.726254 19515.690883
737.290226 19121.536513 19033.169686
738.639874 18895.711623 18992.905924
739.757301 19822.070851 18835.563022
740.803113 18844.815781 19466.698143
741.843574 19450.500590 19138.167578
742.925263 18632.946487 19354.827953
743.929018 18267.093700 18873.910722
744.929449 19334.390595 18298.821458
745.929557 18914.672852 18803.817558
746.941663 18792.736551 18874.170560
748.613293 19400.138448 18828.020408
749.620747 19663.382560 19251.675791
750.717680 18654.928408 19698.052231
751.744646 19466.814319 19156.232419
752.746645 18754.914032 19368.910943
753.781318 18367.227085 18965.800834
754.853209 18111.201517 18420.758869
755.949052 19038.539050 17942.835764
756.949140 19032.081833 18441.468799
758.029191 19107.969661 18835.209967
759.066122 18732.254536 19138.214389
760.066285 19154.048171 19000.369074
761.105868 19605.517222 19180.763008
762.200202 19574.973913 19602.883054
763.293440 18855.720926 19791.694137
764.352246 18531.366638 19292.479883
765.352570 19065.417060 18690.417300
766.493832 19449.577073 18750.161160
767.595662 18431.704455 19146.967075
768.605277 19360.598274 18657.618068
769.656709 19392.186789 19053.135526
770.803805 19226.879356 19351.451328
771.803930 18876.060284 19386.812520
772.807035 18808.289312 19101.395521
773.811538 19166.071292 18851.524983
774.814416 18831.279153 18984.117282
775.814812 19186.130784 18844.807829
776.816899 18892.275137 19037.909657
778.609569 18746.662646 18951.124118
779.647542 19309.513400 18783.809734
780.647876 18249.416730 19113.003836
781.768169 19660.160578 18531.655775
782.768365 18127.351238 19228.479870
783.852692 18476.435867 18535.205089
784.853905 19112.767876 18348.417708
785.857798 18992.701317 18764.277563
786.967508 18831.937864 18969.280150
787.989937 19071.311416 18957.064145
789.083814 18481.350418 19099.204737
790.083982 19458.423912 18720.830953
791.094284 18662.431322 19204.579049
792.143491 19042.938318 18912.919870
793.143971 18693.605363 18989.848390
794.317423 19175.143240 18779.585416
795.318144 18764.698489 19014.112324
796.319215 18937.530723 18863.799943
797.418205 18783.045667 18893.492565
798.418687 18401.794858 18803.484623
799.578698 18905.117899 18467.432807
800.740881 19244.856602 18660.489692
801.742044 18968.409618 19072.979214
802.779512 19175.766499 19114.858084
803.779819 19046.863839 19254.703063
804.847318 19078.417817 19208.214416
805.957489 18500.393617 19168.297932
807.086350 19316.594043 18692.351512
808.126106 18767.744572 19018.539147
809.188814 19116.410503 18844.509586
810.198508 18985.082653 18999.803000
811.334445 18446.392832 19008.105695
812.334913 18399.611355 18602.483917
813.371399 18989.520151 18325.564148
814.476928 18262.058184 18648.047663
815.638563 18582.305142 18349.061067
816.641066 18618.759750 18418.002267
817.659628 18253.241374 18520.889541
818.819218 18864.309468 18322.661949
819.832490 18114.678404 18664.494079
820.833520 18766.149913 18323.140694
821.833692 18554.528847 18588.952060
823.570773 18086.587798 18607.441408
824.571235 19537.673840 18252.502154
825.626855 18413.757771 19121.868470
826.668838 18180.057753 18817.565918
827.668958 19105.865217 18389.187592
828.738740 18773.894438 18817.071568
829.741075 19098.900717 18854.233883
830.854262 18939.158164 19096.484889
832.025648 18742.661893 19098.407434
833.177939 18382.317632 18912.184186
834.178011 18975.412198 18506.433793
835.305251 19224.470669 18717.350481
836.378268 19112.120296 19074.118107
837.513067 19087.104154 19205.827281
838.543151 19034.020025 19229.493015
839.594361 19416.497415 19165.915570
840.704034 18617.421208 19388.011004
841.849344 18790.993114 18906.873168
842.849552 19131.674898 18724.120190
843.881394 18945.606676 18904.973270
844.924441 18827.890020 18912.524050
845.925102 18804.411364 18836.282605
847.066880 19178.527582 18778.454744
848.067016 18812.054852 19036.617132
849.104030 18505.333475 18926.321391
850.136042 18559.352006 18612.565853
851.141853 19384.851141 18469.393887
852.148964 19287.308792 19039.421785
853.602239 18469.963346 19337.636312
854.602373 19309.461115 18861.152611
855.731173 18640.052936 19154.736771
856.756372 18766.376731 18838.153803
857.793592 18038.069313 18725.079948
858.881383 18621.815118 18132.636653
859.882689 19760.665457 18250.582525
861.016163 19149.537079 19256.501363
862.166348 18992.871617 19427.155522
863.300995 18746.268571 19325.578895
864.301341 19570.956698 19006.661477
865.369207 19464.422652 19400.620637
866.457303 19274.568064 19560.283698
867.545142 18806.907176 19473.759026
868.625963 19091.630350 19029.953283
869.683604 18753.164187 18965.831266
870.708724 18697.612927 18711.370406
871.841603 18411.434208 18552.924976
872.841901 19231.596110 18295.240210
873.906773 18604.403624 18810.567752
874.953626 19062.148635 18703.094249
876.138081 19387.346582 18967.993599
877.138446 18601.133840 19367.880493
878.230061 19087.976440 18983.030906
879.312340 18429.970522 19060.263796
880.332143 18638.982870 18612.303964
881.354554 18851.487968 18499.499948
882.354705 18774.924569 18637.347494
883.602900 18741.865667 18702.383836
884.642018 18615.648453 18728.243014
885.645417 19505.441715 18649.915356
886.648481 18435.598357 19269.529747
887.652749 18502.353363 18835.932417
888.653750 18249.270052 18569.116491
889.668801 19449.478369 18229.205263
890.746668 18724.935996 18964.422084
891.817497 18992.735685 18909.887786
892.817940 18652.707155 19037.232456
893.833088 18807.157984 18834.759201
894.834535 18667.885262 18803.847684
895.865968 18619.823809 18684.764958
896.866211 18906.945721 18584.957582
897.867915 18572.045287 18759.111885
898.944576 17072.703632 18631.972170
900.095510 18938.115125 17428.914350
901.152649 18189.041690 18137.391380
902.191060 18843.456952 18130.005756
903.192511 19248.056159 18631.883373
904.234536 19244.809488 19239.164982
905.286630 18689.717188 19542.593578
906.362580 18624.745468 19203.542628
907.411020 20189.264040 18856.832003
908.453045 19590.844856 19798.843986
909.607007 19053.054286 19918.640603
910.634825 18483.994130 19493.247047
911.635519 19315.203104 18743.706962
912.706544 18846.383029 18927.415442
913.764643 19688.331328 18764.601541
914.776429 19365.959676 19335.101187
915.874394 19440.505050 19466.879806
916.879818 18692.269377 19563.448114
917.907884 18712.444993 19019.819747
918.909026 18780.443488 18681.249683
919.936887 18823.397814 18570.762350
921.021150 18647.610156 18600.154712
922.062685 18630.280305 18538.820925
923.149504 19109.610764 18522.353952
924.157139 19059.995585 18900.599897
925.202767 18544.943984 19104.764202
926.207118 18877.081771 18809.365500
927.207199 18839.822525 18844.664110
928.501608 19367.018904 18842.473396
929.520619 19363.854390 19236.112605
930.521036 19206.323920 19463.285399
931.522266 18815.364880 19433.866191
932.525377 18525.329795 19069.051740
933.557624 20924.449357 18605.696486
934.557696 19421.236580 20153.266857
935.557705 19046.033034 19992.438085
936.558527 18753.797949 19487.820664
937.563737 18969.980306 18905.888731
938.619175 18359.799704 18739.036837
939.619650 19384.115529 18255.711306
940.621843 19244.104158 18808.307509
941.626122 19062.054912 19123.549087
942.629010 18945.507375 19174.771709
943.667323 18073.936057 19084.793169
944.668499 19190.824876 18351.303961
945.669283 18883.510953 18752.883996
946.669580 19225.751712 18832.673791
947.669720 18774.303485 19141.958549
948.669971 19605.532806 18978.963048
949.675672 19125.210173 19469.722397
950.702971 18758.047592 19388.812699
951.703113 19395.661499 19007.085283
952.703700 18879.090470 19232.172582
953.734259 19166.629542 18998.160190
954.770442 19053.510903 19067.040867
955.770755 19144.971122 19041.539395
956.771342 18638.977397 19100.376701
957.772538 18976.530890 18761.448665
958.772867 18801.813137 18814.531950
959.773011 19127.346683 18750.535013
960.773392 18326.810239 18975.506234
961.773567 19152.533930 18525.549625
962.822135 18744.766192 18870.179241
963.822199 18838.179892 18807.256919
964.837322 18818.796336 18830.233350
965.858060 18457.202335 18829.170535
966.861340 19297.816574 18554.850077
967.861507 19229.657809 19023.738591
968.898574 18877.943545 19275.583271
969.898797 18964.749234 19126.238547
970.899065 18542.207884 19054.596702
971.915632 19015.398671 18679.407899
972.971586 18655.239889 18812.406585
973.971594 18687.019226 18659.534863
975.050352 19056.422879 18605.859761
976.051156 19139.853883 18876.364816
977.069586 18946.124775 19119.205112
978.140444 18800.482631 19100.490622
979.144525 19191.540544 18943.310307
980.144776 18755.514446 19122.306666
981.162743 19278.181067 18902.093741
983.471591 19482.888521 19147.342421
984.472076 18919.138267 19456.207013
985.474098 18851.624880 19194.496995
988.481411 18724.307410 18944.167264
989.482155 18842.083327 18700.378700
990.482178 18396.632383 18672.798533
993.484732 19138.666958 18367.241441
994.484854 18803.183244 18778.336561
995.486189 18877.670265 18822.353935
998.482503 19700.350550 18895.435215
999.482575 18971.988115 19544.544831
1000.483853 18963.965396 19361.779242
1003.478480 19417.088845 19166.931627
1004.478722 18709.925982 19358.608848
1005.479325 18827.725922 18938.695311
1008.477792 18605.831626 18759.896165
1009.478732 18861.716553 18521.033309
1010.480080 19509.710726 18614.715156
1013.479042 19197.254539 19209.302058
1014.479430 19151.446019 19347.355536
1015.479481 19035.341823 19344.500636
1018.476125 18562.606262 19207.731385
1019.477024 18766.063285 18741.697697
1020.477771 19255.902489 18616.500762
1023.450428 18681.169207 18958.672329
1024.450728 18783.494951 18773.015690
1028.450428 18982.093517 18733.970058
1029.450571 18776.371151 18875.777390
1033.450428 18849.550012 18818.968313
1034.450839 19074.763971 18834.798630
1038.450428 19240.703501 19015.312103
1039.450607 19030.490404 19244.886454
1043.450428 18983.877859 19200.968069
1044.450449 19203.880510 19101.430051
