# WEMAClient mimuroto
156.217730 0.207105 3090.226000 3072
161.456396 5.188666 2960.298000 2816
166.204692 4.698296 2996.831000 2816
170.989902 4.785210 2942.399000 2816
175.801967 4.812065 2925.978000 2816
180.495230 4.693263 3000.045000 2816
185.203872 4.708643 2990.246000 2816
189.947459 4.743587 2968.217000 2816
194.670236 4.722777 2981.297000 2816
199.336292 4.666056 3017.537000 2816
204.035152 4.698860 2996.471000 2816
208.748362 4.713210 2987.348000 2816
213.367093 4.618731 3048.456000 2816
218.082644 4.715551 2985.865000 2816
222.697408 4.614764 3051.077000 2816
227.412775 4.715367 2985.981000 2816
232.111691 4.698916 2996.436000 2816
236.751412 4.639721 3034.664000 2816
241.430860 4.679448 3008.901000 2816
246.143748 4.712888 2987.552000 2816
250.707694 4.563946 3085.049000 3072
255.815599 5.107905 3007.103000 2816
260.402178 4.586578 3069.826000 2816
265.042704 4.640527 3034.138000 2816
269.680966 4.638262 3035.619000 2816
274.353040 4.672074 3013.650000 2816
278.997161 4.644120 3031.790000 2816
283.682889 4.685728 3004.868000 2816
288.298226 4.615337 3050.698000 2816
293.051943 4.753717 2961.892000 2816
297.680254 4.628311 3042.146000 2816
302.323702 4.643448 3032.229000 2816
307.031786 4.708083 2990.601000 2816
311.755890 4.724104 2980.459000 2816
316.499531 4.743641 2968.183000 2816
321.117445 4.611049 3053.535000 2816
326.117550 4.611154 3053.465000 2816
331.113970 4.607574 3055.837000 2816
336.137542 4.631146 3040.284000 2816
341.088930 4.582534 3072.535000 3072
346.573680 5.067284 3031.209000 2816
351.320152 4.746472 2966.413000 2816
356.170897 4.664501 3018.543000 2816
361.123524 4.617128 3049.514000 2816
366.225544 4.719148 2983.589000 2816
371.198309 4.691913 3000.907000 2816
376.127967 4.621571 3046.582000 2816
381.131714 4.625318 3044.115000 2816
386.278116 4.771720 2950.717000 2816
391.121559 4.615163 3050.812000 2816
396.160665 4.654269 3025.179000 2816
401.106067 4.599671 3061.088000 2816
406.202429 4.696033 2998.275000 2816
411.231841 4.725445 2979.613000 2816
416.016910 4.510514 3121.595000 3072
421.633413 5.127017 2995.894000 2816
426.242246 4.608834 3055.002000 2816
431.140154 4.633758 3038.570000 2816
436.097829 4.591433 3066.580000 2816
441.221142 4.714746 2986.375000 2816
446.085701 4.579305 3074.702000 3072
451.562451 5.056055 3037.941000 2816
456.106672 4.544221 3098.440000 3072
461.554020 5.047624 3043.015000 2816
466.084623 4.530603 3107.754000 3072
471.542412 5.036016 3050.029000 2816
476.228590 4.686177 3004.581000 2816
481.255820 4.749424 2964.569000 2816
486.139397 4.633001 3039.066000 2816
491.114871 4.608475 3055.240000 2816
496.048615 4.542219 3099.806000 3072
501.658555 5.152159 2981.274000 2816
506.357602 4.699047 2996.352000 2816
511.229691 4.723295 2980.969000 2816
516.077156 4.570760 3080.450000 3072
521.488382 4.981986 3083.108000 3072
526.694703 5.188307 2960.503000 2816
531.395966 4.701263 2994.940000 2816
536.161918 4.655522 3024.365000 2816
541.063645 4.557249 3089.583000 3072
546.666427 5.160031 2976.726000 2816
551.278402 4.611974 3052.922000 2816
556.148482 4.642086 3033.119000 2816
561.107532 4.601136 3060.113000 2816
566.037519 4.531123 3107.397000 3072
571.449964 4.943568 3107.067000 3072
576.616346 5.109950 3005.900000 2816
581.205172 4.588826 3068.322000 2816
586.032430 4.526034 3110.891000 3072
591.488055 4.981659 3083.310000 3072
596.707976 5.201580 2952.949000 2816
601.434183 4.726207 2979.132000 2816
606.079025 4.572629 3079.191000 3072
611.610655 5.104259 3009.251000 2816
616.109363 4.498707 3129.787000 3072
621.410599 4.904203 3132.007000 3072
626.773789 5.267393 2916.053000 2816
631.552571 4.778782 2946.357000 2816
636.109422 4.556851 3089.852000 3072
641.499661 4.993265 3076.143000 3072
646.574148 5.067752 3030.929000 2816
651.309925 4.735777 2973.113000 2816
656.039436 4.533040 3106.083000 3072
661.528725 5.022329 3058.342000 2816
666.209571 4.680846 3008.003000 2816
671.185356 4.678960 3009.216000 2816
676.242056 4.735660 2973.186000 2816
681.163013 4.656617 3023.654000 2816
686.113619 4.607223 3056.071000 2816
691.149658 4.643262 3032.351000 2816
696.095438 4.589042 3068.178000 2816
701.042869 4.536473 3103.732000 3072
706.570180 5.063784 3033.304000 2816
711.134022 4.563842 3085.119000 3072
716.510464 5.004068 3069.502000 2816
721.255518 4.745054 2967.300000 2816
726.192813 4.686417 3004.427000 2816
731.165209 4.658813 3022.228000 2816
736.064719 4.558323 3088.855000 3072
741.421255 4.914859 3125.216000 3072
746.656862 5.150466 2982.254000 2816
751.359264 4.702402 2994.214000 2816
756.039464 4.533068 3106.064000 3072
761.343087 4.836691 3175.725000 3072
766.606484 5.100088 3011.712000 2816
771.201001 4.594518 3064.521000 2816
776.024044 4.517648 3116.665000 3072
781.479535 4.973139 3088.592000 3072
786.674007 5.167611 2972.359000 2816
791.327044 4.653037 3025.980000 2816
796.146331 4.639935 3034.524000 2816
801.023178 4.516782 3117.263000 3072
806.673781 5.167385 2972.489000 2816
811.303597 4.629816 3041.157000 2816
816.099922 4.593526 3065.183000 2816
820.981465 4.475069 3146.320000 3072
826.332761 4.826365 3182.519000 3072
831.508233 5.001837 3070.872000 2816
836.006480 4.498248 3130.107000 3072
841.384882 4.878486 3148.517000 3072
846.510096 5.003700 3069.728000 2816
851.194650 4.684554 3005.622000 2816
855.916705 4.410309 3192.519000 3072
861.394172 4.887776 3142.533000 3072
866.572673 5.066277 3031.812000 2816
871.275518 4.702845 2993.932000 2816
876.079795 4.573399 3078.672000 3072
881.292469 4.786073 3209.311000 3072
886.237952 4.731556 3246.289000 3072
891.212408 4.706012 3263.909000 3072
896.396020 4.889624 3141.345000 3072
901.589037 5.082641 3022.051000 2816
906.316771 4.727734 2978.170000 2816
911.175038 4.668642 3015.866000 2816
916.045196 4.538800 3102.141000 3072
920.436812 3.930416 3907.983000 3840
925.100548 3.594152 5342.011000 5120
931.384684 4.878288 5247.742000 5120
937.212303 5.705907 4486.578000 4352
942.339613 5.127310 4243.940000 4096
947.197726 4.858113 4215.628000 4096
951.963211 4.765485 4297.569000 4096
956.742520 4.779309 4285.137000 4096
961.518490 4.775970 4288.133000 4096
966.401651 4.883161 4194.004000 4096
971.236567 4.730171 4329.653000 4096
976.246733 4.740337 4320.367000 4096
980.717869 4.211473 4862.906000 4608
985.142739 3.636343 6336.035000 5120
990.403055 3.896659 6569.730000 5120
995.403309 3.896913 6569.302000 5120
1000.432989 3.926593 6519.647000 5120
1005.426266 3.919870 6530.828000 5120
1010.402084 3.895688 6571.367000 5120
1015.392415 3.886019 6587.719000 5120
1019.223020 2.716624 9423.459000 5120
1024.237835 2.731439 9372.349000 5120
1029.226740 2.720344 9410.575000 5120
1034.291243 2.784847 9192.605000 5120
1038.890559 2.384163 10737.521000 5120
