# WEMAClient mimuroto
94.121058 0.109142 5863.913000 5120
97.983018 3.811960 6715.704000 5120
103.642977 5.659959 4523.000000 4352
108.518034 4.875057 4463.537000 4352
113.412673 4.894639 4445.680000 4352
118.373333 4.960660 4386.513000 4352
123.296857 4.923524 4419.598000 4352
129.002036 5.705179 3814.078000 3584
134.005649 5.003613 3581.412000 3328
138.740744 4.735095 3514.185000 3328
143.453679 4.712936 3530.707000 3328
148.164525 4.710846 3532.274000 3328
152.810259 4.645734 3581.780000 3328
157.761747 4.951488 3360.605000 3328
163.338683 5.576936 2983.717000 2816
167.985801 4.647118 3029.835000 2816
172.780568 4.794767 2936.534000 2816
177.589716 4.809149 2927.753000 2816
182.315143 4.725427 2979.624000 2816
187.002214 4.687071 3004.008000 2816
191.631614 4.629400 3041.430000 2816
196.209393 4.577779 3075.727000 3072
201.465971 5.256578 2922.053000 2816
206.048119 4.582148 3072.794000 3072
211.098885 5.050766 3041.122000 2816
215.802652 4.703767 2993.345000 2816
220.522200 4.719548 2983.336000 2816
225.259604 4.737404 2972.092000 2816
229.892563 4.632959 3039.094000 2816
234.599637 4.707074 2991.242000 2816
239.318928 4.719292 2983.498000 2816
244.031181 4.712253 2987.955000 2816
248.706335 4.675154 3011.665000 2816
253.454776 4.748441 2965.184000 2816
258.094392 4.639616 3034.733000 2816
262.863251 4.768859 2952.488000 2816
267.552086 4.688835 3002.877000 2816
272.302926 4.750840 2963.686000 2816
276.975802 4.672876 3013.133000 2816
281.621794 4.645992 3030.569000 2816
286.389568 4.767775 2953.159000 2816
291.062362 4.672794 3013.186000 2816
295.750337 4.687974 3003.429000 2816
300.370615 4.620278 3047.435000 2816
304.970391 4.599777 3061.018000 2816
309.668376 4.697984 2997.030000 2816
314.298120 4.629744 3041.204000 2816
318.939006 4.640887 3033.903000 2816
323.727666 4.556608 3090.017000 3072
329.203243 5.032185 3052.351000 2816
333.844437 4.641194 3033.702000 2816
338.747864 4.576807 3076.380000 3072
344.157320 4.986262 3080.463000 3072
349.381239 5.210181 2948.074000 2816
354.033522 4.652283 3026.470000 2816
358.741716 4.570658 3080.519000 3072
364.168863 4.997805 3073.349000 3072
369.260673 5.089615 3017.910000 2816
373.946408 4.685735 3004.864000 2816
378.708596 4.537538 3103.004000 3072
384.314843 5.143785 2986.128000 2816
389.066472 4.751630 2963.193000 2816
393.755742 4.584684 3071.094000 2816
398.762435 4.591377 3066.617000 2816
403.924622 4.753564 2961.988000 2816
408.827197 4.656139 3023.964000 2816
413.694257 4.523199 3112.841000 3072
419.163622 4.992564 3076.575000 3072
424.278510 5.107452 3007.370000 2816
428.952944 4.674434 3012.129000 2816
433.818374 4.647316 3029.705000 2816
438.840325 4.669267 3015.462000 2816
443.827519 4.656461 3023.755000 2816
448.770695 4.599637 3061.111000 2816
453.964198 4.793140 2937.531000 2816
458.770238 4.599180 3061.415000 2816
463.871823 4.700765 2995.256000 2816
468.694445 4.523387 3112.711000 3072
474.232430 5.061372 3034.750000 2816
478.921345 4.688915 3002.826000 2816
483.826919 4.655861 3024.144000 2816
488.788402 4.617344 3049.371000 2816
493.909145 4.738087 2971.663000 2816
498.788161 4.617103 3049.530000 2816
503.996732 4.825674 2917.727000 2816
508.907481 4.736423 2972.707000 2816
513.763704 4.592646 3065.770000 2816
518.644822 4.473764 3147.238000 3072
524.380225 5.209167 2948.648000 2816
529.046734 4.666510 3017.244000 2816
533.897384 4.726326 2979.058000 2816
538.761904 4.590846 3066.972000 2816
543.800859 4.629801 3041.167000 2816
548.803853 4.632795 3039.201000 2816
553.737756 4.566698 3083.190000 3072
559.192985 5.021927 3058.586000 2816
563.798437 4.605452 3057.246000 2816
568.674050 4.502992 3126.809000 3072
574.328282 5.157224 2978.346000 2816
579.017881 4.689600 3002.388000 2816
583.762004 4.590946 3066.905000 2816
588.749372 4.578314 3075.367000 3072
594.289048 5.117990 3001.177000 2816
599.026988 4.737940 2971.755000 2816
603.835204 4.664146 3018.773000 2816
608.788145 4.617087 3049.541000 2816
613.960525 4.789467 2939.784000 2816
618.701874 4.530816 3107.607000 3072
624.258149 5.087091 3019.407000 2816
628.966100 4.707951 2990.685000 2816
633.846670 4.675612 3011.370000 2816
638.729869 4.558811 3088.524000 3072
644.286708 5.115650 3002.551000 2816
649.051503 4.764795 2955.006000 2816
653.830959 4.659901 3021.523000 2816
658.661538 4.490480 3135.522000 3072
664.455849 5.284791 2906.453000 2816
669.021264 4.565414 3084.057000 3072
674.179026 5.007968 3067.112000 2816
678.764660 4.585634 3070.458000 2816
683.749996 4.578938 3074.949000 3072
689.190338 5.019280 3060.199000 2816
693.828978 4.638639 3035.372000 2816
698.717429 4.546371 3096.975000 3072
704.179122 5.008064 3067.053000 2816
708.846129 4.667007 3016.922000 2816
713.784156 4.613098 3052.178000 2816
718.887443 4.716385 2985.337000 2816
723.835150 4.664092 3018.808000 2816
728.773061 4.602003 3059.537000 2816
733.862987 4.691929 3000.897000 2816
738.728489 4.557431 3089.459000 3072
744.346205 5.175147 2968.031000 2816
749.008893 4.662688 3019.717000 2816
753.847279 4.676221 3010.978000 2816
758.571555 4.400497 3199.638000 3072
764.238035 5.066977 3031.393000 2816
768.825757 4.587722 3069.061000 2816
773.603074 4.432016 3176.883000 3072
778.865433 4.694375 3272.000000 3072
784.212157 5.041099 3046.954000 2816
788.930203 4.718046 2984.286000 2816
793.766511 4.595453 3063.897000 2816
798.652973 4.481915 3141.514000 3072
804.203989 5.032931 3051.899000 2816
808.978472 4.774483 2949.010000 2816
813.838457 4.667399 3016.669000 2816
818.634262 4.463204 3154.684000 3072
823.920128 4.749070 3234.317000 3072
829.224619 5.053561 3039.441000 2816
833.758778 4.534159 3105.316000 3072
838.961319 4.790261 3206.505000 3072
844.183551 5.012493 3064.343000 2816
848.825164 4.641613 3033.428000 2816
853.563247 4.392189 3205.690000 3072
858.852496 4.681438 3281.043000 3072
864.114849 4.943791 3106.927000 3072
869.227797 5.056739 3037.530000 2816
873.736102 4.508305 3123.125000 3072
878.886883 4.715825 3257.118000 3072
883.826726 4.655668 3299.204000 3072
888.799794 4.628736 3318.400000 3072
893.771712 4.600654 3338.655000 3328
899.559364 5.388306 3088.169000 3072
904.675283 5.115919 3002.393000 2816
909.303016 4.627733 3042.526000 2816
913.670031 4.367015 3224.169000 3072
918.555054 4.383996 3503.652000 3328
921.905332 2.734274 6085.709000 5120
927.266910 3.095852 8269.127000 5120
934.434100 5.263042 4864.107000 4864
940.131493 5.697393 4268.618000 4096
944.992272 4.860780 4213.315000 4096
949.765762 4.773489 4290.362000 4096
954.498289 4.732527 4327.497000 4096
959.193797 4.695508 4361.615000 4352
964.303955 5.110158 4258.185000 4096
968.923334 4.619379 4433.495000 4352
973.943278 4.772220 4559.722000 4352
978.906701 4.735643 4594.941000 4352
