# WEMAClient mimuroto
32.090725 0.079382 8062.293000 5120
34.093517 1.952792 13109.437000 5120
35.564051 1.470533 17408.648000 5120
37.926679 2.362628 10835.391000 5120
39.913922 1.987243 12882.168000 5120
44.073109 1.932383 13247.889000 5120
49.078753 1.938028 13209.305000 5120
54.055097 1.914371 13372.538000 5120
59.073375 1.932649 13246.065000 5120
64.997329 2.856603 8961.692000 5120
70.962304 3.821579 6698.802000 5120
75.985660 3.844934 6658.111000 5120
81.010094 3.869369 6616.066000 5120
85.300100 3.159374 8102.870000 5120
89.951652 2.810927 9107.316000 5120
95.470313 3.329587 7688.640000 5120
102.488951 5.348226 4786.634000 4608
107.675362 5.186411 4442.378000 4352
112.553913 4.878552 4460.340000 4352
117.426257 4.872343 4466.023000 4352
122.348157 4.921900 4421.057000 4352
127.825966 5.477810 3972.390000 3840
133.178482 5.352516 3587.098000 3584
138.198948 5.020466 3569.389000 3328
142.883566 4.684617 3552.051000 3328
147.561558 4.677992 3557.081000 3328
152.172084 4.610526 3609.132000 3584
157.527789 5.355705 3345.964000 3328
163.232358 5.704569 2916.959000 2816
167.950915 4.718557 2983.962000 2816
172.662036 4.711121 2988.673000 2816
177.345396 4.683359 3006.388000 2816
182.078736 4.733341 2974.643000 2816
186.896053 4.755328 2960.889000 2816
191.872301 4.731576 2975.752000 2816
196.931851 4.791125 2938.766000 2816
201.923362 4.782636 2943.983000 2816
206.949574 4.808848 2927.935000 2816
211.946952 4.806226 2929.533000 2816
216.904257 4.763532 2955.790000 2816
221.874005 4.733279 2974.681000 2816
226.902898 4.762173 2956.633000 2816
231.939419 4.798693 2934.132000 2816
236.885065 4.744339 2967.747000 2816
241.798762 4.658037 3022.732000 2816
246.816962 4.676237 3010.968000 2816
251.944311 4.803585 2931.144000 2816
256.914045 4.773320 2949.728000 2816
262.015897 4.875172 2888.103000 2816
266.834580 4.693855 2999.666000 2816
271.902824 4.762099 2956.679000 2816
276.912062 4.771337 2950.955000 2816
281.904157 4.763431 2955.852000 2816
286.894993 4.754268 2961.549000 2816
291.918414 4.777688 2947.031000 2816
296.823711 4.682985 3006.629000 2816
301.815249 4.674524 3012.071000 2816
306.890088 4.749363 2964.608000 2816
312.025070 4.884344 2882.679000 2816
316.902801 4.762076 2956.693000 2816
321.820097 4.679371 3008.951000 2816
326.725281 4.584555 3071.181000 2816
331.821157 4.680431 3008.269000 2816
336.736089 4.595363 3063.957000 2816
341.720313 4.579587 3074.512000 3072
347.347391 5.206665 2950.064000 2816
352.030270 4.682880 3006.696000 2816
356.776292 4.635567 3037.384000 2816
361.688798 4.548072 3095.817000 3072
367.259088 5.118362 3000.959000 2816
371.933896 4.674808 3011.888000 2816
376.722535 4.581810 3073.021000 3072
382.058424 4.917699 3123.412000 3072
387.244035 5.103310 3009.811000 2816
391.917467 4.673432 3012.775000 2816
396.627896 4.487170 3137.834000 3072
402.208096 5.067370 3031.158000 2816
406.877404 4.669309 3015.435000 2816
411.770109 4.629384 3041.441000 2816
416.727074 4.586348 3069.980000 2816
421.944142 4.803416 2931.247000 2816
426.851226 4.710501 2989.066000 2816
431.693867 4.553141 3092.370000 3072
437.146368 5.005642 3068.537000 2816
441.704282 4.557914 3089.132000 3072
447.156357 5.015631 3062.426000 2816
451.778244 4.621887 3046.374000 2816
456.775738 4.635012 3037.748000 2816
461.871086 4.730361 2976.516000 2816
466.833429 4.692704 3000.402000 2816
471.716841 4.576116 3076.845000 3072
477.177567 5.036841 3049.530000 2816
481.833220 4.655653 3024.280000 2816
486.741159 4.600434 3060.580000 2816
491.617024 4.476299 3145.455000 3072
497.128767 4.988042 3079.364000 3072
502.178343 5.037618 3049.060000 2816
506.809713 4.631370 3040.137000 2816
511.724468 4.583743 3071.725000 2816
516.676989 4.536263 3103.876000 3072
522.211550 5.070825 3029.093000 2816
527.014743 4.803193 2931.383000 2816
531.816747 4.676022 3011.106000 2816
536.687553 4.546827 3096.664000 3072
542.249907 5.109181 3006.352000 2816
547.024734 4.774827 2948.797000 2816
551.778881 4.638156 3035.689000 2816
556.842893 4.702167 2994.363000 2816
561.795481 4.654756 3024.863000 2816
566.757058 4.616332 3050.040000 2816
571.757726 4.617000 3049.599000 2816
576.885822 4.745097 2967.273000 2816
581.785398 4.644672 3031.430000 2816
586.828488 4.687762 3003.565000 2816
591.880798 4.740072 2970.418000 2816
596.833365 4.692640 3000.443000 2816
601.832718 4.691992 3000.857000 2816
606.745094 4.604369 3057.965000 2816
611.842109 4.701383 2994.863000 2816
616.653809 4.513084 3119.818000 3072
622.276499 5.135774 2990.786000 2816
627.014785 4.738286 2971.538000 2816
631.727733 4.587008 3069.539000 2816
636.795399 4.654673 3024.916000 2816
641.821951 4.681225 3007.759000 2816
646.855132 4.714407 2986.589000 2816
651.757069 4.616343 3050.033000 2816
656.672505 4.531779 3106.947000 3072
662.176277 5.035552 3050.311000 2816
666.904881 4.728604 2977.623000 2816
671.741615 4.600889 3060.278000 2816
676.789270 4.648545 3028.904000 2816
681.866802 4.726076 2979.215000 2816
686.785644 4.644918 3031.269000 2816
691.786542 4.645817 3030.683000 2816
696.766760 4.626034 3043.643000 2816
701.751243 4.610518 3053.887000 2816
706.910690 4.769965 2951.803000 2816
711.721404 4.580679 3073.780000 3072
717.280257 5.139531 2988.599000 2816
721.936889 4.656632 3023.644000 2816
726.825020 4.684295 3005.788000 2816
731.825465 4.684740 3005.502000 2816
736.745684 4.604958 3057.573000 2816
741.856657 4.715931 2985.624000 2816
746.874138 4.733413 2974.597000 2816
751.729350 4.588624 3068.457000 2816
756.508045 4.367320 3223.945000 3072
762.164426 5.023701 3057.507000 2816
766.810377 4.645951 3030.595000 2816
771.752189 4.611464 3053.260000 2816
776.615620 4.474895 3146.442000 3072
782.092577 4.951851 3101.870000 3072
787.274539 5.133814 2991.927000 2816
792.011052 4.736513 2972.651000 2816
796.693297 4.552572 3092.757000 3072
801.965465 4.824739 3183.591000 3072
807.168584 5.027858 3054.978000 2816
811.901533 4.732949 2974.889000 2816
816.748119 4.607394 3055.957000 2816
821.507188 4.366462 3224.578000 3072
827.191108 5.050383 3041.353000 2816
831.755217 4.564109 3084.939000 3072
836.892928 4.752203 3232.185000 3072
842.036093 4.895368 3137.659000 3072
847.209678 5.068953 3030.211000 2816
851.729054 4.519375 3115.474000 3072
856.879532 4.738807 3241.322000 3072
861.935467 4.794742 3203.509000 3072
867.107016 4.966290 3092.851000 3072
872.202437 5.061712 3034.546000 2816
876.662823 4.460386 3156.677000 3072
881.812149 4.671424 3288.076000 3072
886.728510 4.587784 3348.021000 3328
892.195892 5.055166 3291.682000 3072
897.102781 4.906889 3130.292000 3072
902.300510 5.159785 2976.868000 2816
907.001624 4.701114 2995.035000 2816
911.668593 4.527867 3109.631000 3072
916.820380 4.679655 3282.293000 3072
