# AndroidClient mimuroto
1.089551 0.084288 7593.044455 5120
2.603494 1.463944 17487.011681 5120
4.076193 1.472699 17383.045827 5120
5.553812 1.477618 17325.175612 5120
7.622474 1.482924 17263.190831 5120
12.621851 1.482301 17270.446421 5120
17.620338 1.480787 17288.102285 5120
22.611715 1.472165 17389.359071 5120
27.611842 1.472291 17387.866937 5120
33.158189 2.018638 12681.817593 5120
38.999037 2.859486 8952.657540 5120
43.073116 1.933565 13239.792382 5120
48.091231 1.951681 13116.898099 5120
53.040774 1.901224 13465.011601 5120
58.112508 1.972958 12975.443156 5120
63.076219 1.936668 13218.577074 5120
69.956735 3.817185 6706.513096 5120
75.009484 3.869933 6615.100961 5120
79.953960 3.814409 6711.392978 5120
83.910415 2.770865 9238.993659 5120
88.083642 1.944092 13168.101146 5120
93.052724 1.913173 13380.910225 5120
101.012950 4.873400 5253.006603 5120
106.986943 5.847393 4378.019707 5120
112.757397 5.770454 4436.392717 5120
118.530517 5.773120 4434.343828 5120
124.343087 5.812570 4404.248200 5120
131.306669 6.963582 3676.268922 5120
138.570430 7.263761 3524.345032 5120
145.781266 7.210836 3550.212319 5120
152.983588 7.202322 3554.409416 5120
161.129522 8.095933 3162.081310 5120
169.794278 8.614756 2971.645299 5120
178.370144 8.525866 3002.627417 5120
186.921755 8.501611 3011.193904 5120
195.464299 8.492544 3014.408970 5120
204.035683 8.521384 3004.206972 5120
212.571736 8.486053 3016.714483 5120
221.211780 8.590044 2980.194268 5120
229.813667 8.551887 2993.491532 5120
238.366329 8.502663 3010.821604 5120
246.932414 8.516085 3006.076185 5120
255.481698 8.499284 3012.018372 5120
263.991842 8.460144 3025.953245 5120
272.565086 8.523244 3003.551230 4864
280.744258 8.129172 2991.694540 4864
288.946223 8.151965 2983.329739 4864
297.137010 8.140787 2987.426154 4864
305.370940 8.183930 2971.677478 4608
313.116882 7.695942 2993.785684 4608
320.800480 7.633598 3018.236056 4608
328.283221 7.432742 3099.798312 4608
335.865925 7.532703 3058.662956 4608
343.255465 7.339541 3139.161069 4608
351.204085 7.898620 2916.965319 4352
358.324095 7.070010 3077.789152 4352
365.492695 7.118600 3056.780973 4352
372.678883 7.136189 3049.246675 4352
379.748230 7.019347 3100.003443 4352
387.030052 7.231821 3008.923861 4352
394.206723 7.126671 3053.319088 4352
401.250974 6.994251 3111.126351 4352
408.512797 7.211823 3017.267728 4096
415.211076 6.648280 3080.496212 4096
421.941152 6.680076 3065.833486 4096
428.722967 6.731814 3042.270435 4096
435.502912 6.729946 3043.115232 4096
442.220434 6.667522 3071.605910 4096
448.980167 6.709733 3052.282622 4096
455.765370 6.735204 3040.739579 4096
462.436561 6.621191 3093.099095 4096
469.097055 6.610494 3098.104543 4096
475.908459 6.761405 3028.956393 4096
482.639292 6.680833 3065.486125 4096
489.291409 6.602117 3102.035478 3840
495.563423 6.222015 3085.817263 3840
501.870227 6.256804 3068.659294 3840
508.354938 6.434711 2983.817044 3840
514.619079 6.214141 3089.727121 3840
520.986215 6.317136 3039.352156 3840
527.359409 6.323194 3036.440162 3840
533.816428 6.407019 2996.713658 3840
540.131115 6.264687 3064.797795 3840
546.425538 6.244423 3074.743493 3840
552.723307 6.247768 3073.097249 3840
558.975630 6.202323 3095.614142 3840
565.352111 6.326481 3034.862520 3840
571.697218 6.295107 3049.987817 3840
578.102527 6.355309 3021.096159 3840
584.431648 6.279121 3057.752903 3840
590.767531 6.285883 3054.463476 3840
597.100411 6.282880 3055.923627 3840
603.595354 6.444944 2979.079542 3840
609.832464 6.187109 3103.226284 3840
616.293487 6.411024 2994.841598 3840
622.570900 6.227413 3083.142070 3840
629.134758 6.513857 2947.562239 3840
635.507104 6.322346 3036.847292 3584
641.419523 5.862419 3056.758773 3584
647.467309 5.997787 2987.768862 3584
653.385946 5.868637 3053.520099 3584
659.149166 5.713220 3136.585168 3584
665.249199 6.050033 2961.967207 3584
671.069862 5.770663 3105.362476 3584
676.934608 5.814746 3081.820066 3584
682.722307 5.737700 3123.202750 3328
688.203556 5.431249 3063.752008 3328
693.784563 5.531006 3008.494100 3328
699.158303 5.323740 3125.622087 3328
704.639629 5.431326 3063.708422 3328
710.211578 5.521949 3013.428636 3328
715.645267 5.383688 3090.817767 3328
721.228520 5.533253 3007.272394 3328
726.625813 5.347293 3111.855174 3072
731.643120 4.967307 3092.218538 3072
736.618883 4.975763 3086.963713 3072
741.649243 5.030360 3053.459494 3072
746.760919 5.111676 3004.885123 3072
751.802374 4.991455 3077.259026 3072
756.625383 4.823008 3184.734424 3072
761.414339 4.788957 3207.379026 3072
766.643879 5.229540 2937.160820 3072
771.546102 4.902223 3133.272415 3072
776.395751 4.849649 3167.239710 3072
781.410219 5.014468 3063.136731 3072
786.543428 5.133209 2992.280210 2816
791.309578 4.766150 2954.166517 2816
795.841683 4.532106 3106.723699 2816
800.210616 4.368933 3222.754781 2816
804.743332 4.532716 3106.305524 2816
809.426205 4.682873 3006.701440 2816
814.009619 4.583414 3071.945920 2816
818.459230 4.449611 3164.321708 2816
822.834180 4.374951 3218.321982 2816
827.398077 4.563897 3085.082764 2816
831.896286 4.498208 3130.135247 2816
836.301572 4.405286 3196.160186 2816
840.728309 4.426738 3180.671902 2816
845.318638 4.590328 3067.318624 2816
849.927322 4.608684 3055.101831 2816
854.288740 4.361418 3228.307726 2816
858.560359 4.271619 3296.174028 2816
863.031046 4.470687 3149.404250 2816
867.629569 4.598523 3061.852569 2816
872.193013 4.563444 3085.389236 2816
876.632374 4.439361 3171.627566 2816
881.217402 4.406482 3195.292448 2816
886.213162 4.402242 3198.370191 2816
891.168835 4.357915 3230.902702 2816
896.394232 4.583313 3072.013641 3072
901.899280 5.088361 3018.653720 2816
906.606281 4.707001 2991.289229 2816
911.452301 4.641382 3033.579378 2816
916.296357 4.485438 3139.047104 3072
920.639208 3.828289 4012.236681 3072
924.723544 2.912625 5273.593273 3072
930.017565 3.206645 4790.052773 3072
935.594641 3.783722 4059.494849 3072
940.786856 3.975936 3863.241036 3072
945.679624 3.868705 3970.321315 3072
950.668597 3.857677 3981.670454 3072
955.658939 3.848020 3991.663710 3072
960.712310 3.901390 3937.057948 3072
965.685026 3.874106 3964.785453 3072
970.556023 3.745103 4101.355732 3072
975.592645 3.781726 4061.637728 3072
980.340201 3.529281 4352.160888 3072
984.519100 2.708180 5671.704843 3072
989.506076 2.695157 5699.111327 3072
994.568929 2.758010 5569.233545 3072
999.502557 2.691637 5706.563635 3072
1004.560522 2.749603 5586.261398 3072
1009.562508 2.751589 5582.229950 3072
1014.535408 2.724488 5637.755572 3072
1018.690756 1.879837 8170.920920 3072
1023.653919 1.842999 8334.240263 3072
1028.629434 1.818515 8446.452641 3328
1033.880412 2.069492 8040.618951 3328
1038.752542 1.941623 8570.149815 3328
1042.780443 0.969524 17163.070307 3328
