33.002842 18832.087888 0.000000
34.002967 19039.297843 18832.087888
35.003483 19101.829557 19246.507797
36.004742 18834.346134 19345.209071
37.006435 19096.410976 19133.102263
38.007665 19313.174197 19148.908458
39.007904 19368.824774 19306.259601
42.143353 19042.819338 19428.401754
43.143466 19190.970354 19230.074509
47.142353 18800.233304 19195.210356
48.143037 18979.153543 18883.665491
52.143723 18804.780586 18841.225191
53.144344 19132.726559 18723.707412
57.142944 18994.720331 18931.176295
58.143168 19102.511716 18981.793632
62.142347 19113.079468 19091.177514
63.142564 19235.169621 19156.628820
64.143120 19318.518324 19270.034749
67.143364 19263.075071 19380.532959
68.143639 19238.057100 19378.695965
69.144543 19378.910511 19330.108767
70.144571 18931.598036 19388.442309
72.143239 19024.159954 19079.741775
73.144031 19267.081820 18957.777011
74.144808 19195.919799 19095.581765
75.146098 19003.983719 19153.987640
77.144773 18898.721792 19049.721557
78.145431 19017.829638 18907.207610
79.145673 18724.410824 18923.160067
80.146184 19123.865612 18734.739578
82.144509 18880.897323 18937.538236
83.144966 19099.197415 18903.293192
84.146202 19065.703683 19044.296772
85.146858 19515.023574 19103.403424
87.143514 19044.112998 19460.521733
88.144921 18770.866625 19299.523415
89.145731 19087.124703 18950.236873
92.144128 18848.428557 18967.944598
93.144352 18476.356670 18827.571378
94.145328 18932.180530 18483.545147
95.146813 19227.714000 18651.602807
97.144453 19337.867761 19027.426171
98.146021 19658.425456 19348.025131
99.147092 18821.073019 19746.203539
100.148590 19128.470022 19295.333895
101.149732 19337.164179 19181.881606
102.150269 19405.020042 19268.323183
103.152118 19215.623419 19379.646118
104.154020 19252.653795 19299.603599
105.156362 19062.365898 19266.360077
106.158319 19258.445538 19103.595823
107.158338 18801.362386 19158.965944
108.159834 19265.938228 18868.708539
109.160216 19286.288315 19055.175180
110.160229 19211.414600 19216.361828
111.162549 19526.818921 19258.281487
112.163646 19663.439637 19504.077836
113.164098 19342.869644 19735.126818
114.166490 19103.329705 19592.302019
115.167848 19351.093553 19278.876572
116.168264 19107.482020 19264.100017
117.169293 19369.480383 19095.751475
118.170511 18925.071186 19211.008612
119.171899 19385.591898 18974.948225
120.172569 18693.538698 19189.839307
121.174644 19410.878391 18827.183095
122.176698 18961.818183 19150.448659
123.176745 19369.979638 19040.393719
124.177980 18646.180200 19271.843456
125.180631 19275.977984 18869.252791
126.182545 19105.677463 19084.537649
127.184820 19119.519752 19112.314771
128.187013 19411.970388 19134.925722
129.187307 20212.861443 19361.717682
130.190577 19198.608760 20088.345129
131.193289 19023.835155 19722.098420
132.195206 19221.928476 19277.022446
133.196089 19526.862256 19139.757627
134.198043 19163.822717 19320.368265
135.199506 19447.102714 19190.017427
136.200389 18866.246005 19330.753329
137.200785 19695.121163 18994.566094
138.204194 17735.100846 19416.048823
139.205750 19495.267755 18226.543034
140.207949 19649.799702 18829.054775
141.211599 19547.461857 19412.762851
142.213605 19281.051557 19687.122717
143.216122 19323.048271 19589.579711
144.218476 18861.835897 19495.173705
145.220699 19083.516382 19059.030063
146.221056 19715.557063 18957.920064
147.221437 19155.488089 19412.794655
148.221992 19195.110805 19295.870822
149.222651 19599.907978 19232.030259
150.223615 19191.520196 19494.477994
151.226636 20005.942531 19345.768521
152.228106 18808.729468 19843.668454
153.230627 18797.980970 19235.277143
154.233163 18927.935177 18816.383195
155.234955 18731.806703 18699.801320
156.235724 19340.564809 18551.447492
157.238078 18749.600010 18978.928960
158.241766 18081.906362 18839.855056
159.246510 19040.428870 18246.984107
160.249047 18242.632840 18628.171077
161.250720 19429.030711 18323.481988
162.251180 19624.446221 19040.723560
163.253860 19342.814350 19642.982766
164.254093 19071.505499 19728.254329
165.255202 19237.955565 19471.048478
166.255777 19600.945830 19367.397357
167.255813 19023.583415 19555.454047
168.257342 19231.541224 19227.833527
169.257965 19079.756774 19168.929095
170.261941 19973.093263 19041.291574
171.265233 19529.847285 19657.091481
172.267616 18746.353972 19711.557396
173.267635 19394.006008 19105.742841
174.268966 19800.396070 19198.727373
175.269828 20138.030231 19598.831844
176.270708 18818.756763 20102.500758
177.271568 18253.488875 19373.762481
178.274542 18616.639463 18446.690997
179.276891 19331.757878 18207.217666
180.278474 19963.087011 18726.175261
181.281587 19849.785091 19610.546562
182.282026 18939.162088 20055.890885
183.284384 19006.544764 19544.069346
184.286938 19310.668339 19187.468769
185.290665 19528.732705 19192.030160
186.293580 18900.307719 19387.518675
187.296278 19790.392402 19049.247700
188.299351 18527.528455 19510.440730
189.300078 19261.037348 18863.877202
190.301389 19251.908901 19006.639922
191.303446 19755.742495 19134.774303
192.304037 19157.407144 19606.000338
193.306100 19528.499939 19430.297382
194.308511 17766.879478 19552.542941
195.312857 19075.709827 18286.439624
196.314119 19633.416671 18505.120691
197.315208 20030.498746 19175.388641
198.317209 18873.933609 19922.841180
199.319713 18038.408915 19456.057988
200.320510 19178.045922 18450.491777
201.322321 18617.201311 18699.415711
202.322669 19310.395500 18522.901773
203.323991 19210.844721 18978.115330
204.324358 18564.268581 19214.129067
205.325545 18235.018267 18846.382743
206.328223 19137.773405 18345.043306
207.329545 19221.070623 18743.933681
208.331003 19292.581772 19104.311713
209.331430 18424.557939 19367.323818
210.334318 18810.014154 18829.126485
211.335334 19061.269835 18747.977843
212.336579 18706.807265 18911.354360
213.339205 19345.147578 18764.674560
214.339663 20019.639294 19155.623071
215.341994 18577.436311 19904.347240
216.344618 18625.050505 19225.880101
217.345249 19797.339183 18760.246229
218.346788 18738.383344 19372.846871
219.348520 18953.345155 18991.053390
220.350626 19363.629463 18898.210497
221.352587 19514.860066 19173.285945
222.356189 18806.189549 19471.832501
223.359549 18897.932564 19100.359783
224.359666 19185.633208 18909.888126
225.364158 19205.458638 19027.438891
226.365104 19574.220085 19140.631925
227.365919 19279.863355 19490.006205
228.369040 18426.677513 19464.979268
229.370118 18656.195011 18766.297439
230.372285 19315.317151 18504.189667
231.373868 18792.619618 18905.478722
232.378044 19509.894610 18816.559707
233.380221 18817.396497 19304.071421
234.381589 19478.337007 19079.909491
235.384174 19227.514470 19397.905660
236.384888 19141.399053 19388.894678
237.388137 19931.290676 19279.457573
238.389262 19696.884380 19782.643107
239.392939 19338.274821 19895.593044
240.392999 19116.763563 19633.433678
241.393507 19186.453121 19262.430837
242.395951 19458.508208 19092.779766
243.399519 19386.962987 19235.413885
244.401022 19548.816642 19308.845609
245.402792 19571.772720 19486.481057
246.403960 19567.488539 19608.099735
247.404295 18512.323419 19656.614185
248.405244 18946.280223 18867.216158
249.409217 18892.310990 18709.261563
250.414842 18697.762272 18649.062006
251.415690 20283.104603 18533.862934
252.419158 19904.717800 19706.244981
253.420007 17386.877260 20152.860808
254.421262 19271.650455 18425.752565
255.421546 19079.759907 18716.059513
256.424107 18845.058856 18856.192812
257.426490 19859.387045 18806.125447
258.426906 17955.767717 19551.571258
259.427986 18063.546927 18573.533615
260.429051 19077.395878 18010.907726
261.431552 18454.412857 18503.141296
262.431718 19174.170321 18425.584460
263.432090 19050.349628 18933.831239
264.434624 20079.986855 19155.173879
265.436713 19753.292157 20011.867057
266.439052 18646.006137 20212.222572
267.441006 18885.225670 19367.203210
268.441165 19434.572420 18943.808911
269.443091 18829.911884 19129.476014
270.443659 19285.637493 18845.088265
271.445164 19235.548316 19040.894502
272.449034 18242.052784 19162.416485
273.452517 19134.500482 18496.338786
274.452527 19202.098600 18769.064209
275.452652 19331.445054 19047.484577
276.452762 19713.104105 19322.358108
277.455404 18858.771611 19748.310898
278.458814 18886.368521 19311.736224
279.462837 18768.895320 19000.905416
280.466107 19476.354738 18728.750888
281.466867 19324.827634 19133.304295
282.470522 19266.843020 19307.698281
283.473513 19542.294927 19355.689152
284.473548 19360.012127 19564.061985
285.475726 18491.901156 19526.094537
286.477828 19102.363443 18814.506982
287.480240 18763.946186 18835.908463
288.482184 19293.427551 18659.410006
289.485014 18915.112514 18994.405846
290.487883 18989.073249 18952.922915
291.489417 18979.496371 18978.199400
292.490716 20124.496769 18986.373446
293.492376 20007.486306 19847.491500
294.493797 18972.701357 20259.543996
295.494209 18945.119810 19626.467110
296.494580 19213.258473 19125.801068
297.497891 18833.106280 19031.401730
298.499056 19684.590890 18744.552102
299.503297 19294.429603 19261.879290
300.504006 19683.482901 19333.599819
301.504118 19904.892106 19651.457503
302.506083 18772.379120 19984.449598
303.510193 19636.864366 19281.671533
304.510614 19115.771192 19451.323332
305.511775 19085.978848 19191.714609
306.512482 18658.165722 19020.580135
307.513952 19021.708301 18630.502732
308.514125 18956.138964 18715.036713
309.517033 18632.394231 18784.794597
310.520100 18077.768775 18619.701081
311.523279 18122.896893 18124.358519
312.524513 18377.924407 17898.885890
313.524824 20144.814496 18033.422962
314.527467 19083.560791 19511.984426
315.528716 18976.149803 19613.532397
316.530652 18456.410020 19451.255239
317.533583 18815.814121 18861.535464
318.536642 19231.880821 18734.947292
319.537142 19219.825778 19003.919938
320.540342 18559.940966 19186.355200
321.543453 19167.866680 18791.026866
322.543631 19245.835367 18991.535510
323.545096 19461.481867 19194.349139
324.545996 18867.539120 19470.362386
325.549723 19341.435315 19160.691819
326.553683 19214.797875 19287.990508
327.556415 19890.194737 19270.022973
328.559692 18457.755730 19753.780578
329.560329 19207.040441 18955.433665
330.560996 18829.790256 18993.804258
331.561525 18782.606982 18783.360961
332.561531 20329.873178 18654.359181
333.563488 18861.472690 19782.369888
334.563808 18892.883928 19381.950698
335.566089 18941.049406 19075.180030
336.567566 19087.636419 18912.344778
337.568440 18677.897302 18948.043569
338.570948 19243.078206 18693.486840
339.572020 19429.888545 18986.196768
340.572070 19734.083498 19336.879846
341.573208 19791.538187 19763.619775
342.575272 18013.231195 20012.696687
343.578579 19580.323931 18748.215274
344.580606 18324.760821 19107.548100
345.583619 19359.468680 18463.736138
346.585467 19627.643247 18883.117222
347.586840 18784.972197 19413.026554
348.589081 19140.583690 19099.632105
349.591738 18957.882448 19130.978524
350.596389 19655.467278 19012.027093
351.597193 20197.832420 19462.203839
352.599842 18833.389780 20142.381928
353.600358 19069.378745 19473.001616
354.603559 19451.184065 19155.400224
355.605368 19018.647130 19261.448148
356.605624 18200.533225 19037.503389
357.606584 19765.476008 18307.231515
358.608321 19614.284507 19089.128093
359.609271 19178.362731 19535.769735
360.613515 19388.481144 19451.777917
361.615398 19067.059449 19499.017021
362.619377 18918.638166 19253.936333
363.620835 19309.062071 18973.360806
364.622508 18737.188060 19112.210311
365.623189 18971.524591 18801.942495
366.625245 20237.928240 18806.372377
367.626042 19451.499781 19799.678108
368.628118 18872.866982 19816.072162
369.630216 18915.887065 19299.151495
370.631567 19234.211166 18966.385095
371.632401 19246.911351 19026.120464
372.632674 19666.981634 19117.535962
373.635553 18972.133175 19510.640271
374.636273 19089.763692 19225.141422
375.638170 19718.467363 19107.362823
376.641717 19464.022056 19515.601495
377.644009 19661.297683 19579.603317
378.645566 19147.178616 19730.665634
379.646581 19421.353084 19403.265504
380.647618 19176.749834 19381.174568
381.650312 19972.764996 19196.721291
382.652141 19898.978092 19696.513160
383.655065 19024.893512 19960.131876
384.658125 18929.780307 19421.089353
385.658998 19366.199156 18981.184228
386.662615 18659.411514 19075.694821
387.664743 20252.527118 18665.485470
388.664979 18581.195463 19653.699009
389.667617 18914.029465 19044.014064
390.672687 18815.853536 18873.092443
391.673863 19571.959339 18724.233941
392.676325 19012.762632 19239.788941
393.677371 20405.081160 19161.211510
394.680558 20013.659184 20129.049471
395.682182 18930.348189 20388.409892
397.147920 18902.788741 19611.919179
398.150742 18298.797832 19032.611489
399.153284 19139.365757 18257.508775
400.155051 19092.796812 18510.705626
401.155078 19329.978054 18759.542376
402.157121 19615.352805 19145.160291
403.157955 19052.326228 19598.204753
404.160608 17934.733084 19406.744064
405.161447 19473.534514 18384.214403
406.164026 19493.258331 18914.680315
407.166889 19459.114745 19334.419684
408.168208 19201.014525 19558.391340
409.170462 19216.848681 19451.982855
410.173348 19054.811128 19347.912146
411.176270 18366.472583 19141.582761
412.178854 18477.199204 18500.471251
413.183426 19029.491601 18229.460795
414.186033 18992.015438 18570.109467
415.187906 19449.742449 18827.172215
416.190385 19803.252883 19340.209653
417.191092 18666.374105 19889.244396
418.193793 19500.334809 19289.604805
419.196422 18417.182016 19459.447863
420.197232 19458.609874 18742.226534
421.199168 18671.382847 19083.425633
422.201866 18330.591452 18757.400973
423.203471 19742.185107 18317.290565
424.204694 19742.244850 19159.255824
425.204754 18401.632582 19726.015581
426.207502 19415.532673 19007.993576
427.209267 19894.853482 19257.817394
428.209412 19218.304812 19781.648729
429.211931 19302.088668 19564.454082
430.212322 19528.833363 19432.157333
431.215341 19605.083846 19503.550314
432.219523 19188.741360 19602.755429
433.221429 19138.907819 19340.683226
434.223855 18851.519944 19134.286502
435.224832 19098.732105 18816.702564
436.227553 19776.438920 18852.024060
437.229571 19026.731824 19439.641931
438.230540 20280.235247 19255.369792
439.233378 19351.382978 20046.201797
440.236555 19071.399341 19803.486961
441.236959 19648.119633 19359.115819
442.239274 18816.668919 19497.541348
443.242115 19112.776624 18980.810648
444.244101 19038.391000 18903.490644
445.246980 19478.535979 18861.362920
446.249079 19559.735333 19214.664812
447.250610 19516.731988 19518.183065
448.251401 19212.964516 19648.077750
449.253828 19404.537958 19452.363048
450.257311 18922.099816 19438.336145
451.260029 18889.968607 19061.044541
452.262669 19253.531370 18813.564150
453.263108 18766.083907 18981.597142
454.266161 19493.445838 18768.011597
455.268295 18913.202919 19206.258350
456.270746 19415.853761 19061.996410
457.271870 18959.115565 19329.655199
458.275807 18981.332142 19142.480587
459.277641 18698.473558 19019.714458
460.279033 18905.658796 18736.591876
461.279892 19393.725333 18740.889935
462.280864 18717.243539 19150.281082
463.282906 18521.752872 18908.476373
464.285837 18949.936010 18593.147810
465.286256 18479.539136 18738.772147
466.286504 19038.706355 18511.577626
467.287715 20139.302035 18809.346157
468.289039 19734.426286 19841.017232
469.289539 18758.151179 20127.767158
470.290736 19471.086355 19440.600573
471.292133 19585.354435 19461.106314
472.294162 19194.498984 19559.555255
473.294173 19798.588992 19322.087933
474.295068 19603.848065 19624.524540
475.296648 19008.877869 19673.203261
476.297741 19132.068688 19233.976176
477.301237 19798.838453 19050.481171
478.304854 19297.992951 19479.207871
479.305894 18479.485551 19397.844740
480.308192 19180.129622 18718.319678
481.310353 19125.453326 18844.331668
482.310455 19064.668544 18950.279929
483.311630 19420.960191 19001.458823
484.312613 18866.382618 19310.069435
485.315304 19975.517592 19076.164250
486.316680 18680.397076 19738.617481
487.317704 19015.831066 19157.728737
488.318680 20463.486426 18999.526942
489.319739 19886.311509 20010.243596
490.322311 19399.969443 20196.031442
491.323346 19302.658038 19846.738833
492.325757 20468.847779 19487.416627
493.328832 19212.310403 20136.208182
494.331912 18944.174405 19601.360827
495.336650 19196.002131 19035.572545
496.339290 19175.559975 18918.699663
497.341553 18498.244438 18914.257223
498.342322 20243.491104 18469.375037
499.343269 18905.957755 19563.086294
500.345283 19568.207356 19276.893114
501.347161 19332.200906 19537.749885
502.350588 19587.049832 19498.787801
503.352929 19850.635612 19628.796729
504.354975 19494.884794 19881.053804
505.356920 19255.768010 19732.764680
506.359959 18560.196184 19419.812559
507.360864 19446.223279 18700.646491
508.362922 19597.793249 18970.471202
509.365667 19688.764629 19337.999054
510.365890 19054.454854 19654.940064
511.368373 19429.318622 19346.134378
512.370665 19200.451220 19399.959481
513.370694 19590.463683 19262.561266
514.373904 18928.085621 19470.843994
515.377554 19752.766000 19108.106734
516.378142 19124.654031 19500.243110
517.378357 19248.182007 19288.358043
518.380219 19062.493932 19234.135489
519.382245 19547.850094 19071.269786
520.382342 18836.939836 19351.660092
521.384839 19278.237861 19007.720052
522.386898 18895.615471 19124.028497
523.388403 19530.465083 18933.768268
524.389341 18643.085525 19305.237163
525.392606 18485.742388 18881.743922
526.394181 18975.020841 18492.325350
527.395851 19239.409181 18662.929163
528.396597 19178.375877 19024.545244
529.398730 19268.307175 19213.294291
530.401932 18918.210609 19366.387684
531.403588 20404.023569 19155.841829
532.404443 19712.763983 20105.520816
533.407520 19342.462713 20136.541308
534.409099 19191.478696 19768.381271
535.409492 19618.027441 19364.583599
536.411040 19138.261388 19439.320097
537.411749 18184.984684 19161.540642
538.415480 18634.018411 18301.873573
539.416447 19321.355569 18179.593112
540.417305 19214.626036 18747.562074
541.419305 18708.699013 19094.947779
542.420129 18976.321307 18919.114929
543.420808 18350.033073 18979.311245
544.421294 19135.521105 18538.945743
545.424934 17984.089476 18860.650849
546.424980 19424.428882 18226.647244
547.427324 19738.191162 18929.260554
548.428071 19305.860905 19639.681001
549.430876 18918.621335 19695.271072
550.434132 19398.444993 19335.283888
551.434897 18866.077564 19410.992401
552.436015 18972.601309 19046.434234
553.438939 18791.804354 18898.958792
554.441568 18974.184612 18708.033984
555.441607 17927.907349 18770.299366
556.443735 18882.649489 18067.695422
557.445355 19242.818790 18397.503036
558.445375 18372.065670 18953.820433
559.448556 19458.997081 18651.163880
560.451001 19497.201108 19245.259610
561.452986 19638.337745 19624.394862
562.453647 18382.895663 19888.016528
563.453989 19197.137174 19015.826103
564.456775 18966.550993 19032.179414
565.459960 18989.967619 18908.655874
566.462446 19018.674010 18878.930353
567.464116 19844.882382 18913.356702
568.465971 18681.610087 19576.555482
569.468623 18628.185697 19102.782376
570.471041 20092.883764 18720.534459
571.473397 19016.442527 19604.846860
572.476262 19060.884768 19361.681358
573.478656 19311.466513 19187.120580
574.480075 19494.930260 19256.217547
575.482894 18945.982722 19442.176083
576.484345 19391.967001 19136.633241
577.486825 18469.138527 19270.687400
578.489497 19344.162903 18675.913024
579.491922 19290.812746 18983.100493
580.493193 19462.103040 19186.947213
581.493506 18990.074214 19443.304676
582.496830 18858.023837 19222.161380
583.497362 18557.432903 18954.530157
584.498964 18833.194347 18571.144766
585.502063 18476.063548 18582.845187
586.503617 19029.333964 18383.434589
587.507037 18783.501675 18721.839341
588.509118 18717.259511 18783.541157
589.511617 18516.030410 18764.700571
590.512449 18745.823523 18592.498187
591.514706 19758.052547 18659.624886
592.516931 19762.214789 19473.909663
593.519462 19070.748764 19955.209454
594.521036 18755.126644 19629.011164
595.523740 20440.490925 19089.629830
596.523793 18486.712571 20000.336577
597.526583 20163.252158 19100.394771
598.528055 19356.742470 19754.408009
599.531866 19343.235310 19578.743399
600.532216 18615.111181 19425.280492
601.534027 19791.419885 18781.944646
602.534933 19043.176121 19300.799885
603.537834 19226.815208 19121.699682
604.541783 19173.657082 19150.248005
605.543738 18553.035209 19143.795373
606.546472 20006.214863 18682.568080
607.548039 18760.544555 19509.455956
608.551609 18859.335378 19112.836889
609.552263 18656.565164 18900.547390
610.552344 19113.834030 18632.021977
611.554044 19512.517946 18846.846716
612.554510 19408.844156 19320.018851
613.557496 20193.224428 19526.974350
614.559596 18924.319196 20189.204755
615.561149 19678.403157 19569.645952
616.563682 18537.892185 19664.097832
617.567123 18574.000841 18859.516874
618.571638 19170.690981 18403.901715
619.573527 18525.882599 18666.136522
620.574495 19456.602424 18439.786254
621.576655 19403.456812 19046.175075
622.577015 19179.142453 19412.117113
623.579534 19464.262299 19424.687288
624.581320 18419.722196 19583.426051
625.583387 19713.445966 18849.599417
626.585508 18933.573366 19345.509623
627.587617 20359.201357 19100.544361
628.590705 19383.281423 20005.539975
629.592024 19937.737814 19814.513176
630.593924 19007.228791 20027.034132
631.595261 18712.610020 19413.088763
632.597730 18501.740077 18783.687008
633.599069 19813.857288 18293.064426
634.600225 18163.547640 19084.009956
635.600307 19256.964862 18424.212318
636.600555 19564.470698 18849.210246
637.603271 18979.937702 19394.277241
638.605553 19638.300423 19270.959356
639.608706 18984.180873 19630.317040
640.611198 18478.655803 19321.402066
641.614384 19178.228004 18703.495478
642.617702 19174.852396 18863.011416
643.619561 19714.168023 19019.041826
644.621531 19034.862569 19540.496393
645.625828 19415.174901 19335.162494
646.626782 19672.680778 19442.654812
647.630116 19393.231996 19682.660401
648.630872 19777.606643 19590.581703
649.634055 18414.771792 19783.485913
650.637758 20147.734296 18856.342062
651.640269 20177.932611 19582.099447
652.642737 19534.140295 20109.035588
653.645830 18994.411347 19906.883677
654.646206 19254.938284 19307.825165
655.646229 19422.511461 19125.337657
656.648543 19209.892789 19192.173943
657.650357 19415.588423 19123.712462
658.653958 19643.374128 19265.298528
659.656689 18947.552007 19544.503314
660.659942 19243.980249 19186.956819
661.663184 18877.990734 19170.653550
662.664997 19283.610543 18906.341454
663.668927 18889.359848 19071.312583
664.669544 18663.995849 18911.184616
665.670770 19145.504080 18656.641441
666.671893 19331.083260 18892.339629
667.672474 19392.070905 19212.664221
668.672905 19367.842986 19448.172010
669.674788 19408.507403 19533.729689
670.676298 19412.113013 19565.535166
671.677337 18826.322189 19544.885171
672.679585 19783.937141 19062.024016
673.679901 19450.963700 19479.879196
674.680127 18574.753126 19515.091191
675.683712 20054.780513 18859.507385
676.687099 18795.204170 19570.547458
677.688212 17999.534811 19102.443501
678.690700 19355.020909 18194.829670
679.691763 19686.924487 18708.813613
680.695149 17838.301799 19376.285092
681.698892 19376.389283 18401.213665
682.701329 18581.023735 18926.515598
683.704373 18874.640437 18705.110824
684.707580 19040.183953 18783.599192
685.709497 18850.764242 18969.761324
686.712469 20001.816122 18938.383264
687.715447 19457.836518 19764.078389
688.718754 19212.994448 19828.375681
689.719325 19891.286384 19584.257985
690.722672 18573.581041 19878.102204
691.723614 19755.075502 19040.041351
692.724514 19734.170319 19390.516693
693.728784 18624.727022 19641.215179
694.729450 18513.663812 18957.720734
695.730030 18903.639053 18449.427676
696.733269 19067.286261 18503.821612
697.733839 19612.231179 18753.708346
698.737157 18947.493696 19365.754880
699.740917 18794.378152 19234.844110
700.744047 18707.185476 18982.714463
701.746874 19265.636353 18744.171055
702.750157 19052.294536 19034.491114
703.751866 18606.483548 19077.431091
704.755350 19128.514171 18758.258699
705.755966 19340.944217 18952.251683
706.758709 19284.685999 19252.636331
707.759887 18914.565618 19382.711963
708.760297 19584.471862 19145.653003
709.760666 19187.613405 19471.781359
710.762669 19455.890135 19365.374320
712.148030 19331.493523 19468.938120
713.149231 18408.498822 19424.160565
714.150866 19918.560206 18686.359000
715.152074 18778.565684 19380.539212
716.153925 19132.062409 19007.138675
717.156660 17923.050324 19028.417702
718.159487 19288.079174 18158.209329
719.162971 19793.466089 18688.087028
720.165373 19384.464800 19482.064100
721.168100 19215.077262 19650.152167
722.168842 19469.973593 19540.733706
723.170549 18730.908005 19595.782612
724.171969 19068.360365 19037.555619
725.172073 18521.683088 18934.869490
726.173842 18669.837361 18506.891186
727.177135 18090.742691 18407.715714
728.180271 18467.604122 17989.337387
729.184577 19418.068606 18088.145623
730.188073 19477.374318 18945.262729
731.188972 19262.338830 19536.502035
732.189225 19556.195116 19656.063143
733.190147 18576.439359 19837.804833
734.193005 18927.012660 19123.456431
735.194313 19740.334168 18892.457937
736.194339 19265.421335 19395.588502
737.195822 18230.486692 19377.155577
738.196864 19066.516906 18563.804571
739.197942 19148.933733 18700.822259
740.201089 19464.954841 18922.567385
741.201704 18668.961621 19327.047366
742.203604 19513.062789 18966.769310
743.204505 19025.164913 19345.254236
744.204867 19378.958606 19210.525430
745.206948 19603.461215 19362.166168
746.207360 18555.492842 19610.561603
747.209246 18696.116347 18947.007943
748.210385 20353.169992 18622.819967
749.213433 18436.496097 19721.840308
750.215686 20123.391446 18991.677478
751.216298 19191.877725 19752.972230
752.218444 19585.086203 19527.589119
753.221435 19866.249539 19625.876073
754.225338 19408.066005 19875.694585
755.227330 19613.131272 19654.604929
756.228288 19304.807353 19636.224320
757.230187 18338.493210 19390.017815
758.232588 18932.637992 18520.876339
759.235936 18690.746725 18486.318406
760.236125 18705.142149 18399.200885
761.237368 19375.939910 18439.325153
762.241592 18956.079098 19028.939856
763.244357 19634.009471 19095.601613
764.245381 18979.907097 19602.499642
765.246470 19973.596385 19373.249334
766.249801 19485.534809 19905.555586
767.251387 19462.068657 19822.672730
768.255119 18304.078844 19679.347208
769.256724 18907.151675 18684.872449
770.259847 19215.072994 18544.741292
771.261304 18907.881655 18796.219298
772.262533 19015.615189 18796.278221
773.263225 18832.918985 18905.008692
774.263362 18602.500649 18850.003398
775.266208 19477.238766 18645.415896
776.267042 19814.968758 19188.446921
777.271155 19632.982419 19785.457889
778.271502 19411.295370 19954.851336
779.273679 19524.468108 19792.815543
780.275552 19645.034698 19701.297157
781.276530 19486.515454 19701.755645
782.278959 18788.280157 19568.915218
783.279638 18325.979537 18958.218592
784.280441 19476.984826 18263.660205
785.282399 19175.284892 18795.214811
786.283396 19835.256395 19005.159668
787.284747 18506.778819 19647.642029
788.284916 18569.531694 19019.428619
789.286492 18261.106268 18624.224120
790.286849 19775.158975 18181.629695
791.289249 18759.579051 19115.741155
792.291980 18323.778720 18985.966398
793.295500 18262.469775 18537.631934
794.299175 19284.389874 18214.019690
795.300799 19947.578605 18830.766163
796.302877 19580.327752 19749.936876
797.306177 20112.122580 19983.494525
798.307939 18640.130316 20398.327777
799.311063 18989.928341 19430.198906
800.314217 19369.413100 19010.965842
801.315055 19689.495739 19080.703504
802.317308 19311.597845 19427.811713
803.320343 19186.377676 19383.363404
804.320667 19600.822089 19249.282733
805.321787 20364.304714 19477.349442
806.322045 18893.754276 20194.862928
807.322993 19383.376029 19493.067289
808.324188 17762.490949 19359.557531
809.325650 18471.806181 18083.093466
810.327125 19255.034448 17896.697229
811.329846 18615.873962 18534.697548
812.332725 18586.922403 18554.411568
813.335065 18530.010527 18557.920507
814.336555 19207.720085 18524.241544
815.339099 18634.959985 19017.126476
816.339553 19043.412591 18881.647269
817.341826 19157.797324 19058.575300
818.345493 19192.006434 19229.037187
819.347434 20223.911275 19322.114998
820.349406 19217.431907 20110.055393
821.351076 18264.976854 19777.630035
822.354631 17689.217331 18757.026535
823.354784 18273.450831 17691.892722
824.360007 19012.695040 17596.832093
825.360812 19493.606488 18272.889620
826.361446 19790.657622 19156.553324
827.362323 19390.172811 19905.436818
828.366156 19040.142222 19950.820158
829.368237 19702.139185 19570.827049
830.368546 18768.245893 19744.657010
831.368962 18938.088791 19120.522565
832.370689 18699.330271 18847.768348
833.370927 19766.598071 18554.902461
834.371011 18838.377038 19245.027319
835.372634 19946.252488 19024.316661
836.374191 19749.615044 19698.383014
837.377474 18838.632101 19949.905477
838.380921 19679.409528 19342.356892
839.383827 19380.354175 19543.234472
840.386695 19577.667217 19453.425511
841.389059 18739.235106 19538.237979
842.389717 18930.472166 18961.677438
843.392296 19749.146132 18761.214381
844.393403 19013.118219 19317.302772
845.393543 19488.787445 19151.286874
846.394441 18965.594788 19390.488680
847.398324 19152.700978 19142.269782
848.402111 19105.518812 19114.321227
849.402629 18900.429257 19074.555263
850.403423 19035.678220 18908.596002
851.405735 19290.457532 18925.011407
852.407423 20243.989349 19151.970297
853.407554 18615.688256 20015.220414
854.412482 18407.439563 19282.811886
855.415346 18621.663969 18593.640195
856.417768 18636.778507 18363.172496
857.419681 19322.551373 18323.897418
858.424065 19696.273982 18896.809801
859.427189 19857.583532 19569.993342
860.427481 19591.818396 20059.137435
861.430187 18845.220468 20053.997154
862.430298 19187.899627 19375.933878
863.432776 18287.280885 19161.233257
864.435134 19536.378127 18385.085482
865.439542 19897.763998 18909.383378
866.440615 19526.622966 19599.320416
867.442404 18533.567081 19740.544057
868.443879 18703.067180 19012.883691
869.446040 19281.576620 18656.349430
870.447042 19676.598822 18923.643816
871.447816 18535.715137 19443.040862
872.448382 19175.036754 18905.466111
873.450556 18985.679668 19023.732205
874.453057 19026.376051 18978.673575
875.456366 18943.432967 18988.418070
876.457319 19375.051671 18940.572500
877.460172 19797.721860 19241.078859
878.465565 18616.295602 19741.827884
879.467203 19230.257981 19120.106197
880.469222 18215.483585 19143.764489
881.470012 19116.027781 18416.136211
882.473257 18820.959126 18677.567063
883.475669 19069.985128 18696.596177
884.478514 19608.317999 18923.970973
885.480782 19604.461433 19477.911563
886.481657 18992.656813 19784.591042
887.482928 18696.762885 19434.044914
888.483126 18696.815577 18926.504380
889.485978 19138.065109 18615.338258
890.487246 19392.972033 18811.061676
891.488517 19152.668878 19181.854436
892.490904 18634.166369 19239.802849
893.494165 18893.655637 18858.116681
894.494456 19406.786604 18805.902970
895.495963 18788.382507 19186.582507
896.497873 18798.892407 18968.170226
897.500617 19103.351023 18821.899581
898.501411 18233.620019 18971.356427
899.501518 19183.773526 18426.785246
900.504629 19023.004172 18818.823479
901.507747 19715.940672 18985.503092
902.510207 18310.975786 19597.920543
903.512386 19304.943774 18879.910636
904.515630 19077.678559 19124.147961
905.516140 18298.563117 19121.016666
906.519480 19810.212066 18524.279910
907.521873 18870.718110 19303.219045
908.523528 19536.553396 19114.816401
909.525224 19385.166994 19458.966971
910.528571 19073.941926 19536.899060
911.529367 18606.290520 19304.513288
912.532392 19058.874803 18779.939007
913.533990 19554.392646 18813.677956
914.534248 19585.978096 19263.485025
915.537236 19126.572166 19584.804552
916.539273 18964.200502 19401.203254
