157.004494 19122.000448 0.000000
158.006890 19208.398545 19122.000448
159.008105 19087.091821 19294.796641
160.011288 18431.253723 19225.416122
161.015560 19411.674847 18664.266214
162.018491 20158.635400 19060.753980
163.020046 18813.249764 19906.948494
164.021451 18903.725195 19383.928251
165.025035 19676.846317 19047.605081
166.027087 18896.995037 19423.314366
167.029913 18552.813315 19089.663537
168.033414 19308.293344 18616.534705
169.033710 19233.091546 18930.649964
170.036591 19300.589424 19125.717089
171.038347 18727.142548 19300.717675
172.040969 19278.111873 18958.100748
173.042350 18421.116682 19142.279728
174.045081 19516.400834 18625.580861
175.045611 18305.761008 19137.578497
176.051037 19299.119110 18580.303029
177.053633 19416.365157 18978.048367
178.057485 19635.193343 19345.123257
179.058811 19610.980534 19710.592316
180.059668 19425.397774 19856.317496
181.061109 18752.107910 19728.658775
182.061804 19330.773603 19084.046766
183.063233 19745.782591 19112.755318
184.063929 19182.255963 19492.870906
185.064201 19497.532191 19323.511651
186.065631 18176.238551 19439.975272
187.068356 18938.143429 18521.626082
188.071623 19436.739721 18547.533263
189.074666 18582.020581 19032.086614
190.074893 19089.239468 18734.487211
191.076917 18658.144487 18927.985018
192.079783 19006.908859 18741.726298
193.081766 19390.180618 18889.274764
194.083489 19531.929415 19279.911340
195.085158 19975.074931 19609.108545
196.085604 19456.377758 20086.771502
197.086943 19358.874620 19908.655958
198.089560 18388.776457 19633.401283
199.092871 19747.485764 18699.568657
200.096344 18608.696029 19173.986275
201.096860 20100.847684 18700.477654
202.099528 18226.745719 19559.891679
203.102114 19192.571417 18719.261219
204.103980 19592.278786 18900.186387
205.105444 18815.769159 19363.525756
206.106641 18046.533506 19070.001477
207.107521 19793.557207 18282.754519
208.108415 19459.832898 19140.343562
209.109718 19771.938325 19482.148263
210.111679 19636.309407 19881.550843
211.116126 19178.660752 19952.127314
212.117839 19396.705041 19565.224582
213.121705 19583.434411 19438.665475
214.123545 19211.713491 19504.942841
215.126697 19205.694132 19278.913726
216.130537 18495.090084 19144.584591
217.131439 19370.440175 18559.744372
218.132056 19081.688806 18907.673260
219.134041 19752.381142 18980.765905
220.136668 20016.551734 19545.562205
221.138503 18908.113658 20077.793034
222.139690 19272.083321 19497.269566
223.139947 19833.722903 19332.696102
224.141002 19453.522436 19656.485862
225.141071 18598.667842 19577.539651
226.142414 18402.450675 18865.921297
227.142655 19537.567884 18296.135881
228.145141 19837.941476 18889.159778
229.146110 19321.633374 19573.053947
230.147241 18512.823840 19593.991837
231.147313 18937.740440 18929.764016
232.150953 19427.859463 18812.102512
233.152508 20144.493362 19152.270509
234.153995 19749.978681 19928.727170
235.154640 19071.551925 20075.011037
236.157955 19974.072366 19558.074815
237.161617 19066.345060 19854.866312
238.165133 18033.207957 19352.268095
239.169442 19747.783039 18254.635400
240.172258 19374.204638 18936.393503
241.175177 19587.105109 19199.936138
242.175221 18694.257484 19534.949934
243.175285 19345.843122 19045.859907
244.175993 19150.082377 19202.103516
245.177463 18832.168192 19169.339664
246.177716 19676.399223 18909.707777
247.178999 20079.201287 19393.680211
248.181920 19117.795696 20008.447729
249.183356 19300.292763 19612.465684
250.187395 19815.579894 19427.679965
251.188633 19224.550264 19689.905653
252.191762 18764.002708 19409.164835
253.191794 19834.300576 18877.230116
254.193680 18840.507051 19385.679306
255.194304 19226.957668 19006.714074
256.197865 19468.492644 19065.517666
257.198644 20047.537809 19316.430694
258.199698 19285.110741 19914.186569
259.202410 20066.563796 19674.582016
260.204626 19126.859164 20043.501712
261.205389 19770.499965 19528.948606
262.207255 19905.013079 19653.880294
263.209301 18775.183514 19846.385891
264.210115 19537.248339 19109.923313
265.211227 19422.693995 19229.555693
266.213280 18470.864186 19280.379286
267.213974 19548.079017 18627.497403
268.217155 20145.313218 19069.809280
269.217561 19222.856095 19858.458304
270.220629 19349.788579 19632.653702
271.225137 19300.452438 19512.501362
272.226121 18975.362806 19374.744891
273.228378 19363.563721 19043.476318
274.232110 19295.252143 19151.964340
275.233342 19665.308462 19207.874512
276.235854 18728.758234 19535.216246
277.236808 19684.101384 19028.997496
278.236987 19658.390045 19417.335667
279.238679 19342.710779 19658.912678
280.238978 20145.325558 19542.811076
281.241180 18363.877021 20036.696285
282.244311 19011.164633 18974.709805
283.246719 19615.722041 18776.474078
284.249044 19745.742822 19189.446910
285.251182 19565.113496 19600.017693
286.252454 19701.612902 19706.262373
287.255297 18801.994555 19826.472048
288.256629 18627.128120 19180.648339
289.258317 19218.897624 18631.923213
290.258320 18530.048272 18800.189004
291.258375 19284.167851 18472.362041
292.261157 18816.751309 18888.459801
293.261677 19473.092397 18844.873287
294.262219 20034.001969 19308.305352
295.266365 18677.318972 20001.900325
296.266573 19140.747498 19339.210974
297.268322 19588.459471 19189.964693
298.271553 19483.949210 19438.821234
299.273842 19478.443148 19522.276367
300.275882 18811.816694 19550.292598
301.276048 19213.162835 19046.368511
302.279104 18591.834137 19036.778119
303.282624 19382.944757 18610.082578
304.286196 18211.686812 18985.505663
305.290635 19823.726056 18394.133520
306.292520 20103.684500 19261.865204
307.295012 19122.720738 20046.165093
308.298251 19383.136874 19716.972067
309.300366 18795.869773 19599.124824
310.302056 18931.187113 19045.753889
311.302510 19748.771504 18808.085398
312.304642 19198.681524 19333.214874
313.306026 18879.644412 19287.101285
314.309803 18927.701995 19002.661716
315.312206 18517.560204 18865.730793
316.314957 19875.703668 18505.151788
317.315845 19729.471149 19346.571988
318.319013 19252.733116 19789.890619
319.321947 19145.157774 19638.891542
320.325093 18584.435331 19386.170891
321.510903 18902.293534 18779.015453
322.513749 19306.394600 18665.186357
323.516489 19502.470685 18970.624402
324.519704 19012.327963 19354.343038
325.520501 18636.284004 19215.627226
326.520808 19063.044427 18813.411535
327.525135 19955.683687 18888.092124
328.525543 19212.230280 19638.649939
329.526435 19466.272080 19535.597228
330.527197 19478.279504 19593.760486
331.527784 19000.657336 19599.975581
332.530736 18924.531245 19214.442483
333.533178 19236.560456 18911.135080
334.536370 19235.285922 18996.852327
335.536624 18969.012482 19098.682083
336.539792 19477.484862 18984.042840
337.542279 19285.344244 19304.319914
338.542496 19286.718426 19363.644225
339.542794 19444.827465 19374.762021
340.546182 17980.338939 19476.891800
341.547985 19138.858640 18421.574211
342.549262 19024.858814 18652.496375
343.551963 18962.905941 18804.048154
344.556598 18931.216003 18888.562053
345.558059 19764.849265 18925.637522
346.561794 19347.665827 19570.794823
347.564956 19462.909261 19628.999505
348.566683 18886.971320 19674.201003
349.567563 19396.108907 19212.025360
350.567577 18642.541836 19281.527218
351.569543 18668.039116 18779.748267
352.570937 19932.232923 18513.680143
353.572226 19036.444870 19367.381180
354.572329 19642.237409 19263.603595
355.573901 19222.919182 19609.269525
356.575641 19458.398545 19475.855791
357.576789 19143.592344 19522.524294
358.577046 19009.280868 19293.722458
359.580326 18434.739180 19041.055404
360.582382 20101.673781 18475.871977
361.585151 18795.525460 19433.198015
362.586070 18832.708694 19099.368735
363.586848 18520.952470 18884.380701
364.589298 19070.140136 18530.151515
365.590750 19219.426800 18762.627910
366.593075 19294.640476 19067.709162
367.594496 19940.101146 19314.589455
368.597788 19533.434895 19917.137859
369.599927 19101.434508 19919.153194
370.603142 19449.540751 19499.730997
371.605910 19337.586908 19451.525458
372.607682 19993.379624 19342.961130
373.610736 19365.829608 19779.179947
374.611277 18641.177499 19580.176763
375.614109 18973.552135 18883.599300
376.614982 18523.311895 18723.986096
377.617741 18598.188689 18368.890823
378.619376 18967.810194 18286.106050
379.622756 19036.264344 18599.950452
380.624612 19711.748076 18900.178201
381.624715 19714.104594 19590.926410
382.625500 19206.782403 19968.273320
383.626739 18196.800942 19712.912950
384.630535 18836.521484 18701.214033
385.630535 19824.820084 18549.051708
386.631140 19755.454121 19286.061939
387.631555 19672.493567 19737.232119
388.634510 19455.423087 19905.152294
389.637174 19270.293625 19768.144840
390.637202 19515.093517 19482.613578
391.640313 18704.377622 19470.367878
392.642959 19044.422068 18867.389516
393.643257 18404.761709 18780.180696
394.647463 19682.805130 18322.891360
395.651123 19316.814520 19073.246845
396.652355 18957.374768 19326.321201
397.655120 18795.434975 19180.901895
398.657270 19009.247817 18930.855615
399.659387 19065.321273 18932.336947
400.661287 19129.560128 18994.360423
401.662072 19001.943817 19091.291514
402.664526 19722.343463 19053.611980
403.665474 18005.634146 19562.154906
404.667113 20056.774930 18568.941521
405.670112 19544.712452 19469.863572
406.673329 18645.721457 19683.005579
407.673951 18373.981882 19080.760055
408.676423 19006.017960 18467.072962
409.680186 18788.259720 18610.983703
410.680649 18889.481026 18618.378959
411.681670 19100.073257 18740.462756
412.683432 19224.674238 18996.703395
413.683513 20033.547781 19244.116916
414.687712 19709.834098 19969.618164
415.690288 19095.285691 20105.565930
416.691402 18969.671052 19613.695550
417.691681 19040.293945 19143.946916
418.693856 18924.222950 18918.470802
419.695440 19353.875703 18749.135285
420.696341 19229.279570 19030.479008
421.699440 19360.470701 19158.552943
422.701119 19570.114694 19338.664915
423.704892 19313.165575 19591.405343
424.705980 19412.919624 19519.741055
425.707249 20324.105659 19507.080578
426.708174 18643.775052 20160.599627
427.709069 19083.539213 19267.987705
428.709319 19564.227656 18995.451701
429.711493 19429.304625 19241.721909
430.712037 19436.213979 19344.291177
431.714119 18648.344442 19422.011188
432.718259 19200.308967 18873.519739
433.719728 19325.409307 18956.953584
434.721243 19374.387622 19153.334607
435.721507 19344.631382 19331.277530
436.724944 18346.771905 19408.709334
437.727371 19082.690557 18683.011140
438.730108 18738.357958 18788.041224
439.733188 19576.964252 18655.969149
440.734848 19799.092889 19239.485035
441.737572 18898.763301 19782.209260
442.739533 20067.567379 19382.545089
443.740657 18714.657190 19938.370614
444.741586 19026.665174 19233.899926
445.743278 18578.788290 18985.859886
446.745276 18664.516510 18536.133526
447.745555 19084.963141 18386.230201
448.745689 19777.644789 18696.185089
449.747180 18931.093180 19467.868282
450.748324 20056.009899 19296.240299
451.749158 19039.013084 19962.827067
452.751884 20121.659642 19556.668547
453.752015 19334.280145 20036.160340
454.754340 19434.246446 19706.746439
455.757187 20320.298145 19523.897641
456.760526 18559.798012 20074.599217
457.764387 18324.681055 19090.999638
458.764460 19049.471632 18290.061724
459.765950 19733.105755 18441.840532
460.769011 19550.022830 19182.363304
461.771143 19348.375660 19552.998108
462.773455 20054.532848 19586.336313
463.774778 19688.972633 20073.133144
464.775553 19719.566307 20037.711324
465.776698 19235.728589 19955.760997
466.779836 19621.319715 19492.858872
467.783438 18411.922914 19486.318583
468.784211 19037.458416 18609.751121
469.787793 19477.434658 18591.161965
470.789024 19032.804069 19023.423681
471.790250 18609.846191 19019.584342
472.795189 19249.145789 18703.751195
473.795672 19380.282407 19001.833070
474.798845 19092.347333 19311.054650
475.800361 18414.751675 19267.021074
476.802234 19024.724002 18693.139107
477.805415 18748.674250 18794.080511
478.808069 19133.618847 18695.174772
479.810302 19506.443975 18947.805220
480.812334 18901.105579 19400.192696
481.812459 19414.822504 19198.945457
482.815532 19173.053759 19409.149562
483.819796 19638.842440 19334.343291
484.823490 18511.966373 19605.959283
485.823741 18734.389402 18904.831019
486.823921 19296.450619 18622.867997
487.827588 19143.293810 18931.312750
488.829753 18758.069464 19061.951987
489.833292 18759.391898 18858.688802
490.836417 20001.153002 18732.894200
491.839110 18606.857488 19607.942152
492.839210 19711.454163 19098.047204
493.841605 19272.877573 19548.749808
494.845422 19929.141836 19485.844756
495.848176 19211.007570 19893.348631
496.851043 17877.820339 19567.448171
497.852223 19560.391534 18315.497367
498.853588 19531.271394 18842.031105
499.854881 18197.997019 19263.047976
500.856507 19299.420652 18540.656485
501.857195 18805.112174 18919.863597
502.860139 18768.067289 18833.625058
503.864569 19188.305919 18755.593904
504.866812 20256.867349 19034.875646
505.867183 19156.255360 20014.295158
506.870148 18964.099140 19739.188969
507.871861 18778.175822 19311.785308
508.874799 18647.562720 18871.719447
509.875317 18653.832566 18530.340784
510.875900 18765.465242 18393.659320
511.877298 19052.777461 18474.086407
512.877987 19007.876895 18802.628824
513.880115 19439.636544 18995.761766
514.880193 19348.773377 19419.176757
515.882371 19317.666699 19567.851824
516.885503 19388.803814 19564.089737
517.888969 19011.324858 19553.955770
518.891121 19116.246451 19224.491581
519.891892 19325.686467 19085.159000
520.892578 19049.943559 19180.344584
521.895167 19267.732531 19057.465666
522.895714 18997.707766 19157.487409
523.896894 18994.111282 19032.540988
524.897873 18810.532316 18958.662108
525.900464 19337.759493 18792.900737
526.900987 19526.444815 19109.848329
527.901500 19375.448266 19466.813908
528.901655 18917.618267 19546.957012
529.905102 18402.284201 19200.778878
530.905335 19704.806881 18570.399109
531.905771 18367.264209 19190.072507
532.908770 19418.122490 18625.435796
533.909118 19257.739694 19066.718254
534.909812 19207.364702 19254.923446
535.911136 19274.867207 19311.948860
536.912962 18134.623739 19364.942406
537.914190 19918.970604 18513.737778
538.914234 20163.692814 19331.617103
539.914565 18383.373975 20070.936799
540.915961 19527.198748 19128.546521
541.916097 18984.372470 19328.926825
542.917097 19136.772485 19071.565250
543.921285 19063.297332 19035.386278
544.921609 18246.170314 18987.536979
545.922421 19127.614665 18369.707155
546.923484 19945.721822 18690.991296
547.924359 19540.909472 19574.369576
548.927492 19025.124136 19805.287515
549.929892 19394.763110 19467.812972
550.931658 19002.143154 19465.632722
551.935008 19137.799817 19152.360227
552.938089 18577.787215 19059.912208
553.938933 18871.379311 18613.150649
554.940062 18988.457406 18601.123084
555.941191 18714.927772 18750.481929
556.942345 18269.778831 18679.507995
557.943096 20384.848821 18319.014267
558.945355 19771.127238 19712.761036
559.949460 19745.681421 20117.365179
560.953977 19974.473586 20214.023403
561.956606 19922.844504 20316.861143
562.960191 19275.199341 20243.961312
563.960561 19261.885494 19641.498323
564.961105 19005.730272 19238.706697
565.961389 20135.868890 18850.989167
566.962143 18632.688528 19543.419642
567.963430 19873.151771 18910.361920
568.965945 19413.123542 19454.762143
569.966011 20044.359979 19486.538490
570.967392 18478.744228 19957.500254
571.967868 19166.636056 19040.484255
572.971005 19698.260332 18957.460119
573.973574 18455.633469 19366.960242
574.975891 19916.828421 18722.565179
575.979510 18859.156328 19429.530934
576.981417 19692.902574 19111.584113
577.985764 19575.964307 19514.813441
578.986716 19780.969663 19673.246688
579.988926 18977.883141 19881.896734
580.990953 19226.606184 19358.675097
581.993501 19136.118671 19188.408572
582.994393 20417.127734 19044.959078
583.994695 18973.685374 19956.781026
584.997024 19319.640989 19445.196907
585.997879 18725.189874 19330.993676
587.000409 20293.376774 18825.215552
588.001327 19605.938288 19723.460245
589.001393 19404.094776 19799.482860
590.001447 18528.803578 19637.725391
591.004048 19202.481133 18841.970603
592.006500 19188.700818 18871.059620
593.009876 19443.289730 18958.124270
594.013228 18363.505418 19250.242416
595.014188 18758.326474 18634.725084
596.015917 18900.163953 18555.277293
597.018625 19093.907477 18672.693802
598.019363 18852.837192 18933.577238
599.021153 19055.462529 18923.298802
600.021596 18408.152483 19052.513184
601.023399 18983.371494 18632.375177
602.025983 19477.051865 18797.664758
603.026061 18891.964402 19296.996510
604.026612 19485.440640 19152.860629
605.029813 19531.477226 19460.675810
606.030437 19499.916621 19655.302047
607.031663 18461.559582 19697.988507
608.033068 18895.174021 18891.045986
609.035252 18452.033630 18705.413954
610.038145 19202.104562 18327.682661
611.039545 18923.296765 18732.457956
612.040359 20485.969399 18843.151407
613.043155 19651.320824 20090.538948
614.045057 19630.344337 20187.103900
615.047176 19727.267162 20085.708241
616.047204 19307.532056 19993.861555
617.047426 20471.508629 19566.488284
618.049440 19368.721654 20161.045021
619.049703 19448.338954 19708.849061
620.050156 19424.134202 19457.432203
621.054536 17961.740901 19311.296899
622.057680 18393.606052 18169.643596
623.059339 18625.717744 17870.740134
624.061144 19288.728434 18026.088652
625.063836 18993.547711 18750.928202
626.064199 19612.490477 19026.412492
627.065439 17854.432496 19620.145516
628.066955 19171.796154 18596.554783
629.069524 18386.987672 18887.251588
630.072748 18772.754596 18515.129770
631.072854 19498.919910 18586.358530
632.073904 19691.685384 19213.195912
633.074883 18677.797311 19742.619708
634.075048 19576.007963 19234.181970
635.079442 19241.068120 19514.524925
636.081403 18453.738213 19418.862280
637.083317 19051.613264 18736.084988
638.084267 19301.605271 18772.515936
639.085826 18942.947044 19047.999747
640.085832 19836.433803 18980.149364
641.087247 19883.726151 19607.038661
642.089427 19236.677505 20013.301356
643.092636 19516.907844 19698.752418
644.096113 19199.036212 19636.131975
645.099754 19512.328891 19336.611997
646.101777 19135.947327 19387.427571
647.104511 19078.253434 19161.774515
648.104929 18720.360643 18999.220770
649.107367 19045.551475 18669.282471
650.110144 18499.574189 18760.975988
651.111439 18794.970772 18468.483654
652.111796 19452.954954 18551.557558
653.113425 19179.370906 19147.435950
654.113597 19986.002674 19316.566861
655.117535 19537.080721 19971.807154
656.511481 17961.894439 19966.284716
657.514511 18452.643886 18674.832787
658.516823 19538.355814 18218.934320
659.519485 19428.776670 18863.696425
660.520959 19736.516541 19272.557966
661.522172 19566.543627 19746.848316
662.524346 19406.131288 19853.930861
663.528335 20052.004498 19715.316072
664.530223 18880.702709 20053.117388
665.531761 19271.411673 19343.263482
666.531988 18734.342271 19165.728059
667.534805 19591.154188 18700.579200
668.537326 18540.254606 19119.054475
669.540613 19484.822974 18658.142355
670.543230 19122.031352 19106.640634
671.547235 19460.641934 19153.341642
672.549759 18797.464465 19422.822510
673.550509 18803.207836 19069.634698
674.552483 18384.102408 18829.305762
675.556410 19492.410060 18388.287742
676.557527 19483.821402 18997.963137
677.560998 19165.170319 19419.971072
678.564637 18362.311306 19407.949310
679.565773 18696.268611 18739.099422
680.569935 18694.043053 18560.945427
681.571396 19836.932606 18504.030057
682.574608 19222.710392 19380.242786
683.577560 19036.347571 19471.854945
684.577986 18358.569942 19315.602771
685.578581 19451.366770 18659.329662
686.580104 19141.977906 19075.600798
687.582680 18767.080142 19145.636212
688.583572 19516.086311 18898.566019
689.586284 19358.430755 19303.914080
690.586539 20392.884332 19441.389501
691.589476 18768.844359 20265.227708
692.590461 19070.838485 19491.030988
693.592128 19126.857614 19149.881565
694.596348 19955.650779 19001.560430
695.598911 19443.778052 19580.319032
696.599743 19822.597161 19579.626725
697.601512 18663.598929 19829.432735
698.604578 19635.492352 19083.378172
699.606099 19573.098195 19334.326147
700.607823 18753.747932 19488.296068
701.610669 19404.017536 18971.968863
702.611663 19231.828549 19146.952231
703.611845 19124.990068 19169.568500
704.614736 19364.280079 19116.312787
705.617265 19530.445067 19271.321759
706.619630 19668.179737 19496.689565
707.622101 19668.233432 19721.113347
708.624383 19357.290724 19820.132106
709.627106 19133.347343 19598.459786
710.630527 19240.732184 19259.373825
711.631030 20316.341071 19138.862855
712.633592 18809.602594 19910.781367
713.636432 18608.115652 19268.076692
714.637872 18973.839717 18680.990623
715.639615 19403.034629 18643.521895
716.644482 19451.697815 19029.263170
717.646974 19365.921156 19352.074062
718.650829 18543.080856 19474.052952
719.651307 18780.305555 18890.879223
720.652589 19233.604743 18690.261291
721.654796 19204.424458 18952.437782
722.656084 18593.099117 19131.932554
723.656531 19013.714923 18781.308911
724.660300 19032.702199 18874.406495
725.662584 19620.600289 18970.022851
726.664539 18472.842399 19474.424433
727.664756 19061.806776 18902.350771
728.665076 18376.843383 18950.660130
729.667874 19779.320581 18488.878926
730.670758 19348.363442 19281.837336
731.671240 20057.909295 19479.469499
732.673541 19050.897938 20077.668456
733.674867 19365.036917 19616.569626
734.677513 19670.006336 19480.206523
735.680409 18711.092777 19611.959634
736.683258 19742.677979 18973.162696
737.683902 19460.173389 19361.935649
738.686464 19291.391722 19439.629266
739.689195 19830.011621 19357.025854
740.692058 19879.273574 19703.280540
741.694451 19368.262410 19945.037118
742.697817 19190.373246 19666.216148
743.698409 18809.507257 19318.900355
744.701740 18820.209752 18827.461190
745.701838 19457.240216 18585.279995
746.704309 19319.268934 19000.694685
747.706259 19465.906869 19219.059951
748.708205 18166.280289 19463.273281
749.709540 18357.156854 18611.318408
750.710474 19153.626587 18217.238865
751.716369 20036.060691 18652.530891
752.719498 18702.846278 19657.276406
753.722988 19067.889169 19254.434425
754.725062 20282.533531 19188.898566
755.725093 19436.249933 20036.861558
756.726343 20017.991786 19887.548349
757.727445 18905.162584 20136.373531
758.729822 19274.520266 19396.568784
759.733808 19598.999639 19180.833122
760.736562 18664.018143 19339.746607
761.737419 19151.313008 18782.780485
762.741919 20129.085615 18840.077988
763.744444 19415.306148 19679.864949
764.745388 19776.883465 19676.728996
765.746745 18213.844739 19880.988295
766.750221 19032.080102 18784.812693
767.752166 19502.667553 18707.659425
768.755631 19440.204532 19103.128549
769.756050 19048.220908 19353.900596
770.756213 19105.432100 19206.874886
771.758761 18933.696599 19136.606930
772.763524 19629.629341 18964.877619
773.765632 19783.498052 19393.167265
774.767396 19516.562057 19781.829140
775.769546 18245.432287 19776.375309
776.772007 18307.511115 18755.347754
777.774667 19402.786470 18163.914230
778.776993 19189.287989 18725.553206
779.780444 19511.475497 19015.557149
780.780926 19240.993284 19445.632462
781.781108 17894.219445 19474.269217
782.782273 19454.229914 18420.188232
783.785560 19272.732310 18931.663395
784.786992 19022.504062 19181.919402
785.787912 19139.821389 19142.079448
786.791873 19137.506110 19180.253619
787.794782 18845.136776 19187.496188
788.796920 20087.518665 18959.342952
789.800126 19110.659020 19748.501207
790.804000 20037.094686 19495.189965
791.806194 18687.720683 19967.228358
792.808318 19586.709899 19208.683634
793.810186 19287.877596 19373.412446
794.812561 18421.893873 19284.976988
795.813822 20164.575179 18591.996619
796.815966 19986.121134 19509.991727
797.818039 18648.752885 19998.794611
798.818368 18963.688914 19237.001497
799.821019 19417.294241 18945.244809
800.821529 19296.417522 19144.181486
801.823653 17948.063838 19221.270474
802.827110 19081.736355 18267.336467
803.827236 20133.694970 18560.805694
804.827314 18526.477081 19626.741935
805.829381 18717.792707 19081.034896
806.833018 19376.776434 18813.028643
807.833408 19297.814519 19149.454327
808.837687 18954.640801 19315.276260
809.840065 19555.917678 19136.441503
810.840975 20162.334183 19452.531606
811.844143 19256.139566 20091.235555
812.845891 19639.297972 19748.716223
813.849207 19328.963750 19741.681198
814.850762 18910.957098 19479.817212
815.852728 19645.595957 18997.666865
816.854724 19962.868950 19285.893394
817.856900 18967.069115 19757.887043
818.857354 19606.446139 19298.279469
819.860363 19877.190865 19465.205862
820.861669 19520.899455 19787.037672
821.863461 19719.511596 19703.273317
822.864222 19377.676119 19764.756781
823.865999 19373.098406 19527.810608
824.867960 19628.762723 19368.370615
825.870038 18473.587844 19481.580804
826.873545 19009.088190 18708.600219
827.877627 19428.557690 18664.982092
828.878411 19503.182592 19043.801678
829.879015 19241.236519 19385.369151
830.883388 19143.196640 19389.146693
831.883444 19412.617387 19280.528011
832.885385 18719.791623 19393.951388
833.886273 19275.927567 18935.710253
834.886516 19543.501935 19069.711986
835.887207 18979.714104 19388.947524
836.889174 18868.379492 19164.363022
837.890990 19572.492653 18922.407583
838.891636 19063.654580 19316.007711
839.892633 19614.649748 19195.300456
840.893765 19028.524269 19515.281735
841.894351 19159.819918 19260.520269
842.894695 19155.748712 19173.612273
843.895590 19750.646328 19123.656781
844.898354 19295.405343 19552.875230
845.899459 20074.097587 19475.496490
846.902213 18559.203787 19975.803516
847.905347 18916.468346 19114.360197
848.907786 18829.103348 18812.797854
849.909228 19194.254978 18622.410557
850.912545 18445.456874 18852.753829
851.914300 19726.259458 18491.702174
852.916872 19155.416331 19260.216959
853.918683 18940.665858 19332.852632
854.921512 19391.885911 19163.748538
856.514201 18628.602329 19361.840860
857.516623 18622.239669 18895.935598
858.519261 19012.269066 18591.377654
859.522636 19726.130452 18739.336234
860.522949 19345.390132 19416.944771
861.524041 19140.754056 19547.490220
862.525064 18261.571928 19408.760866
863.527599 18409.884938 18613.007889
864.531850 18742.949424 18238.507169
865.535109 19206.579120 18343.899615
866.535227 18889.629208 18844.080563
867.537188 20002.196992 18947.083241
868.539131 18961.183265 19818.646911
869.539175 17921.174520 19519.555970
870.539965 19513.254507 18450.410765
871.542051 19609.888801 18977.589091
872.542973 18965.882446 19447.570329
873.545760 19228.757126 19240.135799
874.546629 19553.322507 19265.011206
875.548084 18929.648133 19511.809425
876.552318 19208.967638 19177.831025
877.554039 19297.281223 19158.285731
878.555542 18176.937016 19227.418749
879.558240 18835.029137 18439.192722
880.558484 19170.492089 18473.084872
881.560749 19277.033598 18832.114227
882.563579 18654.489655 19176.129502
883.565249 19276.040146 18906.455206
884.565642 19431.138055 19174.789539
885.566187 20056.869607 19450.592789
886.566636 19634.093250 20052.929394
887.568518 19364.170690 20038.000482
888.571489 18941.251884 19727.117298
889.574907 19448.672501 19163.749950
890.578859 18828.135163 19207.007222
891.581734 19008.365193 18823.649174
892.585871 19758.098250 18768.264170
893.587175 18981.044852 19362.896717
894.587868 19581.396986 19176.223324
895.589033 18819.050041 19484.356111
896.591545 18271.078255 19090.922514
897.594829 18998.007476 18415.258758
898.596277 19008.868584 18586.578670
899.596771 19296.201387 18783.241659
900.599641 19489.900074 19153.479486
901.602404 19604.478644 19519.552891
902.606095 19587.060221 19781.110316
903.607044 18735.150286 19854.667293
904.607870 18716.505122 19185.611563
905.612396 19570.396623 18724.484506
906.613278 19059.034698 19132.344757
907.613349 19375.600552 19062.266405
908.615885 19674.707948 19263.843693
909.618432 19116.857882 19616.902099
910.618890 18629.545854 19389.495215
911.620274 19001.586011 18842.148418
912.624037 18685.704298 18794.354497
913.624808 18360.365940 18585.354129
914.627661 19232.294115 18261.937719
915.629601 19621.348080 18778.782701
916.630141 19863.835195 19442.373519
917.632433 18934.433467 20000.777905
918.633934 19222.315823 19548.693124
919.635380 19450.655489 19384.997586
921.511345 18955.738238 19433.734126
922.512707 18658.754353 19091.144799
923.515219 18591.603268 18663.260581
924.517212 19543.365320 18397.828601
926.509493 19299.182387 19027.377817
927.511266 19373.467569 19288.012101
928.511983 19113.231110 19476.835701
929.514461 19529.532888 19350.228124
930.515640 19015.825977 19539.901415
931.516528 18846.372004 19246.865745
932.518728 18971.844306 18915.497489
933.521769 19417.310435 18826.636216
934.522889 19264.574400 19152.607199
935.523878 19953.691597 19267.216473
936.525086 19470.737846 19840.698490
937.525146 18254.610966 19793.472462
938.526934 19445.843985 18777.080634
939.529449 19843.509953 19031.692067
940.530197 18943.250566 19560.785239
941.532533 18888.174758 19220.818463
942.532702 18885.919361 18940.136245
943.535383 19373.479215 18785.113216
944.536295 18671.072716 19098.473129
945.537836 18097.894222 18797.099732
946.538614 19108.693056 18185.022410
947.539960 19780.859666 18615.300826
948.541750 19424.976524 19457.913050
949.544452 18867.314090 19693.043459
950.544799 19380.651084 19325.345104
951.544816 19206.807803 19411.990919
952.547789 19508.590029 19317.096407
953.548138 19234.249190 19468.413669
954.549142 18336.161933 19348.360761
955.550840 19355.245939 18586.240971
956.551521 19053.425830 18906.974321
957.551848 19767.023024 18953.043819
958.552804 19483.869642 19536.371966
959.554004 19508.205021 19673.333768
960.554062 19234.956978 19712.700172
961.555605 18695.261034 19476.323554
962.556493 18630.598910 18893.021643
963.559091 19498.140767 18503.433942
964.559565 18878.466087 18991.087726
965.561851 18478.878267 18896.921868
966.562166 18673.650553 18545.534130
967.563352 19481.036051 18499.255509
968.563379 19470.972955 19125.254083
969.565647 19193.118405 19519.651540
970.566894 19002.532890 19496.289710
971.567681 19711.562896 19265.876832
972.569002 19016.322270 19616.606913
973.570125 19549.765231 19294.280479
974.572137 18401.177940 19463.709930
975.572155 18576.468935 18708.498013
976.573168 19532.482714 18385.530282
977.574760 18771.884367 18988.791415
978.576032 18970.402941 18855.896045
979.577272 19152.386248 18917.334371
980.579986 18820.713066 19097.808157
981.580953 19293.253141 18952.934686
982.581432 19018.894734 19201.847602
983.583436 18808.118105 19143.386639
984.583690 19033.250911 18924.950710
986.509907 18804.200979 18955.374198
987.511584 19080.248307 18818.267672
988.511826 19139.373925 18953.233232
989.511882 18670.984808 19096.813993
991.510084 19374.570346 18827.952520
992.510099 18872.451112 19181.969009
993.510627 19302.448627 19030.538162
994.511310 19436.991424 19237.799112
996.510532 18899.218933 19458.499064
997.512834 18865.744582 19160.142761
998.514797 18733.145917 18920.627889
999.515108 18907.900707 18687.700628
1001.509224 18721.666558 18713.664412
1002.510385 19300.852923 18635.529766
1003.510936 19098.806409 19052.386415
1004.512790 19326.885697 19171.396481
1006.509252 19296.979484 19383.813462
1007.509390 19029.393796 19453.360352
1008.511025 19007.274594 19248.349314
1009.511071 19418.012325 19074.515514
1011.509674 19260.485818 19278.841682
1012.510636 19152.395996 19297.652547
1013.512824 18680.121404 19216.698930
1014.513082 18949.986485 18805.940444
1016.507566 19568.541299 18771.505252
1017.507926 18962.587883 19262.824075
1018.508065 19228.563741 19130.447730
1021.507566 19160.837127 19221.776489
1022.508195 18865.885701 19218.342721
1023.509879 18608.496677 18981.035870
1026.507566 18326.207647 18640.553134
1027.508125 19165.309578 18250.580879
1028.508269 18848.885374 18703.827892
1031.507566 19513.551074 18808.503667
1032.508114 18939.347189 19369.436256
1033.509010 19072.412152 19255.278342
1036.507566 19182.255560 19219.015318
1037.507597 19515.253692 19246.615571
1038.507846 18630.231200 19494.074294
