95.002635 18514.213163 0.000000
96.002755 19124.759574 18514.213163
97.003942 18978.062281 19735.305986
98.004378 18771.725214 19777.919619
99.005608 19603.527367 19444.509301
100.007455 19415.048885 19733.459735
101.007856 19162.778283 19704.092998
102.009174 18861.943251 19427.945650
103.009210 19379.136866 18997.953860
104.009808 19063.427692 19136.850524
105.011956 19046.565034 19030.088561
106.013542 18837.136411 18972.395369
107.015719 19989.521786 18805.019722
108.017086 19445.014914 19593.650102
109.017922 19423.287137 19678.553059
110.018971 19405.066571 19646.324168
111.019151 18405.508606 19560.785041
112.021138 19664.382584 18729.417386
113.022678 19151.032858 19176.911847
114.023246 18939.636835 19137.514467
115.023350 18955.702000 18962.648357
116.024928 18636.324913 18881.511296
117.026748 19178.724268 18619.957626
118.028731 19082.472856 18900.072129
119.030296 19303.010449 19037.603856
120.032657 18991.482153 19282.990164
121.033259 19115.952398 19177.042168
122.033559 18932.499592 19171.030849
123.034564 19290.745387 19016.665973
124.035398 19070.264744 19187.126286
125.036623 19646.893737 19132.900735
126.038150 19170.656916 19522.600707
127.039729 18435.650192 19391.346335
128.040615 19494.129824 18719.291750
129.041921 18237.855215 19106.213793
130.044184 19782.512847 18454.447865
131.044603 19368.840082 19232.909963
132.044866 19768.924083 19449.287159
133.046993 19442.566709 19837.426988
134.050019 19496.230176 19769.603146
135.053829 19446.580966 19694.179717
136.054010 18886.072834 19569.743709
137.055397 18840.143686 19056.353920
138.058822 18412.814769 18722.641893
139.061870 19450.440024 18264.664640
140.062081 18908.956948 18850.932487
141.064812 19455.692128 18887.830988
142.067535 18570.365014 19321.613113
143.070162 18681.245532 18908.028594
144.071673 18965.575947 18699.980828
145.073489 19434.557708 18804.520932
146.073639 19485.967777 19248.791059
147.075748 18766.355372 19555.925336
148.077109 18796.280334 19152.293781
149.077287 20532.588946 18876.437123
150.077617 19284.841833 20020.701055
151.079259 18816.052682 19784.994660
152.079870 19136.567015 19190.511392
153.081372 19323.591869 19040.040830
154.083817 19753.357532 19129.205736
155.086260 19122.432877 19544.708969
156.088599 18384.349160 19331.429236
157.089891 19389.730001 18618.977491
158.091859 19333.499026 18958.130167
159.095412 19793.505131 19193.433232
160.098501 19036.947200 19691.105792
161.102222 19307.601336 19398.123458
162.102477 19137.718672 19364.328829
163.102521 19616.960220 19205.837643
164.102946 20016.679669 19468.993468
165.103253 19912.812616 19937.352656
166.105089 19113.453560 20113.463713
167.106596 19034.793555 19551.837175
168.110851 18636.514573 19102.432999
169.113932 18879.975989 18562.111813
170.114173 19118.403714 18493.147973
171.114847 18970.305092 18734.193850
172.118013 19886.445888 18839.695288
173.119895 19084.016911 19612.204056
174.121622 18513.127043 19465.197165
175.123413 18688.653259 18868.231255
176.123718 18974.362607 18612.616909
177.124556 18905.382274 18718.100834
178.124927 18869.286784 18783.172991
179.125349 19393.438906 18819.189772
180.127071 19675.565437 19242.836507
181.132081 18938.165118 19703.905373
182.135136 19156.544292 19374.304582
183.135639 19447.789510 19264.253702
184.138472 18873.497976 19400.734822
185.140250 19439.832572 19050.020404
186.140774 19652.273447 19255.283535
187.142157 20329.303948 19563.383016
188.143059 18338.002113 20247.428240
189.144956 19839.048873 19116.443403
190.147129 19396.194337 19482.125732
191.147313 20067.944250 19422.056779
192.148638 19351.119056 19889.369128
193.151841 19865.314098 19630.050187
194.154413 19991.669254 19816.304215
195.158288 19327.896377 20016.450067
196.159598 18321.849875 19612.498132
197.160698 19008.755298 18584.836849
198.160984 18811.690194 18520.438532
199.162183 18220.553668 18462.519736
200.163140 19222.275997 18077.500559
201.165283 18943.530326 18672.045994
202.168582 19542.352909 18897.816959
203.171946 18952.468119 19471.247720
204.172442 20136.005752 19333.325806
205.175115 20650.764458 20056.803652
206.177794 19783.027615 20824.412129
207.178108 19468.200040 20514.001817
208.180256 19877.214157 19939.932430
209.182932 19006.121467 19841.725226
210.184585 19350.111671 19148.174340
211.184593 18424.944533 19023.878331
212.186121 19483.045012 18349.413308
213.188237 19839.188762 18824.638963
214.192139 19073.989363 19493.961115
215.192311 18604.903181 19341.029553
216.195335 19430.141434 18845.989088
217.196103 19151.804653 19157.126069
218.197978 18982.425380 19172.195814
219.201327 19084.806404 19047.598443
220.204550 18516.754579 19045.792259
221.207167 19493.383950 18628.603834
222.207598 19611.124029 19124.519336
223.211603 18364.938973 19552.998300
224.214989 18679.124681 18847.130422
225.218006 18683.541608 18609.287902
226.220915 19988.046828 18511.138532
227.221862 20207.573687 19483.543531
228.223265 18454.710930 20260.516998
229.225844 19494.670918 19321.120837
230.226741 19844.201168 19414.790271
231.227022 18912.706149 19743.742837
232.227838 19935.178184 19234.712438
233.230257 17904.813196 19666.549693
234.231219 18959.928144 18426.851702
235.232706 18714.474607 18467.829291
236.236656 19741.391192 18427.252646
237.237922 18720.386461 19248.957253
238.239771 18965.757244 19017.164492
239.240841 18979.206923 19011.101692
240.243708 19053.931687 19006.821439
241.244348 19744.414939 19053.821256
242.244753 19366.630933 19595.211212
243.248106 17942.835974 19619.869117
244.249824 19650.622166 18501.042304
245.252344 18348.301219 19082.916959
246.253090 19462.858570 18539.039878
247.254266 19233.398270 19055.334686
248.257680 19091.101286 19243.267836
249.261411 19337.300154 19228.044282
250.264133 19696.243764 19370.845907
251.266267 18107.212474 19703.067989
252.269990 19226.030269 18675.699506
253.271861 18504.290849 18859.006852
254.274163 20230.623673 18501.111815
255.274347 19572.985378 19617.708673
256.274819 18759.641174 19836.007131
257.278342 19684.551245 19269.392768
258.279361 18399.557472 19552.330242
259.280559 18515.251789 18763.108900
260.284507 19430.688744 18364.381110
261.286258 19561.035134 18889.312600
262.287388 18778.025857 19384.882175
263.287646 19791.964434 19089.448243
264.288948 18449.014561 19624.329614
265.289008 19465.253993 18926.466600
266.289707 19137.183933 19220.351656
267.293087 18769.600260 19182.467224
268.294939 19233.615802 18876.516431
269.295947 18328.743938 19044.823648
270.298557 19011.224057 18497.521396
271.300152 19416.922634 18693.535996
272.302736 19101.364123 19175.239243
273.304701 20091.578263 19239.842831
274.306450 19096.714372 19980.185554
275.306785 19073.505160 19632.057174
276.308330 19440.210977 19306.750374
277.308985 18664.430840 19360.815034
278.312314 19611.135487 18825.861247
279.314282 19900.811478 19228.055237
280.314382 19477.745063 19742.179287
281.316660 19236.544053 19721.599549
282.319198 18344.606730 19469.445301
283.325000 18312.334914 18616.189873
284.325221 19808.211387 18097.462511
285.326438 18935.260062 19013.724286
286.329377 19049.549802 19015.763455
287.330148 19017.781576 19082.374496
288.330488 19345.960296 19083.647674
289.332737 18699.120895 19313.951779
290.334087 20216.341231 18951.976409
291.337603 19036.008273 19845.690098
292.337810 19015.975505 19499.960007
293.340057 18908.690391 19196.082452
294.340379 19986.133925 18918.653102
295.340963 18768.415452 19585.530400
296.344388 19182.872871 19105.831076
297.345270 19920.736048 19092.470571
298.346920 19320.849827 19661.788277
299.349073 19620.750086 19561.269407
300.351539 19811.786819 19675.830271
301.352888 18992.556364 19862.618207
302.353890 18790.923214 19328.881487
303.357014 20079.054688 18826.706983
304.359923 19783.318681 19532.772395
305.363463 19517.094582 19800.573669
306.366648 18628.005118 19730.492484
307.367449 18563.934157 18975.285319
308.369479 19646.690299 18462.808465
309.370457 18865.360928 19043.918568
310.372630 19429.218326 18899.169523
311.373318 19598.222196 19241.235901
312.375191 20426.817104 19586.017598
313.376262 19045.503274 20382.905778
314.377988 18828.962806 19756.342327
315.378895 19827.614449 19102.945487
316.380706 19751.165428 19456.740129
317.382534 19414.309298 19669.019264
318.385115 19010.127405 19543.053275
319.386688 19165.011470 19144.747866
320.387940 19800.609215 19028.103096
321.389097 18927.261421 19480.706113
322.390283 19520.536928 19131.972552
323.392742 18929.940038 19351.384618
324.395303 18145.926279 19060.431062
325.398613 19571.181794 18294.321208
326.399057 19094.147936 18943.109185
327.399787 19160.582064 19066.745932
328.400823 19581.561816 19185.240403
329.402625 19242.866310 19554.057868
330.406175 18926.491714 19491.320957
331.406780 18999.982862 19160.557893
332.411426 18997.106003 18991.778178
333.414672 19597.495169 18907.281846
334.416324 19073.608637 19337.781595
335.417822 19184.679007 19225.044963
336.419302 19095.994221 19214.120344
337.420929 19454.290388 19134.784110
338.423089 18202.957970 19354.140646
339.423178 18879.676082 18550.357037
340.425259 19516.615194 18569.154049
341.427658 18817.088530 19133.887398
342.428538 19756.242321 18987.291023
343.430052 19439.468780 19575.807556
344.431748 19610.135168 19677.594358
345.432528 18114.677002 19796.956156
346.433389 19749.932275 18688.338183
347.434333 19424.086392 19217.055356
348.435527 18776.760398 19370.248760
349.437246 18640.084810 18974.810375
350.439841 19742.387467 18625.071997
351.440864 19405.192984 19280.683004
352.443102 19345.384352 19471.018761
353.446929 19223.705104 19504.873721
354.447541 18865.003323 19390.669423
355.448932 18968.635875 19022.799858
356.451241 19632.473965 18877.140356
357.454695 19643.684504 19325.063052
358.456620 19383.881424 19634.285033
359.459276 20305.130961 19596.393581
360.461508 19083.930435 20215.256969
361.465131 18887.495137 19631.256766
362.467564 18734.821186 19055.098608
363.469217 19467.631678 18610.613198
364.471987 19245.751380 18969.030359
365.472713 19197.802357 19106.479046
366.473860 19394.537006 19174.059706
367.476039 18752.214873 19361.336685
368.478545 19866.803389 18981.533655
369.480246 19414.859701 19570.243832
370.481360 18448.253222 19599.781043
371.483760 18907.574700 18843.364454
372.484653 18998.767477 18710.869460
373.487206 19025.670101 18762.192856
374.487618 19810.353154 18867.175177
375.491159 18724.658107 19547.802359
376.491530 20151.909486 19139.482362
377.491627 19002.625418 19902.054835
378.494196 19470.553753 19483.841683
379.494470 17789.782612 19505.377292
380.495823 19160.899273 18246.860856
381.496287 19221.932008 18531.670573
382.499300 19181.707668 18877.157157
383.502340 19634.955384 19105.925908
384.504218 18796.012489 19579.191510
385.507527 18730.229727 19200.558108
386.508768 18896.809866 18860.767931
387.509223 19281.909464 18783.173395
388.509597 18786.362359 19061.609944
389.509978 18986.138956 18884.242769
390.510208 19936.404842 18920.921527
391.511739 18862.963025 19668.264678
392.512484 19623.319503 19303.889932
393.514688 19942.767522 19581.738190
394.516196 18740.038853 19970.643662
395.519665 19063.719422 19256.080861
396.520294 18389.966897 19012.549386
397.524329 19642.788786 18398.261763
398.524454 19521.611391 19028.660652
399.526603 18066.101279 19406.509084
400.527096 18594.988825 18532.576292
401.529629 19013.682903 18375.656803
402.532023 19597.445733 18666.050622
403.533126 18112.964974 19335.977724
404.537085 18472.605202 18622.947709
405.540121 19455.615378 18408.667188
406.542554 19239.862240 19054.769063
407.543417 19195.957083 19316.216726
408.545439 19120.756553 19394.923068
409.546323 19147.553446 19328.134346
410.546926 20253.604420 19262.993206
411.548555 19784.820966 20031.100926
412.548572 19471.232766 20119.193069
413.551875 18439.412404 19844.454965
414.553719 19779.777839 18839.915092
415.555357 18978.826103 19242.793560
416.558375 19341.621981 18977.765061
417.559608 19438.522586 19117.612981
418.561534 18620.632123 19316.214644
419.565077 19060.760297 18832.674614
420.565176 20096.272834 18867.990107
421.566187 19172.924305 19710.474803
422.567911 19244.465735 19535.655263
423.569657 18850.077213 19411.218825
424.572493 18668.971847 19011.520943
425.575279 19439.447617 18635.482045
426.577994 18485.714288 19033.691874
427.578639 19441.829437 18618.935727
428.578671 18974.085184 19095.338656
429.579432 18558.709945 19069.354626
430.580312 18991.393264 18721.013821
431.582644 18941.075522 18830.779939
432.583157 19115.612225 18888.078023
433.584588 18726.824981 19060.878967
434.587635 19708.005993 18869.372320
435.590001 18654.796575 19473.867921
436.592334 18876.406297 19044.743176
437.595060 19362.694802 18898.901445
438.595339 20078.419003 19185.073171
439.595355 18366.373738 19909.357592
440.596523 19238.414851 19029.731207
441.597318 18632.275894 19078.109482
442.601003 18802.924248 18687.770744
443.604036 19264.197584 18606.713928
444.606243 18906.781694 18961.193102
445.606964 19539.812273 18946.121892
446.607894 19871.244958 19403.524172
447.609221 19444.710657 19914.871851
448.611517 19282.019300 19839.738241
449.612517 18487.306857 19581.396023
450.614400 18377.411641 18781.346400
451.617435 19075.827829 18225.390292
452.617710 18609.644755 18509.229715
453.618298 19417.239252 18443.161650
454.619097 18854.529425 19057.444266
455.619839 19093.114193 19032.501951
456.623441 19434.075492 19154.476238
457.624895 19004.321377 19455.843844
458.626708 19044.055808 19278.769974
459.629908 20158.083104 19151.421712
460.633482 18524.320284 19896.426577
461.633495 18737.191392 19109.021026
462.633918 19023.000275 18728.796397
463.637080 19819.534016 18755.139493
464.637597 19339.007414 19432.676542
465.640271 19564.052481 19507.764483
466.643090 19611.193398 19671.902988
467.643329 19351.295292 19762.365301
468.646415 19449.372773 19574.879902
469.648278 19489.116789 19498.799161
470.648452 20014.834080 19478.210205
471.651283 19193.208869 19864.930341
472.653326 18689.765111 19479.547436
473.654305 18992.491833 18837.688524
474.656808 19054.709552 18706.823255
475.658847 19840.940209 18759.471055
476.661321 18682.911812 19449.277572
477.661649 18577.759497 19023.575192
478.664173 19215.762853 18646.693920
479.665914 19591.243322 18919.522196
480.668229 18626.264843 19411.606850
481.672129 18909.446550 18978.824436
482.672497 19374.807002 18886.679610
483.675981 18774.582691 19195.319271
484.679848 19811.621170 18944.342802
485.681404 18994.615852 19554.193399
486.683493 19168.632845 19310.721652
487.685910 18646.064092 19240.472073
488.686613 18731.376103 18795.460911
489.687465 17791.127351 18599.590134
490.691264 18616.992956 17829.414674
491.692966 18347.171679 18054.154317
492.693068 18540.767654 18104.867841
493.696558 19876.273151 18335.997543
494.699632 20309.010450 19504.384045
495.702768 18769.989650 20506.102547
496.703942 18726.505674 19803.423174
497.704285 19332.133812 19161.112124
498.705553 18650.990832 19185.526090
499.705691 18138.302194 18723.527769
500.707277 19054.674912 18089.877896
501.711359 19057.669979 18472.438572
502.714311 18924.590633 18811.524296
503.716930 19083.751974 18942.794068
504.717108 19579.759984 19123.249102
505.717734 18025.620620 19575.608344
506.718577 18807.711365 18637.221352
507.719926 19200.307042 18601.695731
508.721965 18231.469505 18929.883588
509.722772 19581.565751 18434.955226
510.724259 19545.219001 19149.191800
511.727057 19397.908886 19587.143512
512.729343 19134.097857 19685.155654
513.732252 19728.254294 19464.491761
514.732836 19917.350013 19717.178667
515.735322 19014.381450 19988.112815
516.737929 19940.156397 19428.662767
517.740523 19581.611667 19739.698624
519.176435 19230.992606 19676.422448
520.179596 18912.046315 19358.117369
521.181761 18258.367037 18927.973920
522.183003 19209.492326 18218.660836
523.184945 19461.171680 18587.274811
524.186637 19890.504739 19115.895693
525.189980 18705.249231 19788.524925
526.192104 19608.865320 19261.392863
527.194623 19322.614715 19536.502991
528.195231 19569.812033 19477.460684
529.198770 19143.261203 19594.626026
530.202212 18526.407120 19327.092076
531.205011 19219.164994 18684.726821
532.205557 18643.303740 18843.532674
533.209992 18715.922553 18584.947740
534.213324 18818.616418 18524.708382
535.217066 19241.146222 18619.412645
536.218503 18601.883743 19033.463072
537.218980 19732.194455 18812.962214
538.221860 19223.385627 19497.675201
539.221865 18618.225756 19517.054887
540.222866 18979.171524 18999.457512
541.223865 20364.967397 18916.060212
542.226528 19487.200629 19929.486294
543.227510 18573.931694 19886.744535
544.230204 19487.785051 19080.535978
545.230560 20248.550114 19236.170646
546.232413 19100.862551 19947.465379
547.235075 19472.565022 19517.618256
548.237285 19259.331633 19477.282622
549.239045 20354.836941 19296.010363
550.242121 19842.124254 20017.833532
551.244394 19249.700494 20078.461453
552.247526 18424.402673 19605.373294
553.248269 19331.835519 18660.937649
554.250533 20152.732255 18810.160717
555.253284 18780.141009 19630.863503
556.254778 19711.418949 19142.238650
557.258146 18545.278928 19505.860269
558.261478 19214.229921 18864.455732
559.264991 19226.912534 18965.672507
560.265386 19218.339463 19087.932208
561.268128 20073.004553 19177.377337
562.269992 18501.195006 19873.339250
563.271099 18651.367863 19092.379373
564.274709 18556.322175 18666.732985
565.279037 19570.595226 18378.784245
566.281794 19591.204155 19039.899145
567.282548 20237.130807 19518.587312
568.283814 19347.856621 20260.530596
569.286318 19816.209640 19958.696650
570.289089 18022.953556 20006.334435
571.289403 18574.910977 18637.680066
572.291684 18981.423931 18213.639319
573.292503 19050.784159 18396.821576
574.292773 19995.569865 18686.583465
575.293888 19475.364602 19631.103861
576.295122 18665.457240 19804.326614
577.296531 18968.274434 19201.266965
578.297833 18835.615662 18992.897605
579.298864 19266.320683 18783.063054
580.300930 19550.660685 19014.312695
581.302724 18875.457317 19406.194515
582.304105 19294.994923 19131.849441
583.305273 19703.386108 19245.232078
584.307018 18793.508879 19620.657496
585.307392 19369.432682 19146.644436
586.308664 18744.279406 19253.296869
587.310511 19427.079391 18866.792082
588.313695 19692.598655 19155.011508
589.315407 19214.483531 19566.277639
590.318987 19107.802988 19444.904616
591.321367 19593.570693 19246.602426
592.321388 18570.499030 19477.077250
593.322610 19686.998181 18854.134276
594.323169 18528.550719 19309.128340
595.324228 19574.346123 18762.257236
596.325098 18525.241212 19214.741608
597.329452 18664.451017 18744.056239
598.330985 19207.320021 18558.417151
599.333691 19613.658038 18899.257827
600.334233 19382.971331 19451.447226
601.334367 18574.844002 19595.079599
602.338773 19023.190205 19007.773221
603.341945 19727.359964 18942.147380
604.342782 18762.947299 19457.722485
605.343127 18326.020973 19059.609908
606.346747 19209.539096 18458.693223
607.348981 19617.484419 18787.705411
608.352171 19538.459389 19363.628918
609.354703 18608.657458 19655.785774
610.356162 18813.519411 19075.181158
611.361688 18906.714968 18821.894389
612.363872 18714.242087 18763.053928
613.365480 18489.895740 18625.194297
614.368311 19060.324896 18410.266669
615.370845 18695.851419 18750.531989
616.373112 19609.072048 18724.757768
617.375929 19973.543139 19389.559542
618.377245 19174.422426 20050.191874
619.377964 19709.930757 19762.005321
620.378892 19365.374334 19872.647570
621.379245 20128.344578 19628.872173
622.380359 19436.953424 20013.337698
623.382891 18853.004191 19715.778815
624.386171 19543.346871 19059.331101
625.389443 19177.619364 19197.282527
626.392722 18411.163489 19078.478695
627.393050 19393.029077 18469.020040
628.393748 20029.341960 18886.225766
629.395162 19740.666059 19698.764119
630.397742 18632.812000 19971.170830
631.397807 18791.016763 19218.857448
632.397993 19016.539679 18814.842968
633.401625 19294.841376 18776.021363
634.404083 19705.649791 19025.466413
635.404367 18449.610632 19525.638990
636.405770 19371.071551 18878.698609
637.409562 19754.060713 19139.052114
638.411280 19001.340321 19614.475597
639.412456 19447.444513 19322.543323
640.416211 19001.215808 19430.854580
641.417995 19432.223652 19154.486163
642.421228 19451.985217 19301.240249
643.421258 18532.796624 19422.184316
644.424278 18437.882241 18800.715130
645.425099 19241.787878 18351.815123
646.425382 18898.357778 18751.811127
647.428400 18829.761804 18816.730741
648.431019 18764.403026 18818.150327
649.432963 17985.918639 18772.743906
650.434806 19676.033805 18164.092186
651.436438 18909.263953 19082.809313
652.437571 19196.599241 19115.396611
653.439315 19487.088925 19295.658562
654.440158 19495.763673 19578.891969
655.443043 19371.792823 19704.063973
656.443195 19764.618529 19621.596763
657.445090 19306.000654 19812.531452
658.447806 19361.508418 19552.057160
659.449482 18555.897570 19401.936710
660.452907 19597.792279 18712.561276
661.455556 18224.159472 19110.128664
662.458015 19124.194860 18400.603657
663.461062 18228.564520 18676.756648
664.461527 19667.332158 18254.969941
665.462375 18846.292540 19116.550962
666.462973 19579.157803 19069.257057
667.465411 19903.628250 19539.517923
668.467521 19127.610035 20027.911161
669.468351 18729.663449 19659.023391
670.470758 19560.568691 19043.266228
671.472474 18759.003691 19280.165883
672.477056 20248.650367 18867.542663
673.479924 19532.610594 19751.331316
674.483021 18449.798004 19780.525576
675.483806 18922.616857 18921.034518
676.484793 19114.295398 18728.094000
677.488789 20291.309809 18824.013361
678.489363 19432.592374 19827.304359
679.490854 19029.940592 19800.913145
680.490971 19723.753309 19393.648508
681.494961 19252.853782 19619.448749
682.496492 19341.126783 19405.250364
683.498768 20224.137403 19326.256777
684.501131 18683.208479 19952.735449
685.502615 19136.953363 19178.128581
686.503930 19483.524569 19007.403784
687.504722 19255.922690 19214.357186
688.506624 18871.123374 19214.424323
689.509574 19291.396098 18936.232996
690.511614 18294.450997 19096.064470
691.513911 19628.303359 18477.104288
692.515908 18910.504066 19122.350146
693.516723 19103.122618 19033.111908
694.517845 19638.477744 19102.304743
695.518129 19071.850766 19538.621974
696.519351 19158.050630 19356.774298
697.520506 19929.363505 19259.269475
698.523323 19682.926122 19763.697009
699.526343 18729.862606 19872.499362
700.527559 20039.649013 19164.709592
701.527914 18949.047906 19684.442766
702.529828 19027.716586 19215.160084
703.533178 19234.895418 18972.992209
704.536419 19064.806632 19020.973489
705.540325 19524.844844 18970.878022
706.541436 19064.016466 19314.341100
707.542172 19808.142614 19193.077291
708.545527 18188.198211 19658.274792
709.547073 18336.259685 18713.382195
710.549960 19347.503257 18220.686006
711.550248 19261.973001 18761.664011
712.551723 19504.958914 19114.465133
713.555473 19271.337411 19509.982095
714.559414 19710.956241 19531.268654
715.560641 19658.024642 19806.643245
716.563271 19337.429333 19880.710091
717.566191 19019.736552 19621.625669
718.569351 18435.676828 19182.764789
719.571524 19359.522140 18484.532496
720.574550 18384.642033 18816.086417
721.576923 19028.618837 18386.562228
722.576987 19952.468006 18654.302687
723.580240 19511.227528 19574.638831
724.582611 18998.149745 19798.333838
725.582671 19463.459408 19453.596427
726.584991 19749.485161 19516.348298
727.587279 18956.961903 19749.021326
728.589445 19929.619083 19271.081355
729.591185 19411.677659 19683.074391
730.592882 18928.949452 19562.251014
731.594811 17775.867835 19102.149832
732.595981 19272.954401 17963.987933
733.596695 19108.778611 18470.691884
734.596791 19343.060585 18801.477645
735.598339 18934.133557 19219.407249
736.602048 19747.844873 19152.590113
737.604229 19328.909458 19674.850894
738.605798 18846.810065 19640.028217
739.606781 18439.443416 19183.262645
740.607784 18987.913155 18565.241727
741.609710 18603.870256 18636.133994
742.612407 19495.414959 18471.492744
743.613197 19575.339173 19090.925025
744.615584 19276.375312 19561.706808
745.617766 19730.369795 19576.282895
746.619779 19564.401744 19849.089905
747.619818 18972.823381 19831.337345
748.620702 18920.690839 19312.043392
749.622356 19114.961982 18928.492006
750.625225 18619.532227 18880.469379
751.626867 19336.977567 18543.508900
752.628227 18287.247276 18932.118497
753.630013 19079.899978 18440.340345
754.630988 19014.178094 18750.667528
755.633957 19177.489546 18938.847819
756.633967 18746.551942 19174.254122
757.637581 20476.934836 18969.562927
759.177484 18994.040651 20109.251753
760.180228 19162.452243 19658.846298
761.181659 18954.359646 19393.750853
762.183921 19929.991375 19047.309030
763.185781 18527.217046 19582.574570
764.187157 19367.805707 18884.980794
765.187865 19045.078599 19077.184465
766.188384 18701.394096 19003.896280
767.188500 20159.006864 18719.784389
768.191581 19883.098387 19666.340447
769.194197 19908.135459 20055.853723
770.197494 20182.014935 20226.199331
771.198390 18890.276385 20437.265774
772.201239 19908.795904 19510.182373
773.202147 19337.147982 19655.553814
774.202704 20247.496137 19362.814116
775.204502 20360.764342 19892.788850
776.205447 19561.603588 20331.404192
777.207146 19391.420822 19958.681336
778.208723 19984.207641 19545.413396
779.211660 20148.256895 19744.871397
780.215339 19692.108264 20027.471399
781.217600 18862.646112 19856.856301
782.218062 18685.839276 19108.265128
783.218261 19889.782023 18539.959661
784.221041 19353.850926 19195.233891
785.224358 19020.460090 19294.559717
786.227076 18416.644303 19109.002305
787.229555 19460.798148 18541.226205
788.230027 19291.621807 19009.308063
789.233981 19895.028579 19229.339258
790.234761 19468.275417 19807.480572
791.236030 18899.908748 19798.373359
792.238544 18986.210781 19285.020265
793.240435 19296.598504 18996.792364
794.241546 19322.238853 19082.823810
795.242018 18872.600628 19198.513468
796.243468 19716.100938 18950.060975
797.245829 19349.435345 19439.094873
798.247461 19721.510353 19477.864144
799.251729 18771.421140 19744.197836
800.252617 18250.374643 19159.125901
801.252745 18539.952005 18378.878871
802.254914 19171.855323 18173.812320
803.255749 19396.849176 18636.741455
804.258173 19192.308782 19170.729879
805.262683 18755.877600 19340.848620
806.263139 18778.470921 19061.449644
807.266613 18748.671832 18862.302136
808.269154 18849.106157 18719.421262
809.271752 19092.066739 18730.619210
810.274313 18489.506112 18948.060358
811.277415 18934.927148 18640.862057
812.280552 19020.733798 18783.489698
813.281893 18701.277989 18957.017868
814.284350 20899.400112 18820.119078
815.287395 18855.315429 20370.551004
816.288037 18848.596748 19744.915731
817.288264 19018.586604 19204.659009
818.289958 19279.161910 18973.007474
819.292774 19343.783288 19064.007969
820.292896 19499.116114 19211.762735
821.295262 19467.131718 19435.144876
822.296025 19064.311003 19538.840458
823.298990 19163.243187 19270.645529
824.301727 18647.848711 19159.163571
825.305942 18837.691655 18717.896638
826.306366 19476.754358 18622.133399
827.309530 18128.241315 19107.438370
828.311688 18541.991731 18431.035070
829.314812 19535.760566 18327.447794
830.317764 18838.167580 19074.616766
831.320724 18666.008190 19040.292463
832.322495 19417.050251 18843.479548
833.324275 19775.072807 19263.986797
834.327165 18480.739873 19781.023202
835.330810 19050.942476 19067.304105
836.332035 19643.879044 18991.455451
837.333350 19366.373613 19413.105306
838.334136 18792.471442 19473.494595
839.336966 18713.812183 19046.482366
840.337178 19052.811307 18710.479076
841.339986 19647.125519 18797.560050
842.340129 19513.082566 19350.649011
843.341987 18888.052670 19600.780404
844.343814 18464.095385 19235.149219
845.347476 19048.713616 18647.591525
846.350104 19888.455206 18746.402316
847.352199 19839.040200 19501.191729
848.354337 19037.772194 19938.341050
849.355584 18272.055955 19531.139494
850.355758 20177.676165 18629.909712
851.356723 19092.933412 19519.046539
852.357732 19753.913157 19314.715294
853.359272 19534.540868 19652.839010
854.359830 19220.205490 19682.640188
855.362126 19257.090478 19424.764414
856.362915 19557.934109 19272.350537
857.363648 19242.728871 19417.961307
858.364196 18801.416692 19289.355964
859.366479 18412.120799 18882.412385
860.367051 18927.774376 18366.719752
861.368404 19082.524416 18506.963880
862.369552 19763.255058 18798.351098
863.372971 19693.238973 19525.636019
864.375409 18908.799494 19896.171175
865.376497 19174.541441 19442.376093
866.377695 18800.100017 19281.390863
867.379311 19344.753094 18893.354824
868.383100 19201.201241 19084.512911
869.384173 19534.797959 19137.488110
870.384680 19152.715729 19430.101531
871.386110 19560.730453 19316.020676
872.386580 19566.484420 19524.165055
873.388731 18921.958526 19641.694069
874.390560 19472.443017 19198.261743
875.392260 19675.660384 19320.333144
876.393411 19155.306794 19571.809338
877.394825 18609.210693 19333.245004
878.395373 19007.182401 18759.906209
879.397329 18049.324036 18734.041713
880.399386 19258.974110 18071.000864
881.399747 19248.127703 18641.298788
882.403471 19441.802291 19072.731775
883.406348 19136.370660 19477.553192
884.406978 19339.823773 19441.952452
885.408195 18816.951172 19500.346469
886.408725 18716.554074 19097.258352
887.411220 18566.911290 18750.339676
888.412564 20059.782360 18456.201849
889.413023 19336.897156 19456.463598
890.417266 18881.284714 19565.260260
891.417477 20478.125857 19220.858484
892.418059 19895.550457 20161.395011
893.420775 19499.697487 20273.914435
894.422230 18360.452405 19938.693425
895.424868 19142.954690 18806.900125
896.426000 19903.485025 18716.268258
897.428803 19220.422716 19348.021684
898.429175 19206.120607 19290.467500
899.432075 18785.753065 19233.452631
900.433535 19399.004567 18882.836534
901.434610 18876.796184 19143.196244
902.435699 19779.499386 18945.671893
903.439244 19187.275715 19506.718192
904.439534 19715.977402 19411.268886
905.443001 18938.118117 19704.072206
906.446511 18934.164212 19270.055701
907.447593 18910.176238 18967.097624
908.448831 18844.560583 18789.394252
909.450062 19449.951728 18681.526321
910.451798 19614.086587 19122.394280
911.453192 19258.416534 19547.818766
912.455783 19503.998578 19510.345424
913.458541 18539.680864 19612.813064
914.462216 18572.491010 18913.604976
915.464493 18482.752956 18495.127514
916.467039 19834.402491 18237.926117
917.468909 19155.954907 19184.269279
918.472265 19556.069363 19311.138475
919.475023 19090.840160 19635.863023
920.476070 19486.124541 19429.354980
921.476713 19019.141388 19537.935539
924.176507 18022.621536 19229.035704
925.178491 19739.756984 18274.722319
926.179290 18897.290861 19022.392016
927.181551 19105.623796 18943.718515
929.176221 19913.465741 19049.024552
930.176406 18903.667886 19721.708840
931.177120 19063.383815 19348.641818
932.178745 18965.772220 19170.651771
933.179355 18994.588437 18981.631062
934.181244 19148.875872 18904.768160
935.182014 19322.309942 19004.507355
936.182017 19138.580240 19220.544634
937.184359 19169.008039 19216.207324
938.185424 19233.686943 19217.452747
939.187720 19541.787657 19254.473460
940.189975 18246.076450 19498.862723
941.190126 18916.183565 18660.005183
942.191450 19334.175108 18639.674565
943.193090 18866.205260 19012.130163
944.196033 19128.379201 18927.891813
945.196504 18763.064849 19066.981455
946.197054 19150.545380 18877.889948
947.198274 19032.918470 19045.248319
948.201024 18994.239783 19067.031586
949.201579 18342.131460 19040.385926
950.202477 19982.249977 18526.445318
951.204198 19437.052547 19453.485437
952.204669 19011.930706 19640.298559
953.206130 18768.022559 19364.052236
954.208939 19578.336859 18954.967582
955.209512 19036.507315 19311.424724
956.210995 19298.049914 19150.009171
957.213478 19491.536455 19237.082880
958.215215 19203.212182 19440.976398
959.215996 19111.133918 19339.319967
960.219186 19065.024859 19185.406107
961.221088 19576.204438 19055.299336
962.221926 19353.098368 19376.062015
963.223608 19153.721645 19419.149408
964.224516 18934.738618 19274.647802
965.226658 19327.542704 19007.928190
966.227062 19270.820388 19150.874055
967.227277 19382.591745 19223.972413
968.229011 19288.605692 19356.062103
969.230518 20238.842813 19358.249819
970.233205 18847.324801 20054.610486
971.233704 19069.670703 19405.210392
972.233927 19161.257623 19107.798374
973.234685 18821.204168 19018.250637
974.235199 19110.852408 18754.188424
975.235980 19396.133451 18856.147433
976.236051 18712.708074 19184.763964
977.236603 19484.329445 18889.345568
978.238066 19670.988152 19276.193025
