# VAndroidClient mimuroto
5.235577 0.176573 3624.569275 3584
11.118636 5.833060 3072.144096 3072
16.360450 5.191813 2958.503957 2816
21.116148 4.705699 2992.116782 2816
25.858307 4.742158 2969.112124 2816
30.760313 4.902006 2872.293480 2816
35.527509 4.767196 2953.518289 2816
40.203499 4.675991 3011.126534 2816
44.625747 4.422248 3183.901355 2816
49.085086 4.459339 3157.418712 2816
53.592892 4.507806 3123.470843 2816
58.113563 4.520671 3114.581856 2816
62.892406 4.778843 2946.319738 2816
67.521706 4.629300 3041.496321 2816
72.125071 4.603365 3058.631921 2816
76.601858 4.476786 3145.113381 2816
81.120718 4.518860 3115.830131 2816
85.763120 4.642402 3032.912696 2816
90.522859 4.759739 2958.145401 2816
95.090670 4.567812 3082.438775 2816
99.663350 4.572680 3079.157312 2816
104.174596 4.511246 3121.088636 2816
108.717090 4.542494 3099.618981 2816
113.255669 4.538578 3102.292962 2816
117.876583 4.620915 3047.015843 2816
122.453670 4.577087 3076.192229 3072
127.438025 4.984355 3081.642493 3072
132.429229 4.991204 3077.413849 3072
137.419778 4.990549 3077.817549 2816
141.956734 4.536956 3103.402627 2816
146.611842 4.655108 3024.634408 2816
151.111929 4.500086 3128.828799 3072
156.273922 4.863472 3158.237371 3072
161.304463 4.894014 3138.528233 3072
166.386687 4.976237 3086.669474 3072
171.083287 4.672837 3287.082055 3072
176.135762 4.725313 3250.578566 3072
181.147458 4.737008 3242.552960 3072
186.192647 4.782198 3211.912245 3072
191.022723 4.612273 3330.245034 3072
196.182879 4.772429 3218.486798 3072
201.137634 4.727185 3249.291380 3072
206.101724 4.691274 3274.163915 3072
211.113679 4.703229 3265.841433 3072
216.069924 4.659474 3296.509323 3072
221.110319 4.699869 3268.176192 3072
226.280399 4.869949 3154.037021 3072
231.244864 4.834414 3177.220639 3072
236.206770 4.796321 3202.454634 3072
241.206040 4.795591 3202.942331 3072
246.125280 4.714830 3257.805732 3072
251.159283 4.748833 3234.478883 3072
256.141533 4.731084 3246.613418 3072
261.109393 4.698943 3268.819923 3072
266.143962 4.733512 3244.947735 3072
270.816250 4.405800 3486.313453 3072
276.030625 4.620175 3324.549326 3072
280.931883 4.521433 3397.152919 3072
286.001498 4.591048 3345.641222 3072
290.928187 4.517738 3399.931689 3072
296.079620 4.669171 3289.663412 3072
301.139415 4.728965 3248.067776 3072
306.268575 4.858126 3161.713062 3072
311.198488 4.788039 3207.994052 3072
316.133187 4.722737 3252.351076 3072
320.915752 4.505303 3409.315835 3072
325.850145 4.439695 3459.696986 3072
331.059479 4.649029 3303.915441 3072
335.842082 4.431633 3465.991189 3072
340.963462 4.553012 3373.590765 3072
346.280733 4.870284 3153.820448 3072
351.309471 4.899022 3135.319864 3072
356.263366 4.852917 3165.106880 3072
361.220927 4.810478 3193.030162 3072
366.262291 4.851842 3165.808281 3072
371.150901 4.740452 3240.197519 3072
376.127806 4.717357 3256.060872 3072
381.172437 4.761987 3225.543997 3072
386.005260 4.594811 3342.901431 3072
390.790699 4.380249 3506.649862 3072
396.018652 4.608202 3333.187201 3072
401.173497 4.763047 3224.826481 3072
406.183695 4.773245 3217.936390 3072
411.058478 4.648028 3304.627079 3072
415.847892 4.437443 3461.452983 3072
421.058033 4.647584 3304.943232 3072
426.131387 4.720937 3253.591378 3072
431.147519 4.737070 3242.510825 3072
436.206545 4.796096 3202.604929 3072
441.031016 4.620566 3324.267798 3072
445.958890 4.548440 3376.981992 3072
450.701604 4.291154 3579.456306 3072
455.798546 4.388097 3500.378607 3072
461.129973 4.719523 3254.565978 3072
466.025694 4.615245 3328.100959 3072
471.220673 4.810224 3193.198583 3072
476.158761 4.748312 3234.833887 3072
481.029614 4.619164 3325.276904 3072
486.262254 4.851805 3165.832171 3072
491.175616 4.765166 3223.392473 3072
496.195483 4.785034 3210.008644 3072
501.054595 4.644145 3307.390208 3072
505.532886 4.122437 3725.951517 3072
510.843586 4.433137 3464.815233 3072
516.071367 4.660917 3295.488542 3072
521.040475 4.630025 3317.476644 3072
526.165504 4.755054 3230.246920 3072
531.114788 4.704338 3265.071488 3072
536.263928 4.853478 3164.740642 3072
541.549343 5.138894 2988.970159 3072
546.024391 4.475047 3432.365986 3072
550.767982 4.357533 3524.930405 3072
555.839503 4.429054 3468.009265 3072
561.170420 4.759970 3226.911070 3072
566.179891 4.769442 3220.502766 3072
570.873891 4.463441 3441.291002 3072
575.488421 4.077971 3766.578816 3328
581.071402 4.660953 3570.085643 3328
587.000302 5.589852 2976.822920 3328
592.582870 5.582568 2980.707201 3072
597.827828 5.244959 2928.526478 3072
602.964011 5.136183 2990.547481 3072
608.125805 5.161794 2975.709621 3072
613.337615 5.211810 2947.152665 3072
618.540317 5.202702 2952.312262 3072
623.617987 5.077670 3025.009792 3072
628.671382 5.053395 3039.540461 3072
633.725133 5.053751 3039.326586 3072
638.762254 5.037121 3049.361026 3072
643.877451 5.115197 3002.817171 3072
648.899115 5.021664 3058.746757 3072
653.907490 5.008375 3066.863144 3072
658.985150 5.077660 3025.015468 3072
664.077354 5.092204 3016.375545 3072
669.207618 5.130264 2993.998056 2816
673.867279 4.659661 3021.678739 2816
678.551029 4.683750 3006.138238 2816
683.052690 4.501661 3127.734426 2816
687.669993 4.617302 3049.399673 2816
692.310788 4.640796 3033.962452 2816
696.838073 4.527285 3110.031988 2816
701.478252 4.640179 3034.365467 2816
706.093172 4.614920 3050.973892 2816
711.007168 4.596719 3063.054498 2816
715.839868 4.429418 3178.747233 2816
721.084539 4.674089 3012.351578 2816
726.060517 4.650068 3027.912936 2816
730.946983 4.536534 3103.691158 2816
736.199566 4.789116 2939.999494 2816
741.111008 4.700558 2995.389062 2816
746.133634 4.723184 2981.039644 2816
751.065403 4.654954 3024.734788 2816
756.096010 4.685561 3004.976439 2816
760.989127 4.578678 3075.123511 2816
766.031017 4.620567 3047.245034 2816
771.083912 4.673463 3012.755384 2816
776.057572 4.647122 3029.832243 2816
780.968992 4.558543 3088.706463 2816
785.993616 4.583166 3072.112022 2816
791.121723 4.711273 2988.576240 2816
796.086707 4.676257 3010.954914 2816
801.098112 4.687663 3003.629177 2816
805.907613 4.497163 3130.862394 2816
811.152473 4.742023 2969.196930 2816
816.098618 4.688169 3003.304903 2816
821.097693 4.687243 3003.897926 2816
826.095402 4.684952 3005.366838 2816
831.132814 4.722365 2981.557101 2816
836.117277 4.706828 2991.398934 2816
841.043135 4.632686 3039.273594 2816
845.972228 4.561778 3086.515583 2816
851.173737 4.763288 2955.941553 2816
856.173486 4.763036 2956.097447 2816
861.044609 4.634160 3038.306937 2816
865.945277 4.534828 3104.858755 2816
871.095963 4.685513 3005.007058 2816
876.142332 4.731882 2975.560038 2816
881.151880 4.741430 2969.568168 2816
886.105891 4.695442 2998.652972 2816
890.919525 4.509075 3122.591672 2816
