# WEMAClient mimuroto
2.137520 0.076579 8357.426000 5120
7.275498 5.087978 5031.468000 4864
15.516376 8.190878 2969.156000 2816
20.324765 4.758389 2958.984000 2816
25.097408 4.772643 2950.147000 2816
29.858574 4.761166 2957.258000 2816
34.685503 4.826929 2916.968000 2816
39.357938 4.672434 3013.418000 2816
43.863868 4.505930 3124.771000 3072
48.690851 4.826984 3182.111000 3072
53.613668 4.922816 3120.165000 3072
58.521063 4.907395 3129.970000 3072
63.779300 5.258237 2921.131000 2816
68.502197 4.722897 2981.220000 2816
73.032537 4.530340 3107.934000 3072
77.920390 4.887853 3142.484000 3072
82.829064 4.908674 3129.154000 3072
88.024513 5.195449 2956.433000 2816
92.656307 4.631794 3039.859000 2816
97.260213 4.603906 3058.272000 2816
101.885678 4.625465 3044.017000 2816
106.515357 4.629679 3041.247000 2816
111.078960 4.563603 3085.281000 3072
116.078030 4.999070 3072.571000 3072
121.075982 4.997952 3073.259000 3072
126.051582 4.975600 3087.064000 3072
130.929857 4.878275 3148.653000 3072
135.850039 4.920181 3121.836000 3072
140.883252 5.033213 3051.728000 2816
145.379429 4.496177 3131.549000 3072
150.226701 4.847272 3168.792000 3072
154.970335 4.743634 3238.023000 3072
159.738533 4.768198 3221.342000 3072
164.570790 4.832257 3178.638000 3072
169.387911 4.817121 3188.626000 3072
173.927660 4.539749 3383.446000 3328
178.644885 4.717226 3527.497000 3328
183.733675 5.088790 3269.932000 3072
188.374291 4.640615 3309.905000 3072
192.837815 4.463525 3441.226000 3328
198.033434 5.195619 3202.698000 3072
202.564098 4.530664 3390.231000 3328
207.691142 5.127044 3245.534000 3072
212.363160 4.672018 3287.658000 3072
217.013809 4.650650 3302.764000 3072
221.379195 4.365385 3518.589000 3328
226.664106 5.284911 3148.586000 3072
231.540848 4.876742 3149.643000 3072
236.275117 4.734268 3244.429000 3072
241.151857 4.876740 3149.644000 3072
245.682003 4.530146 3390.618000 3328
250.772052 5.090049 3269.123000 3072
255.475535 4.703483 3265.664000 3072
260.181083 4.614706 3328.489000 3328
265.661426 5.095049 3265.915000 3072
270.036593 4.375167 3510.722000 3328
275.236260 4.669883 3563.258000 3328
280.328902 4.762525 3493.944000 3328
285.139345 4.572968 3638.774000 3584
290.504211 4.937835 3629.120000 3584
295.681559 5.115182 3503.296000 3328
300.635526 4.953967 3358.924000 3328
305.625033 4.989506 3334.999000 3328
310.817247 5.192215 3204.798000 3072
315.490386 4.673138 3286.870000 3072
320.035870 4.469493 3436.631000 3328
325.070879 4.504502 3694.081000 3584
330.606102 5.039726 3555.748000 3328
335.276035 4.669933 3563.220000 3328
340.004588 4.438211 3749.258000 3584
345.812629 5.246252 3415.771000 3328
351.104890 5.292261 3144.213000 3072
356.120100 5.015210 3062.683000 2816
360.474652 4.354552 3233.397000 3072
365.411884 4.845508 3169.946000 3072
370.182437 4.616061 3327.512000 3072
375.333781 4.767405 3221.878000 3072
380.273365 4.706988 3263.233000 3072
385.079661 4.513284 3403.286000 3328
390.088270 4.521893 3679.874000 3584
395.611361 5.044984 3552.042000 3328
400.553235 4.941875 3367.143000 3328
405.705589 5.139212 3237.850000 3072
410.356217 4.650628 3302.779000 3072
414.973366 4.406990 3485.372000 3328
420.260692 4.694316 3544.712000 3328
425.384991 4.818615 3453.274000 3328
430.547189 4.980813 3340.820000 3328
435.582634 5.016258 3317.214000 3072
440.148363 4.565729 3364.194000 3328
445.261171 4.694794 3544.351000 3328
449.984866 4.418489 3765.993000 3584
455.150234 4.583857 3909.371000 3840
460.756457 5.190080 3699.364000 3584
466.129434 5.372977 3335.209000 3328
471.213257 5.083824 3273.126000 3072
475.998223 4.784965 3210.054000 3072
480.623313 4.625091 3321.015000 3072
485.397658 4.774345 3217.195000 3072
490.312320 4.745943 3236.448000 3072
495.339238 4.772862 3218.195000 3072
500.192972 4.626595 3319.935000 3072
504.674339 4.107962 3739.080000 3584
510.208456 4.642079 3860.338000 3840
516.012629 5.446253 3525.359000 3328
520.790062 4.777432 3483.042000 3328
525.844436 5.054375 3292.197000 3072
530.574884 4.730448 3247.050000 3072
535.336547 4.761663 3225.764000 3072
540.604971 5.038594 3048.469000 2816
544.947525 4.342554 3242.331000 3072
550.006599 4.440223 3459.285000 3328
555.158545 4.592169 3623.560000 3584
560.613735 5.047358 3550.371000 3328
565.624638 5.010904 3320.758000 3072
570.123762 4.499123 3413.998000 3328
574.794298 4.227921 3935.740000 3840
580.419162 4.852786 3956.490000 3840
586.705273 6.138896 3127.597000 3072
591.917303 5.212031 2947.028000 2816
596.684045 4.766742 2953.799000 2816
601.468298 4.784253 2942.988000 2816
606.207147 4.738849 2971.185000 2816
610.944349 4.737202 2972.218000 2816
615.733928 4.789579 2939.715000 2816
620.504289 4.770361 2951.558000 2816
625.219180 4.652803 3026.132000 2816
630.215154 4.648778 3028.753000 2816
635.268875 4.702498 2994.153000 2816
640.255842 4.689465 3002.474000 2816
645.239195 4.672818 3013.170000 2816
650.263577 4.697200 2997.530000 2816
655.338101 4.771725 2950.715000 2816
660.297618 4.731242 2975.963000 2816
665.333474 4.767097 2953.579000 2816
670.221875 4.655498 3024.380000 2816
675.293301 4.726925 2978.680000 2816
680.231084 4.664708 3018.409000 2816
685.314623 4.748247 2965.304000 2816
690.328925 4.762549 2956.400000 2816
695.302988 4.736612 2972.589000 2816
700.306685 4.740309 2970.270000 2816
705.284652 4.718275 2984.141000 2816
710.235602 4.669225 3015.489000 2816
715.008400 4.442024 3169.726000 3072
720.432780 4.866403 3156.335000 3072
725.720304 5.153927 2980.251000 2816
730.200615 4.480311 3142.638000 3072
735.525291 4.958915 3097.451000 3072
740.530858 4.964481 3093.978000 3072
745.556013 4.989636 3078.380000 3072
750.568153 5.001776 3070.908000 2816
755.209588 4.641435 3033.544000 2816
760.114879 4.548503 3095.524000 3072
765.511383 4.945006 3106.163000 3072
770.631417 5.065041 3032.551000 2816
775.289074 4.657656 3022.979000 2816
780.013778 4.447402 3165.893000 3072
785.498486 4.932110 3114.285000 3072
790.519869 4.953493 3100.842000 3072
795.686832 5.120456 2999.733000 2816
800.330413 4.643581 3032.142000 2816
805.088792 4.522416 3113.380000 3072
810.619745 5.053368 3039.556000 2816
815.221309 4.601565 3059.828000 2816
820.185481 4.619105 3048.209000 2816
825.102355 4.535979 3104.070000 3072
830.479787 4.913411 3126.137000 3072
835.497888 4.931512 3114.663000 3072
840.521481 4.955104 3099.833000 3072
845.436104 4.869727 3154.180000 3072
850.525727 4.959351 3097.179000 3072
855.652312 5.085935 3020.093000 2816
860.305222 4.652910 3026.063000 2816
865.005967 4.439591 3171.463000 3072
870.453146 4.886769 3143.180000 3072
875.560870 4.994494 3075.386000 3072
880.631072 5.064695 3032.758000 2816
885.302720 4.671648 3013.925000 2816
890.160462 4.594086 3064.809000 2816
