# WEMAClient mimuroto
1.139551 0.084288 7593.044000 5120
3.310138 2.120587 12072.128000 5120
10.504354 7.194217 3558.413000 3328
16.062503 5.558149 2993.802000 2816
20.886616 4.824113 2918.671000 2816
25.540297 4.653681 3025.561000 2816
31.416908 5.876610 2395.939000 2304
47.715059 16.248151 709.003000 640
53.117692 5.352633 597.836000 512
57.712497 4.544805 563.280000 512
59.633137 1.920639 1332.889000 1280
67.492849 7.859713 814.279000 768
74.440736 6.947887 552.686000 512
79.829937 5.339201 479.472000 384
82.303452 2.423515 792.237000 768
86.248521 3.945069 973.367000 896
93.184204 6.935684 645.934000 640
99.613661 6.429456 497.709000 384
104.546644 4.932984 389.216000 384
109.086279 4.539635 422.941000 384
113.361095 4.274816 449.142000 384
117.680125 4.319030 444.544000 384
122.479849 4.799724 400.023000 384
126.441069 3.961220 484.699000 384
130.818791 4.377723 438.584000 384
135.039635 4.220844 454.885000 384
138.885055 3.845420 499.295000 384
143.125204 4.240149 452.814000 384
146.802231 3.677026 522.161000 512
152.659378 5.857148 437.072000 384
156.584670 3.925292 489.135000 384
160.886148 4.301478 446.358000 384
164.820777 3.934630 487.974000 384
169.040465 4.160528 461.479000 384
173.895689 4.015752 478.117000 384
179.162598 4.282661 448.319000 384
184.042115 4.162178 461.297000 384
188.815960 3.936023 487.802000 384
194.379000 4.499063 426.755000 384
198.875382 3.995445 480.547000 384
204.349634 4.469697 429.559000 384
208.963300 4.083363 470.200000 384
214.007497 4.127560 465.165000 384
218.948716 4.068779 471.886000 384
224.691420 4.811483 399.045000 384
229.498419 4.618482 415.721000 384
234.609412 4.729475 405.964000 384
238.966837 4.086900 469.793000 384
244.068942 4.189005 458.342000 384
249.372574 4.492637 427.365000 384
254.533361 4.653424 412.599000 384
258.996885 4.116948 466.364000 384
264.917802 5.037865 381.113000 256
267.661658 2.743856 466.496000 384
274.609840 4.729903 405.928000 384
279.302252 4.422315 434.161000 384
284.070715 4.190777 458.148000 384
288.575143 3.695206 519.592000 512
295.304336 5.424399 471.941000 384
298.987831 3.683495 521.244000 512
305.534705 5.654768 452.715000 384
309.473454 3.938749 487.464000 384
314.063307 4.183369 458.960000 384
318.991121 4.111184 467.018000 384
324.604953 4.725015 406.347000 384
328.861700 3.981763 482.198000 384
333.223939 3.344002 574.162000 512
339.434867 4.554930 562.028000 512
344.712306 4.832369 529.760000 512
350.690906 5.810969 440.546000 384
354.547535 3.856629 497.844000 384
359.039939 4.160002 461.538000 384
363.941480 4.061543 472.726000 384
368.085015 3.205078 599.049000 512
375.541349 5.661412 452.184000 384
379.592919 4.051570 473.890000 384
383.656756 3.776819 508.364000 384
388.180038 3.300101 581.800000 512
394.847807 4.967870 515.311000 512
400.478015 5.598078 457.299000 384
404.899768 4.421753 434.216000 384
409.474674 4.574906 419.680000 384
413.169874 3.289936 583.597000 512
419.798665 4.918728 520.459000 512
424.657946 4.778008 535.788000 512
430.557429 5.677492 450.903000 384
435.109132 4.551704 421.820000 384
439.923640 4.814507 398.794000 384
443.768828 3.845188 499.325000 384
449.290582 4.410645 435.310000 384
453.205790 3.325853 577.295000 512
460.119276 5.239339 488.611000 384
464.084839 3.965562 484.168000 384
469.691089 4.811152 399.072000 384
474.125513 4.245576 452.235000 384
478.567714 3.687777 520.638000 512
484.847705 4.967767 515.322000 512
490.452183 5.572245 459.419000 384
494.760788 4.308605 445.619000 384
500.010180 5.130242 374.251000 256
502.300009 2.289829 558.993000 512
509.058845 4.178908 612.600000 512
513.590717 3.710779 689.882000 640
518.126721 3.246784 985.590000 896
529.056735 9.176798 488.187000 384
532.941859 3.885124 494.192000 384
535.725162 2.783302 689.828000 640
539.918972 4.193810 763.029000 640
543.494245 3.575273 895.036000 768
551.971144 7.091207 541.515000 512
557.399381 5.428237 471.607000 384
560.683416 3.284035 584.646000 512
564.168890 3.485474 734.476000 640
567.737996 2.858059 1119.641000 1024
572.145700 2.265763 2259.724000 2048
577.420739 2.540802 4030.223000 3840
585.824936 5.944999 3229.605000 3072
591.014452 5.189515 2959.813000 2816
595.717638 4.703186 2993.715000 2816
600.521883 4.804245 2930.741000 2816
605.341610 4.819727 2921.327000 2816
610.038469 4.696859 2997.748000 2816
614.783999 4.745530 2967.002000 2816
619.690136 4.810199 2927.113000 2816
624.500117 4.620180 3047.500000 2816
629.579305 4.699368 2996.147000 2816
634.577363 4.697426 2997.386000 2816
639.597832 4.717895 2984.381000 2816
644.608055 4.728118 2977.929000 2816
649.493439 4.613502 3051.911000 2816
654.662534 4.782597 2944.007000 2816
659.610416 4.730479 2976.442000 2816
664.637970 4.758033 2959.205000 2816
669.552013 4.672076 3013.649000 2816
674.611592 4.731655 2975.702000 2816
679.491548 4.611611 3053.162000 2816
684.598302 4.718365 2984.084000 2816
689.543699 4.663762 3019.022000 2816
694.662570 4.782633 2943.985000 2816
699.559265 4.679327 3008.979000 2816
704.578489 4.698551 2996.668000 2816
709.629591 4.749654 2964.426000 2816
714.385090 4.505152 3125.310000 3072
719.865159 4.985222 3081.106000 3072
724.926511 5.046574 3043.649000 2816
729.506968 4.580457 3073.928000 3072
734.880138 5.000201 3071.876000 2816
739.429101 4.548963 3095.210000 3072
744.922521 5.042584 3046.057000 2816
749.482526 4.560005 3087.716000 3072
754.958288 5.078350 3024.604000 2816
759.474227 4.515939 3117.845000 3072
764.734470 4.854533 3164.052000 3072
769.874148 4.994211 3075.560000 3072
774.890848 5.010911 3065.310000 2816
779.385938 4.495089 3132.307000 3072
784.698612 4.818675 3187.598000 3072
789.855584 4.975647 3087.035000 3072
794.872762 4.992825 3076.414000 3072
799.994752 5.114815 3003.040000 2816
804.562700 4.567947 3082.347000 3072
809.779837 4.899900 3134.757000 3072
814.878988 4.999051 3072.583000 3072
819.856747 4.976810 3086.314000 3072
824.757357 4.877420 3149.206000 3072
829.890330 5.010393 3065.627000 2816
834.480553 4.590223 3067.389000 2816
839.489241 4.609304 3054.691000 2816
844.345559 4.465622 3152.976000 3072
849.763301 4.883363 3145.373000 3072
854.952427 5.072490 3028.098000 2816
859.565474 4.613047 3052.212000 2816
864.400270 4.520333 3114.814000 3072
869.810420 4.930483 3115.313000 3072
874.877978 4.998041 3073.204000 3072
879.988858 5.108921 3006.505000 2816
884.671965 4.683107 3006.551000 2816
889.350105 4.470168 3149.769000 3072
892.505651 2.625713 5849.838000 5120
896.348296 1.468359 17434.434000 5120
