# AndroidClient mimuroto
3.167236 0.108130 5918.813474 5120
10.297943 7.080706 3615.458563 3584
16.318564 5.970621 3001.362751 3328
21.931421 5.562858 2991.268387 3072
27.094110 5.112688 3004.290371 3072
32.485953 5.341843 2875.412043 3072
37.670585 5.134632 2991.450925 3072
42.741837 5.021253 3058.997656 3072
47.645302 4.853464 3164.749896 3072
52.530057 4.884755 3144.476731 3072
57.405056 4.874999 3150.769616 3072
62.644436 5.239379 2931.644899 3072
67.809478 5.165043 2973.838041 3072
72.895412 5.035934 3050.079897 3072
77.760294 4.814882 3190.109123 3072
82.556938 4.796644 3202.239164 3072
87.777241 5.220303 2942.357893 3072
92.988934 5.211693 2947.219088 3072
98.008163 4.969230 3091.022379 3072
102.950021 4.941857 3108.143134 3072
107.874533 4.924513 3119.090424 3072
112.918316 5.043783 3045.333337 3072
117.840015 4.921699 3120.873468 3072
122.764265 4.924249 3119.257128 3072
127.787585 5.023320 3057.738645 3072
132.809944 5.022360 3058.323366 3072
137.768095 4.958151 3097.929055 3072
142.817748 5.049653 3041.793221 3072
147.843205 5.025457 3056.438639 3072
152.672805 4.829600 3180.387711 3072
157.381114 4.708309 3262.317783 3072
162.212902 4.831789 3178.946938 3072
166.939567 4.726664 3249.648970 3072
171.524337 4.584771 3350.222112 3072
176.191387 4.667050 3291.158557 3072
180.668729 4.477342 3430.606737 3072
185.297451 4.628722 3318.410311 3072
189.975006 4.677554 3283.767266 3072
194.668781 4.693775 3272.418980 3072
199.390244 4.721463 3253.229008 3072
203.918932 4.528687 3391.711216 3072
208.629903 4.710971 3260.474223 3072
213.196675 4.566772 3363.426123 3072
217.804701 4.608026 3333.314499 3072
222.222053 4.417353 3477.195897 3072
226.920948 4.698894 3268.854092 3072
231.677584 4.756636 3229.172864 3072
236.421485 4.743901 3237.841477 3072
241.193186 4.771701 3218.978112 3072
245.773447 4.580261 3353.520467 3072
250.410632 4.637185 3312.354171 3072
255.030531 4.619899 3324.748182 3072
259.725902 4.695371 3271.307225 3072
264.210698 4.484797 3424.904311 3072
268.772070 4.561372 3367.407879 3072
272.835963 4.063893 3779.627296 3072
277.386263 4.347329 3533.203616 3072
282.334054 4.295120 3576.151206 3072
287.309490 4.270556 3596.721130 3072
292.320224 4.281291 3587.703172 3072
297.779003 4.740069 3240.459141 3072
302.572424 4.533490 3388.117908 3072
307.967605 4.928671 3116.458720 3072
312.889430 4.850497 3166.686124 3072
317.444344 4.405410 3486.622139 3072
322.192844 4.153910 3697.720862 3072
327.223900 4.184966 3670.280757 3072
332.584640 4.545706 3379.013137 3072
337.000539 3.961605 3877.216310 3072
342.466838 4.427905 3468.909450 3072
347.936501 4.897567 3136.250944 3072
352.991060 4.952127 3101.697712 3072
358.090262 5.051329 3040.784128 3072
362.664676 4.574414 3357.807400 3072
367.952495 4.913561 3126.042406 3072
372.621899 4.582965 3351.542180 3072
377.668380 4.629447 3317.891088 3072
382.776307 4.737373 3242.303119 3072
387.168188 4.129255 3719.799607 3072
391.959860 3.920926 3917.441685 3072
397.632303 4.593369 3343.950608 3072
402.814871 4.775937 3216.122909 3072
407.825308 4.786375 3209.109450 3072
412.729658 4.690724 3274.547462 3072
417.092220 4.053286 3789.517886 3072
422.589068 4.550134 3375.724781 3072
427.548730 4.509797 3405.918443 3072
432.743672 4.704738 3264.793978 3072
437.589385 4.550451 3375.489655 3072
442.650658 4.611724 3330.641704 3072
447.193510 4.154577 3697.127668 3072
452.095307 4.056374 3786.633324 3072
457.091794 4.052860 3789.915855 3072
462.768781 4.729847 3247.462340 3072
467.654591 4.615658 3327.803191 3072
472.824128 4.785195 3209.900722 3072
477.780600 4.741666 3239.367735 3072
482.679007 4.640073 3310.292467 3072
487.837468 4.798534 3200.977721 3072
492.814536 4.775602 3216.348497 3072
497.825825 4.786891 3208.763272 3072
502.499593 4.460659 3443.437538 3072
506.819058 3.780124 4063.358749 3072
512.381625 4.342691 3536.977497 3072
517.621178 4.582244 3352.069130 3072
522.504545 4.465611 3439.618584 3072
527.828759 4.789825 3206.797626 3072
532.914711 4.875777 3150.267098 3072
538.108523 5.069589 3029.831435 3072
543.010431 4.901908 3133.473697 3072
547.360462 4.321529 3554.297811 3072
552.373009 4.334075 3544.008722 3072
557.174542 4.135608 3714.084935 3072
562.913540 4.874606 3151.023582 3072
567.837639 4.798705 3200.863628 3072
572.139307 4.100373 3746.000714 3072
576.848349 3.809415 4032.115142 3328
582.873847 4.834913 3441.633936 3328
588.668788 5.629854 2955.671587 3328
594.352245 5.683457 2927.795543 3328
600.017743 5.665498 2937.076085 3328
605.635816 5.618073 2961.869717 3328
611.274292 5.638476 2951.151940 3328
616.888059 5.613766 2964.141902 3072
621.994043 5.105984 3008.234916 3072
627.150273 5.156230 2978.920807 3072
632.200996 5.050723 3041.148548 3072
637.314022 5.113026 3004.091913 3072
642.320846 5.006823 3067.813356 3072
647.375073 5.054227 3039.040325 3072
652.463203 5.088131 3018.790339 3072
657.513726 5.050523 3041.269445 3072
662.577832 5.064106 3033.111958 3072
667.614626 5.036795 3049.558548 3072
672.662405 5.047779 3042.922667 3072
677.732479 5.070074 3029.541668 3072
682.799020 5.066541 3031.654127 3072
687.914028 5.115008 3002.927782 3072
692.985452 5.071424 3028.735022 3072
698.019068 5.033616 3051.484220 3072
703.008202 4.989133 3078.691077 3072
707.982216 4.974015 3088.048783 3072
712.950043 4.967827 3091.895239 3072
717.652852 4.702809 3266.133376 3072
722.700869 5.048018 3042.778528 3072
727.777731 5.076861 3025.491262 3072
732.582729 4.804998 3196.671268 3072
737.727128 5.144399 2985.771503 3072
742.605083 4.877955 3148.860631 3072
747.735666 5.130583 2993.811772 3072
752.643577 4.907911 3129.641287 3072
757.588197 4.944620 3106.406269 3072
762.477328 4.889131 3141.662780 3072
767.474529 4.997201 3073.720893 3072
772.500653 5.026124 3056.032647 3072
777.580539 5.079886 3023.689828 3072
782.407237 4.826698 3182.299819 3072
787.369098 4.961861 3095.612796 3072
792.439123 5.070026 3029.570453 3072
797.584447 5.145324 2985.235021 3072
802.686565 5.102118 3010.514608 3072
807.499043 4.812478 3191.702847 3072
812.481777 4.982734 3082.644754 3072
817.523288 5.041511 3046.705737 3072
822.554609 5.031321 3052.876337 3072
827.445319 4.890710 3140.648288 3072
832.499956 5.054637 3038.793846 3072
837.366213 4.866257 3156.429836 3072
842.385739 5.019525 3060.050300 3072
847.364376 4.978637 3085.181651 3072
852.428915 5.064539 3032.852600 3072
857.513476 5.084562 3020.909270 3072
862.362797 4.849321 3167.453790 3072
867.194036 4.831239 3179.308716 3072
872.223910 5.029873 3053.754757 3072
877.292967 5.069058 3030.149018 3072
882.370641 5.077674 3025.007102 3072
887.357809 4.987167 3079.904591 3072
891.647853 4.290044 3580.382541 3072
893.019927 1.372074 11194.731551 3072
