4.051913 19213.666711 0.000000
5.052678 18748.526158 19213.666711
6.055538 19617.425401 18283.385604
7.058115 18648.750359 18818.774898
8.060123 19021.974462 18559.625890
9.061377 18801.919666 18732.250580
10.063827 19168.871932 18725.952799
11.065280 19049.870129 19017.009824
12.068912 19046.922026 19111.252512
13.071686 19590.896402 19140.817182
14.071834 19768.348616 19540.106511
15.072539 19351.052686 19885.537808
16.072808 19110.415805 19715.984211
17.076280 20089.355700 19359.496871
18.079085 19622.375825 19853.187855
19.080920 18578.822420 19808.840402
20.082663 19637.255600 18957.385478
21.084709 18874.777920 19230.842136
22.085848 19787.263010 18897.315571
23.087651 19128.414894 19409.281693
24.087801 18957.645861 19265.623997
25.089297 19333.511199 19031.416098
26.089636 19850.384826 19177.768593
27.093920 19400.662228 19677.535712
28.095607 19001.121710 19633.339602
29.097844 19289.815621 19253.416815
30.100390 19275.230037 19216.902078
31.103594 19408.648527 19205.933908
32.105018 19607.929279 19317.837722
33.106864 19578.924397 19545.952894
34.108946 18683.004667 19653.750915
35.118960 19839.843305 19017.003499
36.126886 19349.992463 19482.759061
37.127007 18801.945018 19437.519771
38.127977 19252.712262 18981.982716
39.129856 19241.318536 19047.280196
40.131903 19088.651209 19122.741659
41.134421 19094.249898 19075.616114
42.137582 19071.654954 19059.511132
43.140532 19370.116008 19043.197125
44.143956 18355.328682 19266.000369
45.147136 18982.727393 18642.340406
46.147618 18816.275660 18729.306527
47.149610 19430.642761 18711.306004
48.151724 18935.051201 19189.323482
49.152944 19991.699708 19116.968371
50.156060 18930.769733 19827.797903
51.177386 19885.456614 19428.490640
52.177681 18485.600405 19820.421941
53.180739 19825.706923 18982.754104
54.182659 19386.118393 19444.711649
55.183901 19133.649692 19441.247843
56.185488 19315.337114 19236.382051
57.197122 19242.375160 19244.531632
58.199162 17813.061774 19211.586328
59.200544 18475.458467 18130.825844
60.203635 19353.475612 18007.802105
61.208119 19867.101954 18721.717184
62.208781 19389.979727 19621.834087
63.211182 18434.250790 19775.367836
64.211232 19492.458902 19038.990980
65.214251 19020.787904 19313.273588
66.215243 18233.413599 19141.457972
67.217946 18835.975555 18434.851919
68.217985 19156.099034 18483.110779
69.218263 18570.221401 18835.549013
70.220022 18971.468280 18652.497410
71.221463 19241.163838 18841.337765
72.224413 19344.981598 19170.562240
73.227424 19431.643546 19430.688197
74.227995 19501.129378 19604.320987
75.230175 20068.546070 19700.082396
76.231373 19074.918537 20123.787364
77.232820 19089.253430 19576.608875
78.235439 20203.342136 19188.348216
79.237143 19410.806086 19805.010719
80.238486 19528.082677 19618.522788
81.239053 18949.223800 19561.307090
82.239929 18917.166668 19090.248980
83.240686 19067.609284 18795.420781
84.240803 18510.956834 18791.275115
85.242127 19232.925471 18440.796487
86.245161 19150.195979 18824.573737
87.251507 19282.164198 19056.503177
88.253450 19454.692952 19294.867262
89.256461 19609.928854 19540.270104
90.258779 18564.159280 19758.004163
91.258781 18427.715121 19045.525185
92.259615 18665.950201 18466.611101
93.262334 18769.327115 18346.106373
94.264360 19388.449454 18443.347652
95.267865 19219.630052 19037.804911
96.269899 19497.830560 19296.080125
97.270062 19571.624508 19614.755594
98.270123 18866.119528 19800.207532
99.271671 19556.533434 19306.659010
100.286479 18863.548603 19467.560308
101.286828 19760.110571 19050.515615
102.288754 19303.386011 19467.672991
103.290530 19732.183870 19406.817655
104.314477 19868.844477 19672.130470
105.318119 19201.305837 19922.295682
106.320775 19205.862891 19533.361507
107.321508 18811.163012 19259.298292
108.323686 19217.008788 18812.882926
109.326521 18467.973727 18893.629596
110.328935 18732.187900 18453.071433
111.331406 18741.344600 18434.678555
112.333134 19092.187253 18506.726977
113.336038 19623.558346 18864.537584
114.338308 19715.525861 19498.883624
115.338669 19121.168146 19916.200961
116.340938 19429.856278 19628.922568
117.343678 19579.610218 19589.860865
118.346656 18823.207007 19642.644322
119.348297 19497.008100 19085.975116
120.349637 19326.107635 19247.299306
121.351104 18954.571536 19262.213250
122.351610 19222.521828 19006.991744
123.353799 18824.336461 19067.238658
124.355154 18688.592450 18837.543883
125.356717 17920.681718 18617.586631
126.357679 19394.734989 17949.426411
127.359367 19173.822845 18713.700081
128.360570 18985.512395 19100.411535
129.362223 19247.174854 19170.887252
130.362618 19104.147220 19356.028241
131.364781 18710.086112 19314.114663
132.368187 19048.472013 18945.120182
133.370518 19316.071523 18955.653850
134.372175 19784.786301 19184.824857
135.373985 19196.767550 19683.758111
136.375806 18926.570106 19517.467722
137.392317 18695.265446 19151.499402
138.395110 18652.854239 18738.804423
139.395715 18906.738624 18489.763784
140.411206 18836.973840 18596.429367
141.412218 18890.640456 18675.015885
142.414136 19146.929499 18795.048594
143.415236 19075.548240 19071.179697
144.418676 18500.547033 19174.646755
145.421132 18955.564332 18770.354750
146.421200 18956.443283 18842.019792
147.421901 19277.568753 18906.897662
148.422269 18582.054543 19192.567104
149.422597 18590.213114 18835.016580
150.423548 19712.432861 18599.119737
151.425762 18754.345737 19320.609470
152.427632 18142.726232 19060.744841
153.431034 19322.465981 18395.498122
154.433450 19499.967235 18884.486602
155.434237 19809.440141 19371.601627
156.435239 19491.958910 19879.355221
157.436855 19429.232266 19877.642325
158.441005 19399.871067 19733.320040
159.442031 18872.574677 19563.116055
160.442141 18960.861136 19041.730523
161.442933 19440.537475 18804.963640
162.446801 20237.403736 19085.311826
163.449371 18687.656944 19911.942028
164.451280 19634.907810 19244.312461
165.454284 19400.995525 19481.771949
166.455728 19891.759070 19463.351444
167.470634 19563.682310 19806.624870
168.482395 18585.764664 19753.487564
169.484300 19190.060677 18946.029362
170.486076 18560.333582 18905.456097
171.486262 18602.309825 18484.025288
172.486304 18334.576356 18323.869140
173.488899 18914.228297 18112.601135
174.490231 19234.017479 18497.199893
175.491909 19602.930129 19033.598260
176.494929 19282.394743 19628.586735
177.497947 19493.468972 19679.265282
178.501094 19537.514707 19763.692593
179.504653 19283.522009 19771.384644
180.505664 19882.614136 19526.268661
181.506903 18837.884783 19792.343102
182.509948 18942.766951 19164.401067
183.510429 18689.753877 18847.462604
184.513783 19227.583313 18523.059654
185.529153 18837.612572 18805.903812
186.529313 18597.011844 18760.267710
187.529997 18450.963839 18576.335328
188.531073 19348.020410 18380.002263
189.533621 19582.147508 18972.368552
190.534367 18627.189116 19538.059985
191.534721 18532.299212 19115.708788
192.537857 18635.106984 18711.235844
193.538241 19590.762101 18541.371042
194.540280 19109.386375 19196.613965
195.540936 19239.817611 19261.740666
196.543595 18987.161261 19354.038871
197.545319 18990.550873 19182.140396
198.546720 19276.404431 19049.988584
199.547242 19780.516279 19183.443419
200.548719 18897.456724 19651.494975
201.549023 20061.653056 19255.481413
202.550449 19172.231552 19841.115708
203.553441 19311.544546 19522.001065
204.554568 18917.213459 19379.486111
205.555466 19109.844287 18995.494927
206.556403 18571.951877 18928.402089
207.558345 19636.895656 18536.796912
208.558455 18634.711421 19148.490899
209.558910 19011.688751 18824.800905
210.561497 18923.945532 18898.166535
211.561637 19783.868765 18897.422489
212.561797 19376.233627 19548.623652
213.564720 19026.611273 19627.309158
214.566266 18876.522890 19341.666263
215.568012 18946.591546 19007.514781
216.585290 19550.870170 18860.242559
217.587300 19282.934900 19261.402663
218.589361 19270.245509 19333.398139
219.590857 18669.654426 19347.263024
220.592147 19269.277557 18884.497775
221.592949 19333.758980 19049.121662
222.594359 19520.438049 19234.833647
223.595387 19323.268540 19492.430274
224.596063 19212.461180 19480.353399
225.597557 19460.787701 19351.938227
226.597982 19851.772726 19439.106270
227.598883 19422.176861 19781.349418
228.603250 19186.283650 19647.879920
229.604906 19585.636376 19347.799498
230.608285 18708.615544 19456.894869
231.611834 19153.339708 18885.862308
232.612470 19001.378732 18889.577459
233.613252 19386.428334 18843.404865
234.613678 18918.810765 19148.599236
235.614241 19349.435227 19009.940519
236.617250 19154.548026 19240.797069
237.618880 18891.545472 19237.219483
238.620334 19319.809388 19017.510910
239.620593 19415.102699 19197.363201
240.623561 19867.121931 19389.370877
241.624976 19025.406642 19830.822094
242.626479 18943.265775 19429.336195
243.629853 19829.276563 19066.005207
244.631674 18671.105809 19518.162946
245.634133 18790.434127 18953.392154
246.635224 19067.339352 18689.931410
247.638586 19899.335026 18791.005636
248.639526 19803.087595 19534.622934
249.641731 19031.121253 19925.424033
250.644410 19309.648834 19511.265716
251.646004 19514.154547 19393.046127
252.646829 19051.855606 19466.466295
253.647709 19471.906998 19168.374236
254.650630 19853.409444 19305.237093
255.652214 18793.606142 19701.462832
256.654319 18551.746500 19142.709878
257.655105 19388.813716 18594.662735
258.657702 19082.453108 18937.710517
259.660507 19300.446344 18992.239752
260.662418 18776.919681 19205.552635
261.664373 18389.476826 18943.287507
262.665592 18600.143814 18479.980845
263.665694 19421.091518 18383.701750
264.668353 19213.059653 19005.383496
265.669054 18710.188512 19264.127476
266.670512 18904.068369 19003.579155
267.671128 19547.830539 18945.367226
268.671228 18333.707017 19388.758175
269.672602 18543.138839 18739.629098
270.674035 18984.466937 18470.657907
271.674511 19134.998379 18685.288618
272.675542 19069.888566 18980.297134
273.677016 19413.393749 19117.644344
274.677841 19537.177471 19432.007892
275.681913 19580.020681 19677.373921
276.683186 18844.465963 19797.140231
278.043739 19282.787093 19251.077460
279.046413 19198.643939 19205.134047
280.046556 19026.484150 19138.468237
281.046594 19444.282903 18991.059416
282.047207 19728.440406 19239.560253
283.047377 19899.987100 19628.109462
284.049236 19688.607056 19976.126822
285.053031 19451.523657 19972.565539
286.053948 19017.643862 19721.982728
287.055395 18657.632705 19203.666708
288.057456 18010.544599 18627.994619
289.058984 19172.144738 17862.252016
290.059983 19421.702511 18387.653965
291.062063 19105.279458 19033.645962
292.063256 19243.704300 19216.338809
293.063663 20021.710745 19383.739025
294.066867 19107.832698 20015.935286
295.068030 18229.825529 19648.068746
296.069679 18608.516677 18670.571087
297.073974 20099.187327 18355.654229
298.076910 19266.593632 19379.414400
299.079639 19371.666623 19446.792445
300.082815 18996.150563 19514.236508
301.085246 18947.261006 19230.679023
302.087384 18547.768762 18993.600998
303.087680 19179.054649 18563.857805
304.087804 18805.738908 18818.428363
305.089894 18911.722220 18755.883407
306.093551 18593.972795 18816.562288
307.096711 18844.920597 18632.379643
308.097529 19506.328752 18718.897460
309.100960 19458.851890 19289.718269
310.102030 18989.688422 19593.673648
311.103802 18557.901204 19360.073297
312.104906 18920.656401 18826.836489
313.105262 19354.715623 18765.050662
314.106276 19602.407629 19098.603599
315.108897 19459.752398 19515.177079
316.110419 19059.542000 19638.280033
317.114569 19729.256339 19355.041803
318.117558 18604.073724 19641.833491
319.120031 19560.358673 18963.198086
320.120808 18722.134691 19251.313004
321.120955 19494.119104 18843.963895
322.123782 19185.490964 19188.820349
323.126308 18222.340910 19206.102159
324.127886 19097.583429 18487.227725
325.128165 19552.745494 18718.000694
326.128852 19273.138761 19269.654410
327.132260 18280.448996 19406.548990
328.133017 18132.762878 18697.126399
329.134412 18936.394404 18127.481164
330.137961 19414.456095 18446.702620
331.139273 19726.356966 19087.282562
332.140634 19227.563093 19723.291570
333.142491 19396.762796 19667.967018
334.143426 19363.095017 19657.103538
335.148935 19227.032295 19561.335778
336.149272 18827.168542 19361.844667
338.044359 18654.298248 18928.498203
339.047303 18336.309559 18556.839836
340.049762 19828.532085 18156.883739
341.051646 19156.771344 19120.929039
342.064286 19435.648221 19276.031895
343.069067 19417.716512 19532.925844
344.071123 18137.783280 19623.604630
345.071698 19611.377231 18657.522070
346.072481 19173.841509 19149.741555
347.073202 19405.749517 19183.108426
348.075551 19068.570668 19371.406138
349.078282 18905.308109 19221.256702
350.081624 18995.476710 18985.563556
351.083231 19396.987157 18915.279572
352.083713 18736.785196 19201.319700
353.083970 18344.855362 18898.105157
354.086089 18420.777210 18412.220520
355.087735 19234.580616 18209.378298
356.088508 18441.899060 18771.159470
357.090679 19070.385583 18573.394175
358.094829 19836.413443 18913.002641
359.095564 18908.238933 19696.673504
360.097146 19620.964294 19427.313038
361.097335 19968.359626 19697.408300
362.124625 19065.149791 20073.891428
363.129194 18692.690499 19558.342665
364.132672 19127.661422 18897.925596
365.135418 20490.373770 18842.636480
366.139569 19092.872098 19908.282418
367.142553 17392.655575 19538.501971
368.143417 18242.887211 17967.041887
369.144485 18812.267714 17675.388994
370.147398 19148.194810 18098.472479
371.149854 18895.196708 18740.408352
372.152113 18921.031247 18973.574326
373.154553 19524.401071 19089.938813
374.158349 19710.249643 19558.421533
375.177557 18706.798306 19923.544207
376.178184 19700.787214 19300.193400
377.181022 19798.325310 19585.660903
378.181482 19106.576518 19830.329805
379.184296 18898.863583 19425.851538
380.185532 19772.994682 18988.008948
381.186644 18899.252197 19402.399637
382.189331 18384.589500 19046.936878
383.190958 20561.031561 18446.287306
384.193167 20174.117326 19762.869614
385.194305 18410.946059 20330.515579
386.195001 19433.687208 19252.860547
388.044821 19904.908688 19270.610271
389.045793 19329.229696 19673.670477
390.048712 19473.220014 19501.250889
391.075927 19275.337683 19480.028535
393.044758 19692.242833 19319.303480
394.045491 19094.654681 19540.628366
395.047899 18995.568283 19241.003311
396.048506 19799.961329 18980.288828
397.048669 18931.254312 19457.046235
398.051442 19332.044416 19129.623449
399.053995 19338.186121 19216.912349
400.054315 18831.370544 19293.946095
401.057278 18778.489513 18963.411292
402.057284 19817.924968 18725.472930
403.058786 19449.270682 19399.334486
404.061472 19047.989172 19564.422170
405.062049 18886.742297 19317.217008
406.064241 19445.208237 19005.372311
407.066646 18597.900374 19238.641915
408.067159 18538.789459 18771.437400
409.070988 18261.951410 18450.117699
410.073189 18651.416317 18103.997253
411.077386 18900.497759 18262.524249
412.080480 19082.585450 18625.821845
413.103494 19723.840767 19012.705390
414.103708 19694.158231 19704.558666
415.116580 19690.372244 20033.043926
416.116924 18853.163868 20109.725643
418.044591 18737.150620 19415.321869
419.044989 17899.837818 18840.570546
420.047592 19181.829391 17899.355302
421.050343 19105.085630 18390.361988
422.052153 19248.879870 18776.174361
423.058837 19386.552443 19159.154045
424.060212 18935.296948 19476.329773
425.064397 19487.830965 19274.031683
426.064658 19214.412522 19502.599467
427.067663 19271.951696 19408.127401
428.067984 19065.156849 19355.617029
429.070863 19048.617338 19153.349374
430.071342 19069.814369 19017.762782
431.072181 19594.746786 18973.580898
432.073709 19053.621647 19369.247637
433.075283 19248.419933 19217.611939
434.077246 19725.946467 19246.895232
435.079648 18950.480749 19620.062954
436.080071 19892.105375 19251.518405
437.083366 18497.104336 19698.205186
438.085120 18421.008044 18923.772844
439.087760 19536.539091 18372.817328
440.111021 19147.098774 18946.035534
441.112947 18849.133112 19088.190288
442.113477 18253.090394 18950.520540
443.113653 18932.536731 18409.306771
444.116621 20019.843918 18609.230545
445.117691 19278.810086 19605.499369
446.118072 18650.864621 19651.444544
447.121688 18531.398321 19110.299419
448.122050 18907.441492 18635.268431
449.123978 19283.280716 18653.817788
450.125668 19225.916439 19008.377810
451.127444 18186.775001 19211.360340
453.045129 18682.959076 18537.134551
454.045735 18938.313036 18484.569826
455.047875 19202.633339 18699.400245
456.050224 18623.978869 19064.783880
457.051769 19218.129058 18847.947210
458.071731 21172.301920 19129.149431
459.072037 18738.736698 20757.625095
460.074451 19659.238923 19850.358216
461.076164 19080.918503 19809.196066
462.079083 18961.378244 19317.385390
463.079947 19205.666954 18922.708137
464.083606 18609.955056 18918.253569
465.087627 19586.630954 18541.095708
466.090545 18624.216092 19102.238538
467.093053 19658.668057 18782.096911
468.093787 20037.308083 19358.394866
469.093884 19333.898211 20005.592161
470.095102 18255.703319 19809.562385
471.096374 19205.793673 18783.985285
472.099126 18801.735746 18851.694009
473.102403 18614.861836 18671.029841
474.103940 19438.721202 18473.218801
475.104270 19965.693513 19027.618565
476.106984 18197.370611 19802.823339
477.108568 19418.177675 18904.901093
478.109241 18520.916845 19194.662648
479.112185 19571.716868 18722.476559
480.114075 19368.977750 19224.093604
481.116234 19187.978172 19409.753604
482.119673 19606.237814 19356.639956
483.123528 19399.646862 19601.612418
484.123924 19023.479586 19570.311784
485.125971 19256.445791 19229.869780
486.127151 19129.409761 19182.775883
487.129075 19325.568932 19082.369388
488.130338 19322.124289 19191.045613
489.131858 19164.093224 19276.431073
490.134812 18906.335532 19212.023808
491.136167 19604.731601 18974.519260
492.151438 18283.512160 19362.518106
493.151602 19361.761086 18626.156322
494.153280 18889.296045 18981.001084
495.155665 18759.565697 18899.264685
496.157775 18699.412219 18758.606564
497.160480 18963.915375 18643.402178
498.161169 18860.000537 18798.179863
499.163472 19831.224221 18839.066454
500.165545 18584.272615 19593.161034
501.166886 19098.706662 19094.510416
502.166963 19142.658039 19103.451192
503.167482 18122.599237 19139.698981
504.169156 18593.627045 18393.518538
505.171366 18696.245647 18305.969347
506.172692 19252.336101 18411.073128
508.044395 19473.201814 18951.985989
509.048061 19351.529851 19463.179232
510.048138 18711.810685 19630.027526
511.049077 18888.596107 19164.037880
512.052176 18711.258853 18950.575325
513.068680 20730.278197 18695.346303
514.069698 19129.120333 20085.974437
515.074482 19724.474859 19741.496046
516.076505 19455.195100 19862.678817
517.078746 19568.791484 19686.759394
518.083554 18163.723876 19626.105897
519.085276 19120.471524 18527.649839
520.086130 20236.291654 18605.001055
521.088503 18697.730424 19609.409378
522.091124 19070.350670 19114.413186
523.093271 19120.309389 19042.209584
524.094718 18325.709545 19050.612093
525.095892 19127.549507 18476.287789
526.098345 19967.186694 18752.861047
527.099954 19189.072906 19614.547682
528.103078 19215.356686 19549.965411
529.103750 18565.435815 19447.163984
530.107944 19307.232930 18850.370793
531.108009 18506.020027 19037.088289
532.111318 18360.980886 18597.073520
533.114264 19333.446203 18245.523406
534.114318 18381.213361 18827.961707
535.116325 18246.899556 18531.377350
536.117944 19212.565513 18244.808820
537.120264 19594.715890 18826.296707
538.122874 19118.644737 19500.220635
539.123349 20315.238492 19503.753048
540.126586 19409.288493 20306.687493
541.129448 19513.680764 20030.829966
542.130034 19272.165637 19815.810038
543.130505 19735.049516 19451.631410
544.132522 19120.557514 19571.838562
545.134152 18987.291361 19211.875875
546.136507 19098.183852 18909.115326
547.138461 19177.016395 18860.448429
548.140656 18372.881075 18954.673243
549.142638 18834.909892 18454.269948
550.146026 19148.917856 18530.242695
551.147427 18499.725199 18879.901841
552.150415 19413.064175 18635.090925
553.153427 20898.171882 19163.848267
554.156195 18385.949864 20604.361696
555.156483 20119.646947 19513.904443
556.157210 18346.019556 19986.959984
557.160427 19073.753856 18926.438952
558.163064 17977.837974 18796.874312
559.164081 19622.642109 17979.374966
560.166216 19038.708493 18803.844147
561.168623 18663.512739 18982.828015
562.170375 19268.701514 18804.893254
563.172282 19132.913280 19134.472325
564.173130 18808.034296 19230.977983
565.173322 19341.179300 19011.055398
566.175294 19599.196619 19250.197583
567.177284 19118.673736 19586.027094
568.179458 18679.996461 19396.842068
569.181459 19260.868001 18903.699517
570.183428 18819.524955 19036.856132
571.183668 20067.333154 18828.430122
573.044392 19343.503526 19657.846975
574.045120 18844.265709 19632.054725
575.046545 19321.812404 19172.592437
576.046856 19180.286615 19218.939632
578.044237 18570.746803 19161.687081
579.046884 18704.258660 18680.555830
580.047584 19289.046531 18512.671840
581.048383 19059.889017 18915.217453
582.051870 18300.873681 19038.079394
583.052527 19333.119712 18535.701268
584.054358 19685.965585 18999.989832
585.055995 18918.162641 19580.050988
586.058652 19153.334013 19320.708008
587.061315 18887.162116 19266.778705
588.062307 18775.487005 19011.823957
589.064860 19570.739188 18769.424790
590.065259 18310.514871 19246.179897
591.068131 18925.575562 18620.529036
592.068803 18634.666339 18691.495582
593.070880 19809.764608 18567.316933
594.073469 18821.802783 19403.388662
595.073855 19734.434385 19182.047144
596.076518 18956.828465 19665.788996
597.078745 19342.246458 19341.616829
598.079842 18166.628391 19372.397150
599.081340 19350.092495 18498.536087
600.083531 18586.981849 18866.226709
601.083849 18929.622834 18598.705483
602.087560 20370.906853 18718.994699
603.092316 18940.159916 19912.759356
604.096326 19367.604065 19551.118356
605.098392 18844.281621 19538.141357
606.101695 19387.671010 19096.526702
607.103001 19645.712911 19220.200146
608.103074 19030.095755 19517.436010
609.107480 18469.017409 19236.410300
610.111065 19363.530753 18623.510049
611.114197 18402.207905 18949.321772
612.117363 19331.590007 18494.787743
613.118720 19331.021642 18941.412345
614.120541 18924.464257 19261.842788
615.121336 18998.226849 19134.434684
616.124866 20207.842706 19073.559969
617.126692 19723.440508 19931.501225
618.127703 19015.309242 20066.255574
619.130886 18590.323468 19516.830533
620.132836 19717.854454 18797.998359
621.134065 19094.533437 19232.311788
622.135044 18302.255292 19103.363407
623.138319 18697.193022 18442.473115
624.138686 18678.703516 18373.176811
625.138735 19295.595411 18405.665582
626.140851 19113.528375 18952.838372
627.143245 19487.833033 19175.563750
628.144248 18929.218415 19552.146089
629.145178 19852.765345 19305.398031
630.147496 19123.462438 19780.639295
631.148574 18579.512618 19489.314259
632.150915 18619.315440 18844.226421
633.153686 18478.607316 18485.356168
634.154938 19585.440704 18233.879767
635.156411 19457.272877 18999.448494
636.158668 19051.565985 19432.605040
637.160868 18947.943743 19351.070103
638.164469 19543.601628 19157.709924
639.166716 19988.324226 19455.331703
640.167382 19838.094762 19959.752022
641.168002 18883.338565 20106.433135
642.169186 18324.760475 19396.621950
643.172906 19714.707281 18494.461944
644.175860 19144.038239 19043.416678
645.177374 18947.283585 19057.714915
646.180674 19635.960038 18938.878873
647.183895 19402.633153 19398.069370
648.187510 19362.319910 19512.142122
649.188216 18879.207156 19511.566323
650.188846 18309.899770 19111.632255
651.191694 19603.871721 18426.578407
652.192319 19275.206198 19025.360787
653.195798 19473.126543 19222.880568
654.196488 20243.964518 19483.162125
655.198592 19151.109389 20188.922490
656.201672 18490.536149 19735.921832
657.201758 19462.311004 18867.788462
658.202743 17926.581602 19068.239840
659.202945 19684.809891 18115.186269
660.206579 19966.867690 18910.179533
661.209824 19184.222188 19712.877104
662.211697 18931.197642 19590.739409
663.212156 19933.581753 19238.272847
664.214366 19430.427555 19737.058848
665.216442 19664.521211 19658.216927
666.218309 19148.915933 19737.418865
667.220009 18815.494178 19372.091462
668.221195 19905.197437 18883.567562
669.224263 18527.163608 19439.564710
670.226524 19012.138147 18800.446095
671.227533 19446.176314 18776.297069
672.228153 19039.798281 19148.711451
673.230354 19672.863405 19104.501333
674.233172 19271.224421 19541.019354
675.233762 19105.943999 19491.010139
676.234728 19407.497572 19287.098786
677.237962 18833.829572 19366.019592
678.239940 19057.919085 18985.598490
679.240880 19536.562218 18925.512844
680.243988 18999.041097 19287.553931
681.245651 18752.898063 19127.685706
682.248254 19338.072923 18830.983166
683.249877 19674.412507 19101.991765
684.250541 18473.779475 19548.771042
685.250573 19423.238303 18903.096273
686.253457 19037.954987 19185.023810
687.256826 18701.500712 19096.578714
688.257576 19352.957121 18785.359529
689.258489 18631.313626 19097.377538
690.258524 19256.975549 18776.048817
691.260056 19288.664650 19048.447102
692.260189 19658.763931 19260.545181
693.261926 19916.968618 19651.198549
694.262928 19720.191109 20042.070094
695.265915 19162.242720 20058.647365
696.268795 19243.093328 19563.860645
697.269476 19060.220913 19276.700760
698.270428 19051.086491 18987.564648
699.271338 19082.567324 18854.309842
700.274230 20415.300870 18860.487226
701.276307 19233.551313 19918.646102
702.279180 20042.794599 19685.577064
703.280949 19176.239792 20062.968572
704.284330 19294.472774 19596.704728
705.285551 19377.384629 19347.131308
706.286037 19529.725812 19271.363856
707.287179 19005.468294 19374.241210
708.289353 19246.010150 19071.357899
709.291041 19702.681297 19083.850234
710.291144 18303.992088 19473.139741
711.291835 18963.624756 18676.152977
712.294644 18810.916997 18679.343874
713.297631 19370.641418 18637.478723
714.300000 19268.213174 19079.699032
715.302168 19305.174232 19296.723601
716.302587 19740.626982 19425.829071
717.305156 19062.839768 19786.807660
718.306472 18530.208567 19447.411374
719.307966 18963.568128 18782.096929
720.310934 19338.328567 18711.487286
721.312019 18881.017862 19020.273005
722.315390 18844.589199 18911.196725
723.316927 19389.390625 18821.792373
724.319015 18924.766776 19191.390473
725.320057 18792.586515 19077.221674
726.321278 19491.531479 18882.888354
727.324352 19138.844089 19287.354957
728.327472 19808.112903 19276.116847
729.331322 19944.492510 19738.131213
730.333078 18604.077211 20088.918524
731.334960 19135.947103 19222.894201
732.337208 17997.087198 19034.080212
733.339665 19861.756381 18110.995011
734.341211 18647.340834 19019.477344
735.342813 19000.174087 18773.476610
736.344250 18581.845862 18883.567239
737.344744 19391.342216 18654.018097
738.349529 18743.587059 19128.322732
739.349749 19776.809809 18945.413554
740.351674 19479.101699 19578.419403
741.354563 19590.422627 19721.238847
742.355436 18793.956797 19815.604977
743.356334 18417.253500 19209.143083
744.359315 18975.976345 18519.588091
745.360783 20165.017521 18568.269081
746.360786 18441.517388 19586.317274
747.362704 19490.600162 18947.391333
748.365598 19443.257712 19288.271956
749.369600 19563.607367 19473.787482
750.372657 19508.279135 19649.175043
751.374279 19033.381372 19673.980731
752.376284 19177.296859 19288.784854
753.378373 19075.599588 19140.272660
754.380875 19173.247302 18998.999659
755.384029 18830.853252 19020.748927
756.384888 19655.949491 18812.952617
757.386669 19223.599220 19332.351800
758.388328 19511.338971 19348.688111
759.389896 18305.923739 19541.388857
760.390826 19248.794029 18726.165335
761.391093 18421.136826 18920.645892
762.392436 18214.862311 18479.180303
763.393927 18597.736050 18089.230753
764.395044 19392.838409 18212.819172
765.396615 19355.401466 18967.169370
766.399410 19707.214766 19422.684021
767.399434 18946.887864 19897.480683
768.400989 19277.521460 19517.067359
769.401254 19472.184569 19432.291020
770.403163 19325.049927 19497.207792
771.403483 19317.644760 19413.059391
772.404653 19065.311382 19343.428949
773.404763 19215.081130 19112.917648
774.405071 19008.298793 19098.087741
775.406827 18193.166962 18964.834383
776.410257 18452.258282 18297.724933
777.410438 19405.691081 18132.349205
778.412904 18945.822932 18844.713209
779.413576 18489.079929 18996.238568
780.414879 18927.904203 18716.840086
781.418556 19107.015393 18849.319011
782.420466 19252.088104 19069.538164
783.423542 19503.738535 19297.821581
784.425105 19392.970786 19589.267744
785.425176 18368.745367 19630.532711
786.425320 19335.789424 18823.605649
787.428556 19086.037724 19031.710090
788.429832 19207.641130 19024.468369
789.432889 19320.349066 19127.442402
790.433175 18695.867117 19283.510052
791.436562 19413.986485 18902.392169
792.438934 18645.650004 19198.791491
793.441714 18311.298826 18824.537539
794.445445 18692.673733 18341.925296
795.448563 18730.631185 18378.993737
796.450139 19831.438602 18504.416046
797.450764 18286.084149 19449.286547
798.450797 19173.874767 18858.243972
799.452675 18600.843172 19085.525692
800.453933 19275.718839 18791.480125
801.454474 19007.251357 19102.954853
802.457878 19589.611268 19100.532602
803.458432 19738.289695 19512.771099
804.459293 19011.313151 19849.609210
805.462686 19156.136090 19444.965978
806.465654 18826.581983 19242.848360
807.468926 19729.483079 18872.945903
808.471314 18629.454472 19353.579517
809.474116 19496.104125 18862.850759
810.474764 19331.431694 19209.124547
811.475558 19690.504223 19330.502013
812.478069 18615.012417 19660.727563
813.479192 18945.693100 19026.665648
814.482716 18660.418430 18854.731896
815.485581 20138.925394 18577.549318
816.488622 18660.605212 19568.555530
817.489634 18272.474318 19097.910966
818.492933 18704.935252 18462.164075
819.494591 18790.662891 18421.213890
820.495332 19335.078460 18535.964868
821.498093 19002.315461 19065.326539
822.501405 19419.149667 19147.873106
823.503536 19900.189731 19465.382632
824.506946 19415.188253 19973.359202
825.508601 19254.034829 19845.304011
826.510426 18838.147618 19552.882408
827.514452 19203.344489 19020.044303
828.517839 18591.294512 18982.048733
829.520617 19537.542242 18559.337404
830.521469 18708.971769 19065.656814
831.523761 19821.391924 18815.360021
832.525465 19300.137407 19497.929678
833.525999 20053.569432 19529.139180
834.526540 20122.692759 20052.567507
835.529191 19372.559442 20366.374646
836.529334 18654.362046 19899.757757
837.532414 18789.340593 18996.001686
838.535940 18867.815906 18559.947651
839.538095 18864.518968 18458.125354
840.539224 18969.302581 18507.164140
841.541864 19201.814758 18699.609949
842.545827 19168.074353 19037.640144
843.546046 18510.263088 19222.393592
844.547840 18723.364082 18807.832057
845.548600 18589.450468 18685.984793
846.549506 19347.411322 18533.970773
847.550082 19658.360769 19040.304327
848.553771 18727.084126 19603.459939
849.557431 19036.712367 19200.305469
850.558951 19269.058217 19112.644080
851.560345 18518.270817 19224.089844
852.562927 18471.450618 18727.964270
853.564294 19793.375933 18392.362970
854.566198 19090.095930 19235.778218
855.568694 19421.782413 19269.425269
856.571786 18875.823329 19490.181322
857.573864 19341.537066 19173.990308
858.577419 19925.537064 19290.638359
859.578059 19523.835114 19799.687060
860.579428 18851.536353 19784.397449
861.579988 19070.375692 19207.387989
862.582007 18777.351879 18994.049854
863.584057 18923.396958 18686.694386
864.584275 18310.227357 18665.214835
865.586720 19155.706992 18259.143389
866.588867 19424.867044 18702.988384
867.589425 19124.490457 19239.960573
868.589901 18853.812320 19329.390845
869.592983 19258.261205 19119.872281
870.595790 18968.933478 19251.934673
871.598525 18938.468335 19102.551706
872.599906 19173.986942 18971.606809
873.599925 19199.632084 19074.488697
874.601407 19288.432594 19170.038059
875.602722 19296.760648 19291.811628
876.603782 18916.140741 19358.099695
877.606778 19175.443722 19090.444036
878.609224 19059.170522 19107.517619
879.610455 18636.673278 19045.831036
880.612619 19836.103919 18701.449683
881.614760 19824.099660 19412.637886
882.616148 19520.088314 19865.095302
883.618163 18938.363185 19853.066590
884.619683 18820.649437 19327.513818
885.622215 18931.358641 18879.164463
886.626405 18882.474014 18723.392932
887.627402 19233.752126 18660.835124
888.631127 18165.488878 18948.424526
889.632674 19267.212029 18362.353691
890.634275 18770.465891 18846.394433
891.634914 18459.740610 18821.059600
892.634985 18745.202403 18562.699796
