3.052591 18885.179210 0.000000
4.053158 18670.900427 18885.179210
5.056231 19374.831124 18456.621643
6.059299 19534.418129 18930.999971
7.061506 19297.447068 19398.837176
8.062689 19321.749779 19488.922721
9.063544 19244.745161 19504.323614
10.064942 18305.184926 19408.627138
11.066334 19480.087481 18615.138229
12.066622 19723.657330 19022.082365
13.069219 19260.734438 19522.733099
14.070691 18600.076111 19476.097355
15.073681 19555.136074 18903.445008
16.073842 18877.149134 19257.571583
17.075550 19151.899969 19000.535788
18.077968 19385.989437 19047.234353
19.079956 18818.225624 19272.317141
20.081106 19580.740207 18987.453749
21.084196 18439.619709 19374.600959
22.086928 19178.503811 18763.869003
23.086949 19312.606716 18931.603778
24.089691 18833.088896 19177.773352
25.089738 19145.893916 18974.928116
26.089987 19072.199618 19072.649457
27.092592 19303.526859 19084.550519
28.095102 19481.737595 19260.908755
29.096682 19801.072010 19493.400451
30.098357 18735.568687 19846.231397
31.101302 19818.950689 19212.229530
32.103920 19825.436357 19588.599888
33.105601 18656.560197 19839.237018
34.107421 18232.850197 19084.448298
35.116473 19374.230491 18282.299413
36.126247 19302.113421 18724.897887
37.129409 19781.094410 19054.442472
38.133016 19347.136298 19640.368244
39.134936 19609.765850 19643.044087
40.152085 19159.832771 19767.377226
41.152634 19562.504882 19452.691142
42.153527 18661.683150 19524.137591
43.153892 19040.993816 18893.836339
44.155968 19412.375131 18805.130415
45.180467 19600.856980 19098.279290
46.188865 19300.147255 19464.739074
47.188908 19352.827298 19456.466149
48.191561 19345.188682 19452.759996
49.192901 19136.773879 19420.194783
50.194147 18369.275566 19228.849548
51.197441 19045.204145 18534.534279
52.199908 19627.720289 18653.008400
53.202515 18862.180080 19247.181505
54.203121 18826.246750 19065.247597
55.207540 18722.901599 18896.563766
56.208287 19005.615286 18717.133733
57.211282 19454.294437 18840.895948
58.213697 19267.982788 19280.466254
59.214230 19142.883366 19403.974716
60.214305 18958.873371 19337.906399
61.215620 19905.658603 19118.108985
62.216469 18712.912898 19678.490299
63.220247 19497.051110 19120.913753
64.220623 18998.664503 19328.228926
65.222100 18507.891682 19100.302102
66.222365 19288.277675 18592.849675
67.224345 18804.057024 18903.173458
68.225763 18987.060065 18791.445915
69.227284 18693.359773 18875.987202
70.228693 19660.432397 18725.750842
71.228860 19706.493871 19367.839363
72.229996 18680.970271 19796.577987
73.232823 18722.900080 19219.283570
74.235464 19294.085452 18827.505394
75.238262 19284.495330 19033.854006
76.254946 19140.899113 19194.893582
77.256036 19535.629823 19190.116644
78.256095 18137.049517 19471.471825
79.258244 19729.870018 18579.253686
80.261931 18612.622773 19217.208950
81.263064 19166.940275 18826.416414
82.264137 19719.337858 18993.309863
83.268375 19134.553065 19534.462378
84.271051 18892.844508 19412.668911
85.272241 18895.945189 19100.961798
86.273795 19561.587223 18895.404429
87.274381 19239.691366 19291.992460
88.275639 20029.116954 19316.263274
89.310166 19608.804298 19901.324895
90.312672 19136.639071 19910.569229
91.315412 18973.251729 19485.626242
92.316883 19775.047690 19063.367449
93.319899 19092.786639 19431.056094
94.321530 19567.728900 19189.202527
95.322793 17662.998923 19400.378467
96.325981 19559.366613 18119.256563
97.329658 18871.775053 18786.906968
98.332257 18954.675054 18798.153413
99.335227 19362.655277 18884.357045
100.337375 18613.672096 19251.023531
101.339986 18321.522756 18900.527325
102.341074 19603.611361 18434.453410
103.342813 18864.337247 19134.750242
104.343816 18817.723975 19047.658353
105.359817 18631.606881 18923.322177
106.363860 19287.928943 18695.166719
107.366849 18908.072760 19057.440576
108.378308 18979.773935 19011.307460
109.379590 19190.772292 19016.208108
110.381451 19574.795209 19167.798656
111.382744 18648.220805 19537.354527
112.383254 18729.668339 19036.561830
113.387011 19191.809963 18750.165876
114.401657 18991.307830 18948.449733
115.436128 19177.966629 18958.055119
116.436241 19666.311011 19111.165089
117.436333 18811.662449 19570.678746
118.437852 19617.441258 19183.357219
119.439846 18925.999382 19501.106870
120.442255 19189.619814 19170.483885
121.445025 18871.774582 19141.766591
122.445817 19203.528685 18900.987326
123.447711 18720.213424 19022.110085
124.448775 18926.440439 18765.539668
125.450661 19935.818770 18780.593160
126.450879 18948.741279 19581.615474
127.452886 18962.574581 19330.369337
128.455303 20102.844566 19119.714230
129.455617 19147.894289 19830.304254
130.458501 18992.255928 19537.521635
131.459607 19532.438267 19176.994719
132.460181 19453.675998 19355.683318
133.463231 19278.428070 19430.144652
134.463867 19524.488803 19341.822210
135.467303 19270.947006 19466.358003
136.474225 18337.170519 19353.002253
137.477094 19284.548847 18575.478200
138.477869 19317.013356 18837.672999
139.480705 18329.653541 19104.837743
140.481300 20025.273165 18550.944157
141.482352 19472.214129 19490.389428
142.482500 18441.167922 19679.038720
143.503279 19355.259379 18948.372563
144.503920 20208.920257 19141.806918
145.532152 19299.840352 19932.132869
146.535339 19104.751406 19714.682763
147.535671 18410.684019 19355.930397
148.538746 19566.075674 18593.208926
149.561804 20120.626890 19032.760706
150.564173 19709.022310 19801.778749
151.565805 18933.109737 19957.296371
152.569109 19636.545406 19391.052237
153.571217 19135.457942 19521.021296
154.573926 19018.540192 19239.071256
155.576854 18542.770604 18984.504595
156.576901 20322.110248 18508.902973
157.599154 19243.213964 19614.073802
158.600876 18646.417020 19534.496115
159.603561 19241.447163 18974.289026
160.603762 18539.114187 19058.490087
161.606961 19242.256586 18619.580155
162.609818 19405.991391 18907.365496
163.612401 19530.272434 19257.782042
164.614000 18924.380331 19563.253435
165.615549 18573.094803 19253.324804
166.616515 18933.645724 18752.660224
167.617367 19500.412054 18727.849770
168.617704 19059.917073 19191.968279
169.618711 18766.084082 19170.767241
170.623549 19712.866387 18912.079437
171.625474 19052.402868 19456.323425
172.625851 19886.867231 19297.233520
173.628182 19830.996372 19782.329177
174.628439 19510.428576 20009.108374
175.630892 18977.944991 19837.544126
176.650613 18940.507197 19270.620425
177.652180 18441.518786 18885.911371
178.653239 18254.750416 18332.964492
179.654154 19633.408627 17943.553349
180.664504 18895.383724 18860.640702
181.664849 19469.000788 18958.857682
182.667493 19138.023372 19422.310481
183.681488 19043.247169 19417.476395
184.682298 19303.327274 19274.113944
185.684809 18821.845582 19339.776104
186.685698 19130.287572 19002.383707
187.686377 19517.890454 19019.884470
188.687394 19231.047399 19346.937789
189.689887 19340.627481 19338.070323
190.692931 19157.094778 19389.065921
191.694084 19442.769755 19264.804582
192.696138 18914.771121 19390.002694
193.698518 18610.939188 19069.794540
194.700632 18720.708150 18643.060659
195.702872 19125.737625 18503.990072
196.707456 19573.762976 18792.406404
197.707619 19601.340159 19355.966389
198.707859 18708.445060 19712.878415
199.708576 19047.179456 19193.778539
200.711579 18888.880468 19066.946029
201.712755 19016.932666 18879.863890
202.716249 18867.384908 18884.616113
203.718216 18950.230350 18807.910544
204.721092 19277.801359 18846.560433
205.723197 18578.821434 19137.481113
206.725656 19712.364007 18793.786571
207.726679 18939.323895 19418.354945
208.727341 19129.588654 19224.361314
209.728524 19168.560025 19198.803712
210.731810 18869.659702 19197.949676
211.732505 18118.871507 18966.000003
212.733280 18675.546645 18262.848945
213.734908 19656.002070 18292.785410
214.735289 18858.966329 19138.785519
215.735674 18726.678271 19093.312907
216.736499 19433.880670 18912.773912
217.738491 19172.621078 19306.382304
218.741113 19716.889155 19339.116398
219.743210 19827.671860 19722.060672
220.744662 19042.544592 19995.326959
221.745337 19176.484297 19501.200877
222.745833 17882.671181 19239.928543
223.746547 18579.102959 18123.071478
224.747751 18521.586353 18026.866705
225.749146 19448.406600 18073.685927
226.749186 18407.551301 18904.185830
227.749976 18561.158305 18674.849499
228.752996 19347.553418 18608.562037
229.754235 19055.989073 19153.363708
230.756863 19687.713862 19255.638713
231.759755 19053.987648 19730.657396
232.761319 18609.854208 19482.136195
233.762254 19330.466916 18917.738377
234.763690 19483.602329 19099.027957
235.765034 19222.484168 19362.384047
236.774608 18739.286886 19328.528041
237.778578 18749.878576 18922.691109
238.779406 18791.159774 18681.865354
239.781109 18466.825998 18609.416681
240.804410 19515.179396 18375.377785
241.804857 19669.510135 19067.485439
242.806832 19194.084703 19641.210809
243.808638 19552.238074 19578.579252
244.810285 18941.061773 19719.754864
245.813060 20375.267274 19290.081247
246.814501 18828.310835 20063.643696
247.816718 18110.082036 19368.113485
248.819566 18653.673569 18346.726118
249.821241 19557.873565 18184.565064
250.826629 19077.475837 18898.911660
251.829279 18814.020420 19060.527138
252.829884 18828.949752 18947.980490
253.834274 18999.061937 18869.414147
254.835128 19205.332493 18947.599015
255.836567 19332.167454 19154.260097
256.837491 20094.737752 19365.484958
257.837592 19177.518824 20034.695735
258.841211 18709.005388 19696.397433
259.842789 19244.649476 19046.143552
260.844125 18934.100652 19038.465137
261.845933 18884.600850 18853.260396
262.846086 18551.841981 18743.743238
263.866101 18575.039442 18474.629911
264.866896 18289.323385 18376.774360
265.869296 18870.497859 18163.125812
266.871499 19078.112578 18523.731787
267.873557 19185.414996 18946.437332
268.873809 19119.144240 19271.185730
269.876528 19559.377267 19362.414178
270.876897 18982.805398 19677.385688
271.891157 19345.492430 19372.940435
272.894123 18939.279988 19395.199324
273.894540 18611.416380 19089.242714
274.897136 18221.626491 18652.876021
275.897475 19670.975991 18131.985348
276.902412 19125.533015 18980.962422
277.905389 18807.851242 19168.872119
278.908233 19286.833046 19013.730862
279.910538 19237.776276 19243.926682
280.922894 19746.240310 19332.958605
281.924304 18181.553455 19735.027010
282.925637 20239.424709 18765.349396
283.925788 19698.901501 19677.965045
284.928200 19653.416216 19869.245379
285.928923 19382.584733 19888.185613
286.929730 18715.126831 19635.839768
287.930424 18945.339269 18945.759661
288.931449 19106.234965 18715.720728
289.932790 19777.909587 18778.777669
290.933674 18785.470507 19395.926430
291.935463 19329.884497 19055.667290
292.937173 18932.692473 19226.299017
293.937269 19694.201042 19039.617232
294.938589 18573.994920 19490.676577
295.939401 19143.491917 18926.932774
296.941061 19368.307727 18983.949157
297.941381 19414.064072 19220.954896
298.942218 19397.689141 19410.613232
299.943627 19082.259287 19494.023912
300.946266 19356.060672 19275.073168
301.949216 19462.319920 19322.745365
302.950602 18838.482384 19434.604726
303.952917 19913.502650 19029.585053
304.955326 18819.445416 19585.564749
305.955843 18957.374946 19124.996147
306.956957 19729.762165 18921.771310
307.960641 18847.102627 19408.350215
308.978790 18925.722133 19069.998002
309.979402 18760.844395 18904.062681
310.981710 19165.089393 18702.851580
311.983469 19572.099166 18919.927982
312.983823 18647.468908 19395.013865
313.985498 19523.407380 18983.355439
314.986234 18881.270342 19350.508447
315.988492 18691.664827 19095.706905
316.989921 18185.169608 18772.492858
317.992898 19771.711780 18210.807412
318.993712 19299.337518 19113.461867
319.996234 18619.350728 19375.070876
320.996364 19909.375189 18976.951949
321.997188 18498.945767 19656.010525
322.997681 18666.894307 19001.058913
323.998607 19056.116590 18674.016226
325.002056 18510.265573 18800.631115
326.003437 18542.928141 18518.421665
327.006849 19470.374693 18399.774844
328.010307 18782.853072 19071.824671
329.010332 19731.511603 18991.845874
330.014376 18603.667851 19611.102174
331.017239 19063.593950 19104.949867
332.018272 18945.734891 19071.497783
333.041662 19578.845854 18964.401489
334.042780 19652.787046 19381.019915
335.045191 19424.600673 19694.241507
336.046508 18766.520002 19669.348907
337.047677 19561.733375 19102.155046
338.050011 19977.264455 19331.059384
339.054505 19016.470499 19814.828361
340.573788 20023.704643 19376.726405
341.573808 19118.513135 19823.037060
342.574039 19237.020013 19417.465651
343.574539 19651.168150 19228.821977
344.576804 19221.887600 19447.160751
345.578715 19318.604829 19285.371576
346.579714 18694.349018 19261.143915
347.583074 19365.416221 18795.203456
348.585963 19681.614205 19040.320019
349.586747 18713.804164 19481.300839
350.605632 18590.636882 19026.012060
351.607346 18556.856100 18627.940235
352.607502 19205.665607 18394.242898
353.610407 18374.801372 18804.654660
354.611746 18574.488282 18486.965102
355.613787 18561.747157 18449.844572
356.615059 18893.552604 18452.889391
357.617476 19287.991775 18730.480328
358.619060 19677.114635 19205.873243
359.620626 18995.976137 19755.941479
360.621847 18821.546234 19500.415012
361.623418 18537.804954 19115.719633
362.624467 18758.532550 18637.022634
363.625566 18597.746309 18538.415411
364.627150 19624.162217 18423.551404
365.628329 19467.017996 19179.480057
366.630761 19873.687036 19550.756759
367.650961 19240.183332 20020.462198
368.651122 19531.822936 19743.493349
369.651487 19799.467179 19697.911124
370.652388 17992.168306 19834.331146
371.655326 18644.975612 18538.351011
372.676635 18820.047347 18243.420747
373.677578 19400.264647 18327.648132
374.679906 18922.081680 18928.024604
375.681282 18655.703427 18987.635625
376.681815 18921.335464 18801.268960
377.683703 19066.700395 18870.918272
378.685371 19339.308055 19027.370924
379.685537 18834.736217 19319.885363
380.685729 19476.313847 19092.569377
381.687315 19413.290743 19395.636316
382.688096 19325.985759 19520.071841
383.691402 19512.088847 19490.115591
384.693790 18703.906048 19573.682323
385.695622 19196.056289 18993.930221
386.695628 19396.372848 19000.660808
387.696454 20052.948828 19203.112391
388.700001 18556.628905 19845.085281
389.702168 18851.075909 19095.797671
390.705249 18287.076491 18807.196927
391.707107 19381.558327 18250.866737
392.708861 19138.389839 18802.615458
393.711290 18993.966834 19040.849170
394.712571 19036.427778 19076.033939
395.713920 19062.736818 19104.955256
396.720554 19291.234756 19122.015824
397.740982 19232.173848 19287.099811
398.768692 19187.353372 19326.379859
399.769035 19436.375574 19288.853024
400.770642 19304.662851 19431.481345
401.770866 19116.899702 19405.234520
402.770922 18495.846421 19226.145829
403.794395 19775.812110 18643.499991
404.795346 19446.180731 19275.237946
405.797333 19161.083865 19469.026930
406.799821 19098.468433 19346.387223
407.801006 19623.379806 19191.779956
408.820740 18887.772337 19484.831971
409.821588 18999.373776 19114.289336
410.821862 18666.564375 18956.089848
411.823399 19441.058406 18638.204035
412.824195 19156.554989 19067.221737
413.827252 18898.729840 19161.812192
414.827327 19376.355967 19014.424258
415.829342 18424.581164 19270.026281
416.831315 18309.488952 18710.578612
417.833246 20020.761761 18273.036256
418.862158 18848.752283 19346.832859
419.863393 19533.025727 19173.206278
420.864936 20363.608231 19518.484571
421.867350 18730.716695 20317.695885
422.870052 18929.060649 19504.110977
423.870092 19305.517437 19052.727917
424.870303 18654.514766 19078.462162
425.871155 19027.786023 18659.841099
426.873229 18950.641924 18729.152428
427.874648 19252.030291 18780.608416
428.876396 18972.289995 19074.886063
429.880007 19229.833648 19056.505721
430.880417 19448.298352 19219.419359
431.882021 19061.649775 19467.328278
432.900137 19705.348735 19296.538823
433.902151 18644.668386 19635.196054
434.904651 18279.564157 19026.552577
435.907589 20027.754347 18352.931619
436.909537 19178.503896 19308.921918
437.911749 19330.208759 19329.687336
438.927262 18660.238379 19416.052832
439.929654 19296.954180 18935.296777
440.932018 20294.784153 19103.691001
441.943593 19622.404231 19984.576387
442.944394 19481.552409 19998.286080
443.945108 18738.258261 19805.531598
444.948740 19893.801932 19070.688949
445.949050 18923.112641 19486.817705
446.950799 19492.126583 19068.611172
447.952969 19969.805870 19249.893729
448.954618 19514.351053 19759.352686
449.956723 19509.383644 19725.104348
450.957166 19098.615847 19651.566298
451.958711 19332.539927 19271.175762
452.962120 18586.560700 19213.283576
453.963589 19249.726613 18654.667150
454.966689 19065.046815 18855.706759
455.967470 19978.102907 18916.221679
456.971040 19212.803557 19668.477491
457.971633 18921.702386 19548.037239
458.971662 19086.281772 19185.682814
459.972892 19585.295353 19061.945034
460.975050 19048.636010 19380.420515
461.975973 19933.216388 19188.382457
462.976196 18600.952044 19720.862100
463.978078 19350.116456 19040.992235
464.980220 18668.315719 19152.920564
465.983206 19485.071956 18746.833149
466.985618 18958.886696 19136.727262
467.987703 18499.503469 19024.121546
469.005035 19100.684271 18606.972556
470.007869 19342.999444 18822.416390
471.008327 17960.950184 19181.441658
472.011450 19694.800131 18364.806793
473.012069 19488.040959 19155.912669
474.012581 18453.428867 19531.118093
475.014357 18205.144437 18931.992453
476.018466 19804.669485 18326.575413
477.033755 18490.147826 19193.152935
478.035615 18487.261518 18793.429590
479.036049 19113.112831 18515.582745
480.036900 20149.807963 18838.967501
481.038957 19509.057906 19846.717560
482.041263 18703.407787 19945.802648
483.043849 19057.651827 19281.921417
484.045043 19134.997633 19071.035424
485.054169 19195.809265 19020.255882
486.055888 18620.954926 19069.160274
487.057068 18969.530310 18694.133962
488.059993 20120.809222 18749.757586
489.063916 20336.977377 19695.971763
490.066006 19479.091545 20437.414332
491.067906 19086.545989 20139.612004
492.070354 20107.400096 19531.171558
493.071450 18865.063216 19881.435523
494.072038 18747.036931 19181.305989
495.073767 19880.149358 18663.660815
496.075779 19396.114541 19275.516577
497.077189 19798.487011 19369.576541
498.079212 18987.820208 19725.020375
499.080789 19060.360295 19313.108849
500.080944 19036.365656 19080.235991
501.081343 18908.604156 18940.834659
502.084971 19160.876588 18799.195617
503.087896 19376.788991 18944.932555
504.088323 19623.348643 19233.721334
505.575214 18895.661727 19598.802377
506.576388 18727.983580 19241.714278
507.576677 18976.340372 18850.898481
508.581240 19118.343778 18811.029451
509.583041 19113.185227 18938.925220
510.583369 19978.547968 19043.858832
511.584923 18977.668443 19762.679292
512.587505 19649.046634 19425.397047
513.589251 19490.404010 19648.357417
514.590779 19851.112387 19641.027938
515.593713 19406.991362 19870.238500
516.594370 19365.931314 19646.971483
517.594405 19736.278817 19444.547909
518.596294 19690.403760 19601.442600
519.596840 19429.418017 19679.192707
520.597577 19134.663415 19525.131217
521.597982 18762.141344 19203.106220
522.605549 19236.207912 18745.591467
523.607038 19173.687699 18876.521486
524.609002 18595.079277 18985.017942
525.611372 18913.116897 18652.477293
526.612154 19148.108521 18710.385679
527.612326 18732.110407 18966.266395
528.620858 19596.936618 18827.668699
529.622541 19151.072725 19383.099936
530.623486 20071.565161 19379.876805
531.623491 18774.890461 20011.433546
532.625512 19702.098803 19369.738796
533.626706 19292.908079 19595.585594
534.627118 19391.059527 19428.244252
535.628803 18824.954076 19384.353124
536.630411 18998.973354 18939.505073
537.631929 18930.213350 18818.957756
538.634363 19529.788871 18752.117994
539.637034 19554.670600 19212.903593
540.638668 19753.365378 19541.179009
541.639600 19190.095161 19857.710698
542.642022 19304.524433 19567.437550
543.644161 19186.782941 19413.787333
544.645845 19025.017161 19221.340380
545.647659 18095.390549 18995.153209
546.650014 19028.557741 18192.305652
547.652561 20032.135960 18466.528492
548.653250 19549.341560 19496.830889
549.654463 18937.044168 19783.712555
550.655415 19053.059920 19409.337595
551.656965 19232.588840 19191.088572
552.658248 19258.434978 19182.103588
553.659661 20119.768435 19209.617013
554.666042 18576.963350 19881.578309
555.667761 18925.886726 19120.002674
556.668176 18820.760528 18865.147559
557.669854 18856.473385 18674.060144
558.686498 19210.264607 18641.976175
559.687503 19428.078880 18944.901910
560.690248 19174.571054 19326.066156
561.691327 20288.772059 19352.020591
562.693700 18924.071332 20156.286178
563.694501 19499.534765 19568.014896
564.696972 19392.162922 19544.490939
565.698149 19830.170453 19440.961035
566.698771 19261.095145 19705.502202
567.700897 18723.813840 19442.133368
568.702641 19659.751000 18862.228416
569.703357 18999.026291 19239.625166
570.704909 19252.352824 19037.811468
571.706570 19034.100686 19117.203225
572.708632 19538.237714 19026.997399
573.710501 19171.793194 19361.773079
574.713574 19671.371005 19298.443687
575.715561 19717.299380 19609.799727
576.719343 19307.690401 19815.316847
577.720346 19342.136497 19586.364306
578.721597 19108.901865 19428.054132
579.722853 19564.955807 19152.493662
580.724964 19200.982075 19345.855934
581.726962 18274.791019 19224.331740
582.729605 18385.767043 18463.088934
583.730106 19068.205690 18118.625070
584.731610 17827.743876 18525.007617
585.734443 19585.052171 17933.652048
586.737184 18758.487412 18929.478442
587.737189 18926.800334 18971.361502
588.739671 19123.940838 19065.319200
589.742654 19454.448733 19225.523711
590.744506 19009.105160 19528.111170
591.747639 19226.991940 19326.981610
592.749494 18939.409894 19310.362803
593.752513 19411.635311 19065.524149
594.754212 19501.200325 19265.745321
595.755717 19041.253117 19469.502165
596.756617 18731.380033 19234.344721
597.757325 19599.593855 18836.088286
598.760879 19429.959644 19261.943371
599.764463 18457.963982 19432.057876
600.766767 19170.863994 18787.593824
601.768361 18698.824187 18917.629347
602.768884 19772.114430 18691.925914
603.771636 19094.074799 19385.766449
604.773067 19373.913252 19320.743988
605.775179 19297.546206 19441.444300
606.778879 19392.487700 19427.636409
607.781816 19437.564963 19459.416034
608.784314 19191.552456 19492.381710
609.785496 19197.112039 19310.650981
610.786958 18502.151789 19194.180672
611.787440 18754.743185 18615.458172
612.788770 18987.534838 18487.213874
613.789500 19250.981914 18664.567792
614.789854 19319.978782 19031.571820
615.790788 19404.529921 19321.674008
616.792390 18180.532177 19529.714650
617.795510 19393.601583 18684.440481
618.797218 19244.977358 19045.628374
619.797426 18912.148758 19201.747455
620.799681 18852.521274 19040.993021
621.801334 19379.564974 18883.684125
622.805748 19634.325055 19192.521740
623.808176 18804.324271 19584.771416
624.811686 19725.610004 19170.784076
625.813092 18816.753739 19563.139755
626.815905 18863.743204 19118.292958
627.819327 19896.260719 18855.726853
628.820957 20409.301977 19500.836025
629.822439 18633.506703 20307.027728
630.825724 18782.433321 19403.845686
631.827846 19652.373118 18871.364882
632.827872 18986.514502 19235.346439
633.831544 18884.413419 19022.199924
634.832018 19708.008011 18830.129500
635.833037 19423.270006 19365.361211
636.833357 18813.168991 19505.085262
637.834780 19175.457880 19096.917714
638.838651 19356.321976 19093.613425
639.842410 19454.205510 19248.070466
640.843089 19780.651674 19425.774515
641.843163 19287.276945 19766.568911
642.844865 19272.755890 19570.455753
643.845216 19209.724347 19390.713681
644.845954 19055.994636 19224.079540
645.848170 18352.903028 19021.876388
646.851821 19571.396218 18401.985668
647.852573 19312.446531 18993.639541
648.854258 19028.047269 19239.693381
649.854515 20065.933797 19167.609143
650.857428 19253.553701 19875.091451
651.859154 18530.791453 19667.258119
652.862270 18741.931927 18917.843663
653.865670 18932.610954 18604.728737
654.867747 19089.611510 18625.481342
655.871589 18604.175174 18830.390465
656.871966 18825.111538 18633.573036
657.875174 19861.020073 18693.517128
658.877093 18848.238485 19533.319179
659.878943 19254.974091 19275.559236
660.880638 19226.092874 19344.900782
661.884243 19036.304155 19335.428969
662.887835 18967.523929 19161.017499
663.889666 18291.489796 18991.048259
664.894110 19441.204467 18393.156957
665.894828 19026.830251 18931.080519
666.895831 18552.480831 19016.792625
667.897694 19722.659872 18706.396019
668.899625 20051.672230 19390.353200
669.901564 19273.628204 20062.167727
670.901915 18033.361605 19811.918096
671.902697 20254.473529 18622.020859
672.906026 19604.594133 19545.741370
673.906264 18632.679831 19697.375119
674.906856 18887.188262 19021.061019
675.906924 19451.391817 18776.689996
676.912035 19012.243085 19105.281717
677.912498 19439.627519 19026.743554
678.912905 19427.423707 19304.387680
679.913300 18495.387091 19467.866844
680.916340 18997.133349 18840.468180
681.920726 19035.751079 18816.808269
682.924390 18840.848922 18879.022881
683.927577 19489.706292 18803.135619
684.929640 18655.239852 19261.263341
685.931587 19187.111815 18921.588110
686.934234 18727.001940 19084.067402
687.937667 19015.954207 18845.985745
688.938251 18575.003426 18913.913166
689.939742 19073.275642 18642.674050
690.941403 19207.033241 18863.840999
691.944442 19312.209743 19127.101333
692.947563 18819.701855 19357.596854
693.949925 19164.526279 19092.116921
694.953083 18751.221454 19149.891506
695.954554 19591.258729 18872.458873
696.954608 18992.473890 19333.461157
697.958024 18942.495213 19179.323064
698.958186 18759.681598 19018.057715
699.960356 18766.872206 18781.424204
700.962917 19070.591199 18663.064753
701.964560 19710.068089 18857.626136
702.966693 19664.119449 19487.755761
703.966854 18268.059829 19823.937175
704.967421 19385.537139 18905.028736
705.971132 19579.219652 19124.440272
706.971375 19187.234187 19444.682142
707.973870 18069.908580 19344.448355
708.974056 19098.591590 18417.033714
709.975589 19278.204966 18638.057368
710.977246 19520.297636 18998.412783
711.978524 19812.000345 19430.108038
712.980745 19289.458493 19887.280097
713.983798 19089.603135 19705.139800
714.984796 20319.686385 19360.257806
715.986651 19984.333667 20042.715579
716.989035 19178.752899 20201.672628
717.989456 18768.351711 19622.630837
718.990680 20089.300538 18914.339566
719.992223 19034.325524 19514.408586
720.993694 18573.992532 19166.934824
721.997985 19087.843921 18614.795875
722.998301 18208.672976 18713.914106
723.999075 19008.554946 18197.577466
725.001922 18774.664229 18542.094501
726.004168 19501.852887 18655.550092
727.005554 19649.145764 19287.447915
728.006605 18637.291081 19767.467727
729.009404 20095.799163 19219.006131
730.009726 18746.597269 19893.227632
731.012695 19103.694148 19269.079844
732.015757 20591.857442 19094.207966
733.016553 18911.504141 20125.266043
734.019939 19178.312212 19497.177955
735.022657 18072.619258 19236.821511
736.023677 19198.534647 18262.746249
737.026632 19839.184507 18572.613412
738.027293 19153.045908 19364.514697
739.027958 19076.017389 19364.528843
740.030287 19560.471699 19253.893793
741.033605 19201.008233 19517.447900
742.036428 19371.618817 19390.383303
743.036947 19468.388629 19407.465176
744.038029 19320.700161 19479.621881
745.039250 19106.985925 19402.125569
746.039829 19259.255484 19182.735385
747.041212 18841.303959 19168.305097
748.042186 19040.076040 18870.363906
749.043715 19845.295093 18863.207384
750.045387 19321.270952 19507.760577
751.045484 18963.686058 19521.402697
752.048669 19644.058134 19210.002150
753.051844 19093.737099 19503.001911
754.054083 18768.740722 19272.025071
755.057765 18210.357716 18868.217375
756.059755 18651.341978 18222.657109
757.061246 19209.555937 18227.540325
758.062017 19138.335884 18754.592815
759.062708 19298.943137 19078.444801
760.066898 19586.810008 19375.799004
761.068531 19906.632443 19721.162292
762.069654 18787.895455 20100.122692
763.070036 18819.609933 19402.177588
764.071608 19266.223317 18923.420361
765.075337 18739.461686 18993.049179
766.075982 18496.477470 18701.085899
767.078054 19298.841371 18382.460044
768.078205 19483.854052 18853.424398
769.080159 19210.409392 19339.020330
770.080391 18959.276491 19412.943231
771.083316 19423.949676 19210.921547
772.084787 18573.005206 19395.504329
773.087223 19312.993940 18856.698704
774.091277 18529.811606 19071.364068
775.093151 19978.478518 18651.717467
776.095341 18982.834484 19497.917886
777.097943 19766.185703 19294.425227
778.098474 18545.361718 19702.294627
779.100881 19960.094431 19006.584107
780.571784 19445.457898 19604.472784
781.575836 19206.748374 19606.345135
782.578089 18632.005006 19388.027358
783.581181 19606.288306 18802.491197
784.581831 19677.934273 19197.814044
785.582651 18204.655939 19551.328508
786.586888 19826.134948 18654.778431
787.588578 20312.274880 19310.082026
788.592138 19566.941086 20131.352003
789.595722 18540.725363 20028.217365
790.598674 18723.311983 19091.669184
791.600489 18787.166585 18622.599103
792.604644 18752.139446 18461.133235
793.606206 19216.765311 18435.638283
794.606549 19456.840313 18850.485497
795.607266 18684.276135 19329.535309
796.611260 18984.516662 19021.463332
797.613056 19386.148382 19008.310940
798.616022 19039.354678 19297.009964
799.618642 19382.521887 19203.548803
800.621937 20084.697029 19373.145098
801.625248 19213.600120 19986.918799
802.626119 18995.480705 19664.927526
803.626606 19649.219160 19227.510476
804.627547 18879.003002 19441.098350
805.627897 18816.543758 19022.260371
806.628799 18806.830703 18730.182606
807.633244 18974.440480 18598.449220
808.635590 18542.864283 18710.385231
809.635902 19468.753554 18508.684901
810.638018 19003.012048 19110.796534
811.638075 19382.715965 19152.035477
812.639969 19301.233277 19420.177028
813.643612 18881.916038 19483.770522
814.647604 19784.471921 19155.445029
815.650131 19956.680929 19599.816946
816.651759 18821.568663 19997.323405
817.653663 19337.950663 19334.581816
818.658720 19015.772663 19262.244233
819.661807 19014.020806 19003.368549
820.663908 18621.668275 18875.717843
821.665525 19404.692819 18552.203832
822.666769 20086.902934 18995.081346
823.669831 19356.819122 19830.580557
824.671216 18818.607557 19764.847898
825.671878 20240.363709 19226.315701
826.673424 19797.415734 19921.439680
827.673931 18961.087342 20016.521696
828.675781 19738.423591 19382.039920
829.679801 19363.043282 19542.563073
830.681092 19720.511693 19390.254548
831.684416 18553.948177 19575.398777
832.685678 20366.910757 18829.326483
833.687500 18806.424320 19747.167695
834.687687 19585.015516 19190.659239
835.689077 18648.871909 19400.289678
836.689545 19360.829474 18849.178652
837.689714 19640.082384 19057.514627
838.692201 19988.389663 19446.951009
839.695435 18672.002433 19951.182503
840.698467 19223.451767 19225.309618
841.698596 19115.407250 19137.633379
842.699448 19961.010164 19034.216470
843.701459 19461.569652 19637.007895
844.703323 19583.656742 19644.823791
845.707149 19455.367305 19694.483522
846.708548 18496.575337 19595.389615
847.710846 19065.932218 18791.743108
848.714521 19680.893107 18743.145572
849.715464 19337.160386 19260.764132
850.719109 18767.432267 19366.806115
851.722462 19328.828676 18985.119586
852.725977 18704.560355 19160.901798
853.727778 19277.545581 18822.573382
854.729459 19609.342302 19053.644837
855.730403 19562.584597 19474.003291
856.730768 19007.958894 19682.948992
857.730906 18877.035041 19341.361467
858.731668 17638.498557 18989.024171
859.732354 19159.769525 17855.955878
860.733039 19277.135599 18376.010627
861.733911 19357.194703 18920.002281
862.734440 18619.426122 19341.325766
863.737846 20030.658940 19002.628307
864.738775 19851.154356 19795.903644
865.741900 19201.504353 20116.601699
866.742043 19739.764133 19723.351389
867.743966 19344.749700 19799.959310
868.744247 19800.445103 19526.953651
869.745747 19030.732090 19686.671387
870.746232 19685.689123 19217.688923
871.747521 19354.673276 19427.676258
872.749807 19259.727677 19348.911257
873.752000 18985.460618 19239.760061
874.756162 19533.531701 18984.476073
875.756454 18844.877640 19268.133528
876.759072 19654.133166 18959.821253
877.760084 19619.790668 19383.870857
878.763357 19036.389212 19637.704363
879.763944 18705.272711 19322.591600
880.767462 18731.286078 18845.147246
881.769489 19165.930569 18590.966460
882.772954 18618.690949 18824.939340
883.776454 19184.004130 18616.743873
884.776816 19286.476025 18937.117794
885.777994 19098.878124 19235.880260
886.780694 17711.397233 19257.212008
887.784556 19265.144738 18187.683743
888.785600 18994.566304 18699.158612
889.788663 19312.929208 18893.458752
