# WEMAClient mimuroto
2.338934 0.223926 2858.087000 2816
4.836257 2.447323 5753.225000 5120
10.310552 5.474296 4676.400000 4608
17.207763 6.897210 3340.480000 3328
22.659124 5.451361 3052.448000 2816
27.178611 4.469486 3150.250000 3072
32.071271 4.892660 3139.396000 3072
35.867351 3.796080 4046.278000 3840
40.715483 4.848132 3960.288000 3840
45.209488 4.494005 4272.358000 4096
48.831992 3.622504 5653.547000 5120
54.448290 5.616298 4558.162000 4352
57.828963 3.380673 6436.587000 5120
62.375051 4.546087 5631.216000 5120
68.227590 5.852539 4374.169000 4352
71.989749 3.762159 5783.913000 5120
77.182961 5.193213 4929.511000 4864
81.996041 4.813080 5052.897000 4864
86.623982 4.627941 5255.036000 5120
92.288945 5.664962 4519.006000 4352
96.351739 4.062794 5355.919000 5120
101.873339 5.521601 4636.336000 4608
106.047851 4.174512 5519.208000 5120
111.488006 5.440155 4705.748000 4608
115.812122 4.324116 5328.256000 5120
121.758670 5.946548 4305.018000 4096
125.645148 3.886478 5269.552000 5120
131.970315 6.325166 4047.324000 3840
135.940340 3.970025 4836.241000 4608
140.676636 4.736296 4864.560000 4864
145.702899 5.026263 4838.585000 4608
150.730807 5.027909 4582.422000 4352
155.443576 4.712769 4617.243000 4608
161.097045 5.653469 4075.374000 3840
165.473756 4.376711 4386.855000 4352
170.119295 4.645539 4684.063000 4608
175.423585 5.304290 4343.654000 4096
180.255208 4.831623 4238.741000 4096
184.483817 4.228609 4843.200000 4608
190.167166 5.683349 4053.947000 3840
194.673878 4.506711 4260.312000 4096
199.562566 4.888689 4189.262000 4096
204.292470 4.729903 4329.898000 4096
209.525730 5.233260 3913.430000 3840
213.672755 4.147025 4629.824000 4608
219.275006 5.602251 4112.632000 4096
224.581726 5.306720 3859.257000 3840
228.832915 4.251189 4516.383000 4352
233.684899 4.851984 4484.763000 4352
239.344462 5.659562 3844.820000 3840
243.820119 4.475657 4289.872000 4096
248.614056 4.793937 4272.062000 4096
253.602793 4.988736 4105.247000 4096
258.363823 4.761030 4301.589000 4096
263.482313 5.118490 4001.180000 3840
268.312072 4.829759 3975.353000 3840
273.674959 5.362887 3580.160000 3328
277.677121 4.002162 4157.752000 4096
282.556154 4.847030 4225.267000 4096
290.489029 7.779905 2632.422000 2560
293.241862 2.752834 4649.754000 4608
297.946734 4.704872 4897.051000 4864
304.912208 6.965474 3491.506000 3328
309.173000 4.260792 3905.376000 3840
313.251465 4.078465 4707.653000 4608
318.923282 5.671817 4062.190000 3840
323.496752 4.573470 4198.125000 4096
329.048552 5.551800 3688.893000 3584
333.731965 4.683413 3826.269000 3584
338.166507 4.434543 4041.002000 3840
343.162652 4.996145 3842.963000 3840
347.508208 4.345556 4418.307000 4352
355.656645 7.947520 2737.960000 2560
358.288948 2.632304 4862.660000 4608
363.862082 5.573134 4134.119000 4096
368.622107 4.760026 4302.497000 4096
373.642753 5.020645 4079.156000 3840
378.390703 4.747950 4043.850000 3840
383.359731 4.969028 3863.934000 3840
388.361256 5.001524 3838.829000 3584
392.238530 3.877275 4621.802000 4608
400.622695 7.913571 2911.454000 2816
403.256971 2.634276 5344.921000 5120
409.769602 6.512631 3930.822000 3840
414.473551 4.703949 4081.677000 3840
418.719976 4.246425 4521.450000 4352
423.766115 5.046139 4312.208000 4096
429.268521 5.502407 3722.007000 3584
434.514436 5.245915 3415.991000 3328
438.825662 4.311226 3859.690000 3840
442.785844 3.960182 4848.262000 4608
449.085314 6.299470 3657.450000 3584
454.334244 5.248930 3414.029000 3328
458.700135 4.365892 3811.363000 3584
463.143500 4.443365 4032.979000 3840
468.523848 5.380348 3568.542000 3328
472.966631 4.442784 3745.399000 3584
478.067722 5.101091 3512.974000 3328
482.285305 4.217583 3945.387000 3840
488.825333 6.116209 3139.199000 3072
492.685384 3.860051 3979.222000 3840
496.348705 3.639581 5275.333000 5120
504.248366 6.539241 3914.827000 3840
508.138266 3.889901 4935.858000 4864
514.246620 6.108353 3981.433000 3840
519.328019 5.081400 3778.486000 3584
522.888670 3.560651 5032.787000 4864
529.084954 6.196284 3924.933000 3840
534.424663 5.339709 3595.701000 3584
538.624972 4.200309 4266.352000 4096
543.960229 5.335258 3838.615000 3584
548.706058 4.745829 3775.947000 3584
552.531698 3.825640 4684.183000 4608
560.847872 8.138748 2830.902000 2816
563.791295 2.943423 4783.545000 4608
569.216648 5.425352 4246.728000 4096
574.125100 4.908452 4172.395000 4096
579.336984 5.211884 3929.481000 3840
584.028019 4.691036 4092.912000 3840
588.971456 4.943437 3883.937000 3840
594.106636 5.135179 3738.915000 3584
598.842358 4.735722 3784.005000 3584
602.890361 4.048003 4426.873000 4352
608.943248 6.052887 3594.978000 3584
614.289009 5.345761 3352.188000 3328
619.174285 4.885275 3406.153000 3328
624.108694 4.934410 3372.237000 3328
628.582279 4.473585 3719.611000 3584
633.003816 4.421537 4052.889000 3840
637.873213 4.869398 3942.992000 3840
643.495985 5.622771 3414.686000 3328
648.566290 5.070305 3281.853000 3072
653.169708 4.603417 3336.651000 3328
658.099328 4.929620 3375.513000 3328
662.533284 4.433957 3752.855000 3584
671.160824 8.451699 2120.283000 2048
674.632270 3.471446 2949.779000 2816
679.261810 4.629540 3041.338000 2816
684.034369 4.772559 2950.199000 2816
688.260267 4.225898 3331.835000 3328
693.564646 5.304379 3137.030000 3072
698.836720 5.272074 2913.464000 2816
703.743566 4.906846 2869.460000 2816
708.553876 4.810310 2927.046000 2816
713.413904 4.860028 2897.102000 2816
718.297907 4.884002 2882.881000 2816
723.110167 4.812260 2925.860000 2816
727.561310 4.451143 3163.232000 3072
734.804354 7.095230 2164.834000 2048
738.206234 3.401880 3010.100000 2816
743.114763 4.908530 2868.476000 2816
748.007163 4.892399 2877.933000 2816
752.842669 4.835507 2911.794000 2816
757.703041 4.860371 2896.897000 2816
762.567339 4.858215 2898.183000 2816
770.176139 7.467015 1885.626000 1792
772.999027 2.822888 3174.054000 3072
777.703108 4.704081 3265.250000 3072
782.176304 4.467180 3438.410000 3328
790.999196 8.290072 2007.220000 1792
794.125472 3.126276 2866.029000 2816
799.078676 4.953204 2842.604000 2816
803.980957 4.902281 2872.132000 2816
808.859232 4.878276 2886.265000 2816
813.734477 4.875245 2888.060000 2816
818.528183 4.793705 2937.185000 2816
823.400423 4.872240 2889.841000 2816
828.251624 4.851201 2902.374000 2816
832.407044 4.155421 3388.345000 3328
840.550413 7.841289 2122.100000 2048
844.179642 3.629229 2821.535000 2816
849.086081 4.906439 2869.698000 2816
853.951901 4.865820 2893.654000 2816
858.805355 4.853454 2901.026000 2816
863.711458 4.906103 2869.894000 2816
868.504759 4.793302 2937.432000 2816
873.344297 4.839538 2909.368000 2816
877.811872 4.467575 3151.597000 3072
881.918249 4.106377 3740.523000 3584
891.564195 8.855071 2023.699000 1792
