# AndroidClient mimuroto
3.743833 0.442768 1445.450889 1280
5.767908 1.974075 3242.024998 2816
9.740580 3.972672 3544.214152 3072
14.262187 4.521607 3397.022557 3328
19.486382 5.224196 3185.179257 3072
24.785283 5.298900 2898.714788 3072
29.570180 4.784897 3210.100142 3072
33.905435 4.335255 3543.044492 3072
37.658059 3.752625 4093.135291 3328
42.074574 4.416514 3767.677010 3328
45.570213 3.495640 4760.216137 3328
48.708944 3.138731 5301.505906 3584
53.003003 4.209169 4257.371938 3584
57.988577 4.194744 4272.013227 3584
63.831244 5.037411 3557.383117 3584
68.129102 4.297858 4169.519332 3584
73.513695 4.719862 3796.721056 3584
79.466708 5.672875 3158.891962 3584
82.624558 3.157850 5674.747352 3584
89.766943 5.973110 3000.112241 3584
93.340534 3.573591 5014.563349 3584
99.384321 5.590488 3205.444893 3584
102.881533 3.497212 5124.081059 3584
109.551557 5.757724 3112.340890 3584
112.740388 3.188831 5619.614973 3584
119.794721 6.000888 2986.224727 3584
123.575128 3.780407 4740.230416 3584
129.510538 5.716705 3134.672832 3584
134.046539 4.536001 3950.616343 3584
137.348743 3.302204 5426.678569 3584
144.410805 5.616972 3190.331239 3584
148.186539 3.775734 4746.097211 3584
154.595449 5.801616 3088.794539 3584
159.099033 4.503584 3979.053340 3584
163.479464 4.380431 4090.921614 3584
169.168935 5.375102 3333.890373 3584
173.620713 4.451778 4025.357664 3584
179.836687 6.042853 2965.486490 3584
183.517638 3.680952 4868.306060 3584
190.161591 6.367758 2814.177227 3584
194.332688 4.171097 4296.232313 3584
198.682438 4.349750 4119.777209 3584
204.710423 5.916590 3028.771784 3584
209.331305 4.620882 3878.047913 3584
213.269008 3.937704 4550.875412 3584
220.254958 6.461125 2773.510842 3584
224.916730 4.661772 3844.031746 3584
228.882498 3.965768 4518.670645 3584
233.070580 4.188081 4278.809176 3584
240.698572 6.904739 2595.318950 3584
244.647256 3.948684 4538.221258 3584
248.952741 4.305485 4162.132400 3584
253.348294 4.395552 4076.848199 3584
260.130258 6.336425 2828.093265 3584
264.520571 4.390313 4081.713474 3584
269.004272 4.483701 3996.698622 3584
274.009038 5.004766 3580.586700 3584
278.274478 4.265440 4201.207510 3584
285.042165 6.248332 2867.965522 3584
289.318690 4.276525 4190.318093 3584
293.057595 3.738905 4792.847665 3584
299.735792 5.941959 3015.840604 3584
304.920945 5.185153 3456.021176 3584
309.505355 4.584409 3908.900571 3584
313.276693 3.771338 4751.628830 3584
320.691486 6.897653 2597.985131 3584
324.808870 4.117384 4352.278421 3584
329.765727 4.956857 3615.193856 3584
334.409067 4.643339 3859.291485 3584
338.808925 4.399859 4072.858176 3584
343.389925 4.581000 3911.809378 3584
349.678864 5.885031 3045.013797 3584
353.887825 4.208961 4257.582628 3584
357.694036 3.806211 4708.094204 3584
365.290310 6.496477 2758.418196 3584
369.506653 4.216343 4250.128497 3584
373.819098 4.312445 4155.415489 3584
378.316208 4.497109 3984.781813 3584
385.701289 6.907456 2594.298148 3584
390.266459 4.565169 3925.374520 3584
393.688793 3.422334 5236.192218 3584
398.234011 4.440178 4035.874475 3584
403.632071 4.838238 3703.827638 3584
408.616470 4.822637 3715.809650 3584
415.130617 6.336784 2827.932834 3584
419.113888 3.983271 4498.815727 3584
423.392633 4.278745 4188.143620 3584
430.934782 7.140948 2509.470625 3584
436.014741 5.079960 3527.587004 3584
440.275839 4.261098 4205.488707 3584
444.251371 3.975532 4507.572833 3584
449.278759 5.027387 3564.475707 3584
454.530840 5.252082 3411.980478 3584
459.295743 4.764903 3760.832280 3584
463.726347 4.430604 4044.595652 3584
468.961262 5.167428 3467.875848 3584
473.761962 4.800700 3732.788988 3584
478.940890 5.147057 3481.601228 3584
483.079836 4.138946 4329.604851 3584
488.928199 5.134366 3490.207168 3584
493.351590 4.423391 4051.190371 3584
498.576640 4.782807 3746.753670 3584
503.059695 4.265862 4200.792154 3584
509.143099 5.349266 3349.992299 3584
513.750371 4.607272 3889.503241 3584
518.614934 4.821101 3716.993161 3584
524.471788 5.677955 3156.065770 3584
529.078944 4.607155 3889.602074 3584
534.035513 4.956569 3615.403913 3584
538.292599 4.257086 4209.451932 3584
545.775658 6.981824 2566.664420 3584
550.123762 4.348104 4121.336149 3584
553.827023 3.703261 4838.978493 3584
558.484050 4.657028 3847.948061 3584
563.817844 5.024010 3566.871614 3584
568.274454 4.456610 4020.993248 3584
575.140006 6.346173 2823.749023 3584
579.516534 4.376527 4094.570443 3584
583.988541 4.472008 4007.148719 3584
588.604069 4.615528 3882.546213 3584
595.749216 6.955383 2576.421831 3584
600.229035 4.479819 4000.161251 3584
604.371993 4.142958 4325.412012 3584
609.563769 5.191775 3451.613072 3584
614.935732 5.371963 3335.838219 3584
620.249594 5.313862 3372.311786 3584
625.592628 5.343034 3353.899863 3584
630.081041 4.488413 3992.502529 3584
634.578160 4.497120 3984.772702 3584
639.359880 4.781719 3747.606068 3584
644.649356 5.289477 3387.858815 3584
650.081277 5.431921 3299.017265 3584
655.498280 5.417003 3308.102248 3584
660.622677 5.124397 3496.996606 3584
665.045200 4.422522 4051.986383 3584
670.142008 5.096808 3515.926131 3584
675.547289 5.405282 3315.275823 3584
681.281741 5.734452 3124.971775 3584
686.955064 5.673323 3158.642704 3584
692.594949 5.639885 3177.369712 3584
698.584885 5.989936 2991.684793 3584
704.581848 5.996963 2988.179273 3584
710.606302 6.024454 2974.543246 3584
716.680271 6.073969 2950.294922 3584
722.629882 5.949611 3011.961601 3584
727.996448 5.366566 3339.193026 3584
732.297068 4.300620 4166.840987 3584
737.502249 5.205181 3442.723873 3584
743.472421 5.970172 3001.588458 3584
749.502830 6.030408 2971.606367 3328
755.132344 5.579514 2982.338622 3328
760.806664 5.624320 2958.579763 3328
765.683154 4.826490 3447.639747 3328
770.357414 4.674260 3559.921710 3328
775.255180 4.897766 3397.467671 3328
779.979830 4.724650 3521.953654 3328
784.330333 4.350503 3824.845163 3328
788.843982 4.513649 3686.596087 3328
794.175705 5.331723 3120.942346 3328
799.827325 5.651620 2944.288595 3328
805.446677 5.619352 2961.195704 3328
811.064812 5.618135 2961.836752 3328
816.666042 5.551230 2997.533797 3328
822.248403 5.532361 3007.757278 3328
827.938866 5.640462 2950.112792 3328
832.663829 4.674963 3559.386281 3328
836.590657 3.926828 4237.516866 3328
841.534051 4.943394 3366.108542 3328
847.135916 5.601865 2970.439346 3328
852.644251 5.508335 3020.876335 3328
858.294597 5.650346 2944.952505 3328
863.841348 5.496751 3027.242618 3328
869.425790 5.534442 3006.626485 3328
874.999255 5.523464 3012.601974 3328
879.899569 4.850314 3430.705773 3328
883.717246 3.817678 4358.670919 3328
888.488340 4.771094 3487.669875 3328
893.096210 4.607870 3611.212720 3328
895.112978 2.016768 8250.825501 3328
896.541600 1.428622 11647.589235 3328
