# WEMAClient mimuroto
2.115008 0.128000  2.338934 0.128000 
2.388934 2.816000  4.836257 2.816000 
4.836257 5.120000  10.310552 5.120000 
10.310552 4.608000  17.207763 4.608000 
17.207763 3.328000  22.659124 3.328000 
22.709124 2.816000  27.178611 2.816000 
27.178611 3.072000  32.071271 3.072000 
32.071271 3.072000  35.867351 3.072000 
35.867351 3.840000  40.715483 3.840000 
40.715483 3.840000  45.209488 3.840000 
45.209488 4.096000  48.831992 4.096000 
48.831992 5.120000  54.448290 5.120000 
54.448290 4.352000  57.828963 4.352000 
57.828963 5.120000  62.375051 5.120000 
62.375051 5.120000  68.227590 5.120000 
68.227590 4.352000  71.989749 4.352000 
71.989749 5.120000  77.182961 5.120000 
77.182961 4.864000  81.996041 4.864000 
81.996041 4.864000  86.623982 4.864000 
86.623982 5.120000  92.288945 5.120000 
92.288945 4.352000  96.351739 4.352000 
96.351739 5.120000  101.873339 5.120000 
101.873339 4.608000  106.047851 4.608000 
106.047851 5.120000  111.488006 5.120000 
111.488006 4.608000  115.812122 4.608000 
115.812122 5.120000  121.758670 5.120000 
121.758670 4.096000  125.645148 4.096000 
125.645148 5.120000  131.970315 5.120000 
131.970315 3.840000  135.940340 3.840000 
135.940340 4.608000  140.676636 4.608000 
140.676636 4.864000  145.702899 4.864000 
145.702899 4.608000  150.730807 4.608000 
150.730807 4.352000  155.443576 4.352000 
155.443576 4.608000  161.097045 4.608000 
161.097045 3.840000  165.473756 3.840000 
165.473756 4.352000  170.119295 4.352000 
170.119295 4.608000  175.423585 4.608000 
175.423585 4.096000  180.255208 4.096000 
180.255208 4.096000  184.483817 4.096000 
184.483817 4.608000  190.167166 4.608000 
190.167166 3.840000  194.673878 3.840000 
194.673878 4.096000  199.562566 4.096000 
199.562566 4.096000  204.292470 4.096000 
204.292470 4.096000  209.525730 4.096000 
209.525730 3.840000  213.672755 3.840000 
213.672755 4.608000  219.275006 4.608000 
219.275006 4.096000  224.581726 4.096000 
224.581726 3.840000  228.832915 3.840000 
228.832915 4.352000  233.684899 4.352000 
233.684899 4.352000  239.344462 4.352000 
239.344462 3.840000  243.820119 3.840000 
243.820119 4.096000  248.614056 4.096000 
248.614056 4.096000  253.602793 4.096000 
253.602793 4.096000  258.363823 4.096000 
258.363823 4.096000  263.482313 4.096000 
263.482313 3.840000  268.312072 3.840000 
268.312072 3.840000  273.674959 3.840000 
273.674959 3.328000  277.677121 3.328000 
277.709124 4.096000  282.556154 4.096000 
282.709124 4.096000  290.489029 4.096000 
290.489029 2.560000  293.241862 2.560000 
293.241862 4.608000  297.946734 4.608000 
297.946734 4.864000  304.912208 4.864000 
304.912208 3.328000  309.173000 3.328000 
309.173000 3.840000  313.251465 3.840000 
313.251465 4.608000  318.923282 4.608000 
318.923282 3.840000  323.496752 3.840000 
323.496752 4.096000  329.048552 4.096000 
329.048552 3.584000  333.731965 3.584000 
333.731965 3.584000  338.166507 3.584000 
338.166507 3.840000  343.162652 3.840000 
343.162652 3.840000  347.508208 3.840000 
347.709124 4.352000  355.656645 4.352000 
355.656645 2.560000  358.288948 2.560000 
358.288948 4.608000  363.862082 4.608000 
363.862082 4.096000  368.622107 4.096000 
368.622107 4.096000  373.642753 4.096000 
373.642753 3.840000  378.390703 3.840000 
378.390703 3.840000  383.359731 3.840000 
383.359731 3.840000  388.361256 3.840000 
388.361256 3.584000  392.238530 3.584000 
392.709124 4.608000  400.622695 4.608000 
400.622695 2.816000  403.256971 2.816000 
403.256971 5.120000  409.769602 5.120000 
409.769602 3.840000  414.473551 3.840000 
414.473551 3.840000  418.719976 3.840000 
418.719976 4.352000  423.766115 4.352000 
423.766115 4.096000  429.268521 4.096000 
429.268521 3.584000  434.514436 3.584000 
434.514436 3.328000  438.825662 3.328000 
438.825662 3.840000  442.785844 3.840000 
442.785844 4.608000  449.085314 4.608000 
449.085314 3.584000  454.334244 3.584000 
454.334244 3.328000  458.700135 3.328000 
458.700135 3.584000  463.143500 3.584000 
463.143500 3.840000  468.523848 3.840000 
468.523848 3.328000  472.966631 3.328000 
472.966631 3.584000  478.067722 3.584000 
478.067722 3.328000  482.285305 3.328000 
482.709124 3.840000  488.825333 3.840000 
488.825333 3.072000  492.685384 3.072000 
492.709124 3.840000  496.348705 3.840000 
497.709124 5.120000  504.248366 5.120000 
504.248366 3.840000  508.138266 3.840000 
508.138266 4.864000  514.246620 4.864000 
514.246620 3.840000  519.328019 3.840000 
519.328019 3.584000  522.888670 3.584000 
522.888670 4.864000  529.084954 4.864000 
529.084954 3.840000  534.424663 3.840000 
534.424663 3.584000  538.624972 3.584000 
538.624972 4.096000  543.960229 4.096000 
543.960229 3.584000  548.706058 3.584000 
548.706058 3.584000  552.531698 3.584000 
552.709124 4.608000  560.847872 4.608000 
560.847872 2.816000  563.791295 2.816000 
563.791295 4.608000  569.216648 4.608000 
569.216648 4.096000  574.125100 4.096000 
574.125100 4.096000  579.336984 4.096000 
579.336984 3.840000  584.028019 3.840000 
584.028019 3.840000  588.971456 3.840000 
588.971456 3.840000  594.106636 3.840000 
594.106636 3.584000  598.842358 3.584000 
598.842358 3.584000  602.890361 3.584000 
602.890361 4.352000  608.943248 4.352000 
608.943248 3.584000  614.289009 3.584000 
614.289009 3.328000  619.174285 3.328000 
619.174285 3.328000  624.108694 3.328000 
624.108694 3.328000  628.582279 3.328000 
628.582279 3.584000  633.003816 3.584000 
633.003816 3.840000  637.873213 3.840000 
637.873213 3.840000  643.495985 3.840000 
643.495985 3.328000  648.566290 3.328000 
648.566290 3.072000  653.169708 3.072000 
653.169708 3.328000  658.099328 3.328000 
658.099328 3.328000  662.533284 3.328000 
662.709124 3.584000  671.160824 3.584000 
671.160824 2.048000  674.632270 2.048000 
674.632270 2.816000  679.261810 2.816000 
679.261810 2.816000  684.034369 2.816000 
684.034369 2.816000  688.260267 2.816000 
688.260267 3.328000  693.564646 3.328000 
693.564646 3.072000  698.836720 3.072000 
698.836720 2.816000  703.743566 2.816000 
703.743566 2.816000  708.553876 2.816000 
708.553876 2.816000  713.413904 2.816000 
713.413904 2.816000  718.297907 2.816000 
718.297907 2.816000  723.110167 2.816000 
723.110167 2.816000  727.561310 2.816000 
727.709124 3.072000  734.804354 3.072000 
734.804354 2.048000  738.206234 2.048000 
738.206234 2.816000  743.114763 2.816000 
743.114763 2.816000  748.007163 2.816000 
748.007163 2.816000  752.842669 2.816000 
752.842669 2.816000  757.703041 2.816000 
757.709124 2.816000  762.567339 2.816000 
762.709124 2.816000  770.176139 2.816000 
770.176139 1.792000  772.999027 1.792000 
772.999027 3.072000  777.703108 3.072000 
777.709124 3.072000  782.176304 3.072000 
782.709124 3.328000  790.999196 3.328000 
790.999196 1.792000  794.125472 1.792000 
794.125472 2.816000  799.078676 2.816000 
799.078676 2.816000  803.980957 2.816000 
803.980957 2.816000  808.859232 2.816000 
808.859232 2.816000  813.734477 2.816000 
813.734477 2.816000  818.528183 2.816000 
818.528183 2.816000  823.400423 2.816000 
823.400423 2.816000  828.251624 2.816000 
828.251624 2.816000  832.407044 2.816000 
832.709124 3.328000  840.550413 3.328000 
840.550413 2.048000  844.179642 2.048000 
844.179642 2.816000  849.086081 2.816000 
849.086081 2.816000  853.951901 2.816000 
853.951901 2.816000  858.805355 2.816000 
858.805355 2.816000  863.711458 2.816000 
863.711458 2.816000  868.504759 2.816000 
868.504759 2.816000  873.344297 2.816000 
873.344297 2.816000  877.811872 2.816000 
877.811872 3.072000  881.918249 3.072000 
882.709124 3.584000  891.564195 3.584000 
