# AndroidClient mimuroto
3.301065 0.128000  3.743833 0.128000 
3.793833 1.280000  5.767908 1.280000 
5.767908 2.816000  9.740580 2.816000 
9.740580 3.072000  14.262187 3.072000 
14.262187 3.328000  19.486382 3.328000 
19.486382 3.072000  24.785283 3.072000 
24.785283 3.072000  29.570180 3.072000 
29.570180 3.072000  33.905435 3.072000 
33.905435 3.072000  37.658059 3.072000 
37.658059 3.328000  42.074574 3.328000 
42.074574 3.328000  45.570213 3.328000 
45.570213 3.328000  48.708944 3.328000 
48.793833 3.584000  53.003003 3.584000 
53.793833 3.584000  57.988577 3.584000 
58.793833 3.584000  63.831244 3.584000 
63.831244 3.584000  68.129102 3.584000 
68.793833 3.584000  73.513695 3.584000 
73.793833 3.584000  79.466708 3.584000 
79.466708 3.584000  82.624558 3.584000 
83.793833 3.584000  89.766943 3.584000 
89.766943 3.584000  93.340534 3.584000 
93.793833 3.584000  99.384321 3.584000 
99.384321 3.584000  102.881533 3.584000 
103.793833 3.584000  109.551557 3.584000 
109.551557 3.584000  112.740388 3.584000 
113.793833 3.584000  119.794721 3.584000 
119.794721 3.584000  123.575128 3.584000 
123.793833 3.584000  129.510538 3.584000 
129.510538 3.584000  134.046539 3.584000 
134.046539 3.584000  137.348743 3.584000 
138.793833 3.584000  144.410805 3.584000 
144.410805 3.584000  148.186539 3.584000 
148.793833 3.584000  154.595449 3.584000 
154.595449 3.584000  159.099033 3.584000 
159.099033 3.584000  163.479464 3.584000 
163.793833 3.584000  169.168935 3.584000 
169.168935 3.584000  173.620713 3.584000 
173.793833 3.584000  179.836687 3.584000 
179.836687 3.584000  183.517638 3.584000 
183.793833 3.584000  190.161591 3.584000 
190.161591 3.584000  194.332688 3.584000 
194.332688 3.584000  198.682438 3.584000 
198.793833 3.584000  204.710423 3.584000 
204.710423 3.584000  209.331305 3.584000 
209.331305 3.584000  213.269008 3.584000 
213.793833 3.584000  220.254958 3.584000 
220.254958 3.584000  224.916730 3.584000 
224.916730 3.584000  228.882498 3.584000 
228.882498 3.584000  233.070580 3.584000 
233.793833 3.584000  240.698572 3.584000 
240.698572 3.584000  244.647256 3.584000 
244.647256 3.584000  248.952741 3.584000 
248.952741 3.584000  253.348294 3.584000 
253.793833 3.584000  260.130258 3.584000 
260.130258 3.584000  264.520571 3.584000 
264.520571 3.584000  269.004272 3.584000 
269.004272 3.584000  274.009038 3.584000 
274.009038 3.584000  278.274478 3.584000 
278.793833 3.584000  285.042165 3.584000 
285.042165 3.584000  289.318690 3.584000 
289.318690 3.584000  293.057595 3.584000 
293.793833 3.584000  299.735792 3.584000 
299.735792 3.584000  304.920945 3.584000 
304.920945 3.584000  309.505355 3.584000 
309.505355 3.584000  313.276693 3.584000 
313.793833 3.584000  320.691486 3.584000 
320.691486 3.584000  324.808870 3.584000 
324.808870 3.584000  329.765727 3.584000 
329.765727 3.584000  334.409067 3.584000 
334.409067 3.584000  338.808925 3.584000 
338.808925 3.584000  343.389925 3.584000 
343.793833 3.584000  349.678864 3.584000 
349.678864 3.584000  353.887825 3.584000 
353.887825 3.584000  357.694036 3.584000 
358.793833 3.584000  365.290310 3.584000 
365.290310 3.584000  369.506653 3.584000 
369.506653 3.584000  373.819098 3.584000 
373.819098 3.584000  378.316208 3.584000 
378.793833 3.584000  385.701289 3.584000 
385.701289 3.584000  390.266459 3.584000 
390.266459 3.584000  393.688793 3.584000 
393.793833 3.584000  398.234011 3.584000 
398.793833 3.584000  403.632071 3.584000 
403.793833 3.584000  408.616470 3.584000 
408.793833 3.584000  415.130617 3.584000 
415.130617 3.584000  419.113888 3.584000 
419.113888 3.584000  423.392633 3.584000 
423.793833 3.584000  430.934782 3.584000 
430.934782 3.584000  436.014741 3.584000 
436.014741 3.584000  440.275839 3.584000 
440.275839 3.584000  444.251371 3.584000 
444.251371 3.584000  449.278759 3.584000 
449.278759 3.584000  454.530840 3.584000 
454.530840 3.584000  459.295743 3.584000 
459.295743 3.584000  463.726347 3.584000 
463.793833 3.584000  468.961262 3.584000 
468.961262 3.584000  473.761962 3.584000 
473.793833 3.584000  478.940890 3.584000 
478.940890 3.584000  483.079836 3.584000 
483.793833 3.584000  488.928199 3.584000 
488.928199 3.584000  493.351590 3.584000 
493.793833 3.584000  498.576640 3.584000 
498.793833 3.584000  503.059695 3.584000 
503.793833 3.584000  509.143099 3.584000 
509.143099 3.584000  513.750371 3.584000 
513.793833 3.584000  518.614934 3.584000 
518.793833 3.584000  524.471788 3.584000 
524.471788 3.584000  529.078944 3.584000 
529.078944 3.584000  534.035513 3.584000 
534.035513 3.584000  538.292599 3.584000 
538.793833 3.584000  545.775658 3.584000 
545.775658 3.584000  550.123762 3.584000 
550.123762 3.584000  553.827023 3.584000 
553.827023 3.584000  558.484050 3.584000 
558.793833 3.584000  563.817844 3.584000 
563.817844 3.584000  568.274454 3.584000 
568.793833 3.584000  575.140006 3.584000 
575.140006 3.584000  579.516534 3.584000 
579.516534 3.584000  583.988541 3.584000 
583.988541 3.584000  588.604069 3.584000 
588.793833 3.584000  595.749216 3.584000 
595.749216 3.584000  600.229035 3.584000 
600.229035 3.584000  604.371993 3.584000 
604.371993 3.584000  609.563769 3.584000 
609.563769 3.584000  614.935732 3.584000 
614.935732 3.584000  620.249594 3.584000 
620.249594 3.584000  625.592628 3.584000 
625.592628 3.584000  630.081041 3.584000 
630.081041 3.584000  634.578160 3.584000 
634.578160 3.584000  639.359880 3.584000 
639.359880 3.584000  644.649356 3.584000 
644.649356 3.584000  650.081277 3.584000 
650.081277 3.584000  655.498280 3.584000 
655.498280 3.584000  660.622677 3.584000 
660.622677 3.584000  665.045200 3.584000 
665.045200 3.584000  670.142008 3.584000 
670.142008 3.584000  675.547289 3.584000 
675.547289 3.584000  681.281741 3.584000 
681.281741 3.584000  686.955064 3.584000 
686.955064 3.584000  692.594949 3.584000 
692.594949 3.584000  698.584885 3.584000 
698.584885 3.584000  704.581848 3.584000 
704.581848 3.584000  710.606302 3.584000 
710.606302 3.584000  716.680271 3.584000 
716.680271 3.584000  722.629882 3.584000 
722.629882 3.584000  727.996448 3.584000 
727.996448 3.584000  732.297068 3.584000 
732.297068 3.584000  737.502249 3.584000 
737.502249 3.584000  743.472421 3.584000 
743.472421 3.584000  749.502830 3.584000 
749.552830 3.328000  755.132344 3.328000 
755.182344 3.328000  760.806664 3.328000 
760.856664 3.328000  765.683154 3.328000 
765.683154 3.328000  770.357414 3.328000 
770.357414 3.328000  775.255180 3.328000 
775.255180 3.328000  779.979830 3.328000 
779.979830 3.328000  784.330333 3.328000 
784.330333 3.328000  788.843982 3.328000 
788.843982 3.328000  794.175705 3.328000 
794.175705 3.328000  799.827325 3.328000 
799.827325 3.328000  805.446677 3.328000 
805.446677 3.328000  811.064812 3.328000 
811.114812 3.328000  816.666042 3.328000 
816.716042 3.328000  822.248403 3.328000 
822.298403 3.328000  827.938866 3.328000 
827.988866 3.328000  832.663829 3.328000 
832.663829 3.328000  836.590657 3.328000 
836.590657 3.328000  841.534051 3.328000 
841.534051 3.328000  847.135916 3.328000 
847.135916 3.328000  852.644251 3.328000 
852.644251 3.328000  858.294597 3.328000 
858.344597 3.328000  863.841348 3.328000 
863.891348 3.328000  869.425790 3.328000 
869.475790 3.328000  874.999255 3.328000 
875.049255 3.328000  879.899569 3.328000 
879.899569 3.328000  883.717246 3.328000 
883.717246 3.328000  888.488340 3.328000 
888.488340 3.328000  893.096210 3.328000 
893.096210 3.328000  895.112978 3.328000 
895.112978 3.328000  896.541600 3.328000 
