10.227340 16519.025441 0.000000
11.368184 19695.448269 16519.025441
12.562872 18545.149099 22871.871096
13.649410 18320.859434 22803.252426
14.656187 17397.149982 21536.200011
15.714053 19123.220238 19406.056570
16.714525 18599.660302 19133.310894
17.825215 18958.038935 18601.745440
18.881924 19317.349734 18604.225404
19.968849 18290.637484 18963.401867
20.969095 18443.712839 18461.442879
22.132080 19240.848537 18282.568552
23.267648 18413.624813 18831.269234
24.357640 19401.364480 18587.596608
25.977497 19191.222563 19163.072096
26.977813 20111.018251 19352.776498
27.977850 18726.549069 20097.086981
28.989953 19230.089241 19434.373154
29.995104 19419.373117 19303.715348
31.084121 18626.896434 19361.942825
32.162347 18156.758382 18811.056624
33.182865 19130.461222 18136.969938
34.183755 18932.682424 18535.150835
35.869241 18436.260489 18734.734782
37.008185 20003.417553 18511.697215
38.045640 19438.036721 19556.687048
39.101856 18475.279299 19766.828966
40.131879 18992.183538 19067.633798
41.253498 18748.144950 18957.625768
42.415361 19008.454171 18728.232255
43.445884 19186.312294 18813.745588
45.871035 18920.073655 19038.572992
46.940947 18392.845263 18988.242541
47.943251 18944.599102 18550.613799
49.025359 19466.819964 18706.172674
50.059539 18593.581348 19235.224365
51.082505 20340.608412 18902.720148
52.103021 18739.806062 19969.453638
53.117955 19376.562565 19395.007314
54.131731 18602.590747 19421.551216
55.147369 18769.960432 18843.097141
56.148907 18939.974074 18619.270769
57.160000 18959.874831 18672.540230
58.182035 19079.520546 18780.958989
59.184636 18648.668646 18969.631615
60.897476 19188.432687 18768.301236
61.926186 18274.274891 19042.550930
63.021309 18791.676466 18530.527868
64.095146 19007.147988 18598.504275
65.122473 18419.760353 18842.389168
66.213925 19059.974896 18564.980593
67.214422 18553.026170 18870.132153
68.215708 19302.434342 18689.957074
69.219418 19821.277392 19127.692937
70.226989 18409.318510 19779.378508
71.250099 19475.246944 19056.726853
72.260028 18581.429908 19332.995265
73.261860 19080.842667 18836.329614
74.282593 19125.650001 18898.831431
75.938275 18895.301081 19009.190649
76.969299 18552.141767 18920.723406
77.978668 18630.783710 18612.764718
79.054161 19701.221501 18502.611093
80.074334 18703.241909 19282.405778
81.086958 19044.676509 19028.522358
82.147137 18918.965972 19076.336485
83.147356 19025.794938 18998.045652
84.147929 18779.721947 19019.252040
85.922191 18929.880969 18846.936215
86.930077 18435.266561 18856.594002
87.937676 18370.096918 18508.783831
88.978329 18429.019823 18267.622196
89.981768 19135.812974 18216.852238
91.024201 19172.958962 18774.604018
92.045598 18972.827683 19171.641638
93.099145 19150.793427 19220.391320
95.909867 18996.027635 19316.349559
96.938942 18139.790778 19206.865302
97.999904 18705.525050 18457.236114
99.075183 18827.379703 18427.360890
100.130466 19055.204160 18573.355307
101.150325 19101.355916 18880.726958
102.233608 19454.116395 19112.645901
103.234381 19141.117869 19490.353236
105.912198 19382.117522 19435.398798
106.931348 19002.932421 19515.101087
107.997693 18234.887272 19237.317514
109.007300 19388.139617 18463.795593
110.026072 18136.897426 18884.746810
111.067842 19553.866140 18282.638978
112.090706 19362.963752 19007.876209
113.139198 19262.992923 19363.815516
114.144659 18698.990896 19466.594107
115.870378 18412.124977 19044.081586
116.972138 18748.897410 18531.403214
118.080636 18772.684524 18497.823794
119.098994 19172.527644 18561.642823
120.117966 18927.307257 18946.195103
121.162685 19193.837756 19011.139088
122.162775 19064.914018 19222.550997
123.166329 18755.056523 19224.385838
125.931126 19220.871250 18953.042182
127.015700 19100.350998 19117.234985
128.134124 19670.504943 19134.850263
129.134313 18568.026067 19562.648545
130.152344 19172.458490 18976.652628
131.177337 19038.443366 19034.822347
132.177787 18644.815240 18997.804899
133.205724 18805.264096 18694.234697
135.873873 18161.270210 18650.431374
136.873896 19382.413498 18184.242478
137.931916 19026.745434 18861.262429
138.937479 18920.643273 19063.309124
139.937497 19249.191860 19075.614928
140.938442 18932.243047 19289.436357
142.021527 18689.492007 19148.574337
143.022011 19747.705129 18841.997225
144.022472 18776.396213 19444.242206
145.051651 18680.017929 19092.748740
146.052060 18697.170196 18765.630163
147.122406 19305.698133 18593.532016
148.137275 18608.296690 18989.788440
149.161506 19079.450099 18743.842993
150.161530 19193.221672 18940.348750
151.200750 17980.935456 19158.705646
152.201252 19609.312849 18367.298439
153.201745 19113.439069 19096.287134
154.214085 19144.001784 19217.132575
155.215885 19768.634262 19274.553955
156.238985 17946.305774 19739.100962
157.327334 19387.550682 18612.011424
158.407878 18925.176248 18962.973924
159.482235 18543.635201 18897.818537
160.483263 18370.526573 18585.924486
161.540784 18666.063374 18289.573669
162.569950 19021.950169 18383.289087
163.570165 18842.996102 18767.755463
165.874134 18985.559761 18889.321778
166.878481 19060.672922 19045.446261
167.971005 18764.193044 19164.871748
168.996810 19258.807986 18976.174877
170.022434 18470.522234 19199.792190
171.082447 18982.466023 18735.140481
172.133654 19812.920971 18820.617907
173.197318 18831.376321 19526.659860
174.197679 19055.051671 19215.087626
175.198874 18815.322914 19131.130196
176.226274 18734.607303 18890.335282
177.226942 19147.825181 18690.648024
178.329835 18596.265809 18911.707624
180.891806 19548.035129 18667.597284
181.940179 18504.493540 19241.536235
182.940616 18911.055670 18822.474243
183.941043 19213.334745 18838.369668
184.997548 19250.258662 19091.198188
186.086487 19823.878675 19275.839524
187.087402 18762.738051 19791.979987
188.173354 19303.681065 19262.169423
189.196163 18906.620465 19278.113558
190.932875 18646.170871 18994.682052
191.948808 17801.322396 18635.613707
193.018678 18669.360970 17825.082469
194.064499 18422.297794 18064.905762
195.065193 18847.415949 18150.633829
196.065657 18914.665979 18580.252470
197.118039 19127.432595 18912.290182
198.118242 19367.054487 19238.477950
199.138487 18818.863119 19553.526914
200.907396 18061.818407 19253.289763
201.907711 19230.826415 18426.780992
202.910228 19492.186030 18799.041967
204.021380 18491.848430 19289.138278
205.125479 19013.511053 18834.695171
206.125585 19266.291382 18913.008900
207.131057 19162.096444 19166.876549
208.131696 19391.006572 19240.517879
209.232381 19351.593856 19429.415781
210.905702 18289.257208 19484.702893
212.006180 18605.029183 18682.316703
213.007052 19039.675658 18419.687716
214.011787 19277.196031 18660.693446
215.036654 19223.570032 19054.082143
216.072943 18513.787096 19266.335465
217.191772 19076.983451 18829.433565
218.328734 19968.169205 18954.468264
219.329162 19352.954997 19716.003726
220.936344 19833.052112 19698.402171
221.972828 19384.815687 19963.312436
222.973453 18804.139903 19727.025168
223.976106 18698.174483 19087.822327
225.021721 18483.016380 18617.826235
226.022414 18763.343161 18241.546674
227.114280 18690.034299 18324.019405
228.116279 19713.489891 18420.105063
229.126390 18747.668463 19303.221896
230.945144 18976.963988 19122.981240
232.081144 18779.425938 19111.004361
233.081388 19508.290421 18923.352291
234.082456 17842.719831 19340.193030
235.114673 19346.707866 18341.459804
236.171412 19436.787231 18845.399225
237.222515 19055.715467 19290.255619
238.223338 19029.582071 19263.512896
239.232395 19376.193054 19178.592131
240.254633 18753.314011 19358.837470
241.266881 18984.973751 18986.139753
242.373051 19120.945347 18915.329265
243.386258 19494.607944 18999.313839
244.445164 18812.257222 19351.960950
245.447820 19051.611505 19052.183214
246.556771 19405.916066 19021.828560
247.624065 18764.752513 19279.825390
248.700957 18720.667664 18959.473809
250.931974 19521.446763 18717.554058
251.936897 19670.104438 19197.956908
253.008429 19380.691334 19630.524053
254.057606 19057.412429 19639.642894
255.072558 19443.069830 19337.005245
256.073432 19202.129719 19405.031268
257.203011 18762.704243 19267.848836
258.248753 18974.843347 18853.258734
259.302304 18776.906395 18782.429388
260.347551 18907.528131 18646.665491
261.387510 20784.756836 18709.310070
262.476031 19170.762145 20198.108404
263.529139 19059.840556 19878.673660
264.553179 19307.712053 19458.787218
265.553703 18951.540024 19335.010954
266.582445 18704.704501 18999.169075
267.625189 19742.290314 18634.214230
268.714146 19201.278105 19247.548736
269.824548 19472.631886 19272.142226
270.827932 19544.265994 19470.238277
271.928558 19424.938788 19623.610285
272.928741 19050.438913 19590.964812
273.929021 18798.741947 19252.260664
274.930420 19116.710476 18843.680427
276.044895 19459.364749 18866.632086
277.078067 18945.291459 19197.618217
278.142381 18494.081228 19042.992948
279.143568 18557.140921 18602.847269
280.205737 19089.426390 18402.877688
281.206427 18621.301850 18740.672808
282.309501 19385.202446 18645.665358
283.386687 19030.827951 19164.996204
284.387025 18554.378235 19213.932316
285.913908 19047.813838 18835.286994
287.023199 19559.918484 18945.813845
288.114896 18630.653354 19410.655753
289.207258 19318.907564 18983.443543
290.208805 18965.797451 19197.830548
291.305639 19085.449371 19070.460720
292.400303 19066.932618 19070.348928
293.400755 18853.948465 19060.180579
294.430502 18717.561483 18897.046299
295.873202 12276.989475 18702.414464
296.969711 19762.926308 13778.456295
297.976239 18605.532412 16555.563130
298.976529 18309.979274 17877.911921
300.054797 19155.121830 18499.326585
301.055607 18887.726924 19396.554006
302.066607 18570.415228 19584.263494
303.091694 18951.093433 19266.000323
304.146019 18430.796866 19218.481117
305.197404 18720.623232 18737.652168
306.213866 19039.369535 18637.893643
307.214157 18977.156147 18847.756504
308.215351 18447.190524 18953.931152
309.218371 19227.868024 18615.350507
310.325112 18984.331803 18989.528315
311.325342 17920.044251 19053.549980
312.436465 18816.541142 18270.040604
313.441416 19491.680267 18463.159496
314.444242 18554.908863 19154.418698
315.475539 18587.931557 18881.785138
316.476195 18576.331105 18688.516309
317.585930 18389.695489 18558.035368
318.595508 19062.291532 18357.392120
319.596044 18196.086396 18769.593370
320.637967 19340.632433 18399.214684
321.669853 18187.438886 19021.652797
322.670788 18750.005617 18547.721601
323.696902 19101.662270 18642.610373
324.734790 19156.675987 18980.646060
325.769220 19346.473678 19221.178243
326.920546 18367.250981 19467.667039
327.925889 19134.791422 18826.196074
328.926319 18782.147626 18966.379650
329.967306 18596.413877 18814.091533
330.968761 18227.389352 18590.661187
332.101872 18149.429797 18203.615792
333.189956 19063.134327 17957.566819
334.259373 18777.014259 18567.786474
335.932473 18823.770870 18782.143213
336.933019 20336.533204 18923.106803
337.977690 19885.305889 20103.326365
338.999475 19243.554602 20413.317370
340.002408 18197.709950 19954.996537
341.003175 19125.162548 18763.592148
342.019064 18537.468102 18722.008852
343.102043 19490.206890 18361.234794
344.113495 19046.501184 18939.460182
345.124594 19618.399608 19033.480274
346.173476 18296.213368 19512.669365
347.173576 19335.791487 18787.056792
348.174334 19242.843874 19081.223238
349.174739 18409.180193 19222.237814
350.175031 18801.139833 18672.648856
351.175131 19129.528131 18625.956941
352.175228 18751.335836 18892.697931
353.239565 19284.872537 18801.631754
354.318176 19730.073516 19143.677212
355.885432 18828.868748 19683.899506
356.960672 18499.832975 19289.650580
358.009070 19065.718274 18730.553829
359.039420 19761.712742 18817.739214
360.051471 19070.365369 19445.322523
361.096309 17920.585226 19319.701202
362.096767 19138.367180 18332.221476
363.196384 19076.552606 18648.909017
364.196729 19369.182518 18883.256397
365.945294 19171.222634 19268.226573
366.969545 19228.785276 19337.480735
368.041152 18693.300442 19373.715272
369.042004 18805.844926 18953.986416
370.075030 19258.747676 18763.358857
371.081216 19058.621471 19018.343658
372.099311 19186.207558 19055.842409
373.101347 19615.812842 19170.976115
374.145091 18985.691135 19554.554792
375.145441 19104.746981 19289.067363
376.194964 18601.714335 19169.771476
377.246526 19804.290854 18716.592924
378.285888 19257.516482 19363.216390
379.323982 18672.395790 19386.715960
380.327904 18991.649425 18927.325357
381.328715 18929.371545 18873.337889
382.355629 19176.905114 18829.213630
383.359037 18026.816085 19017.841156
384.363854 18862.037156 18289.354136
385.381055 18866.636006 18485.891917
386.501344 18900.169890 18681.646254
387.501882 18581.376420 18850.921274
388.545438 18822.291746 18708.775836
389.546757 19352.801548 18786.539757
390.910787 17997.541175 19232.242066
391.963189 18698.626428 18468.787812
393.014292 18485.204653 18495.062965
394.135024 19369.937928 18399.025076
395.138563 19035.302268 19036.100983
396.138630 19057.265206 19187.121427
397.228980 19368.907722 19241.149063
398.285793 18982.193359 19455.923804
399.285963 18879.868988 19251.521382
400.855471 18343.963509 19005.244887
401.856202 19810.906066 18448.833555
402.856766 19096.147687 19244.617296
403.857283 19286.617682 19248.012574
404.857520 19070.297541 19354.596488
405.903688 18389.818117 19228.653638
406.904218 19216.469660 18615.733620
407.905108 18425.713983 18872.783393
408.958656 18846.727553 18494.163088
410.920584 18846.780060 18603.500838
411.920684 19035.979505 18719.015771
412.979625 18683.574844 18950.613893
414.103210 18702.580464 18823.450862
415.104390 18100.960337 18739.154557
416.154050 18965.742065 18236.647786
417.155637 18995.941846 18600.058834
418.156840 19039.177640 18895.835002
419.157228 18838.399184 19101.176642
420.184308 19102.451195 19037.763869
421.228303 16593.956913 19154.255320
422.228858 18096.405072 17318.179303
423.281017 18343.747405 17345.921816
424.320371 19095.137836 17732.920636
425.403694 19442.288262 18642.669562
426.531882 18946.671061 19471.023913
427.614716 18947.702150 19506.304274
428.616857 18745.347559 19384.809469
429.618350 18719.508963 19063.019293
430.629424 18794.981919 18803.327325
431.722702 18431.895871 18709.131467
432.759514 18689.230985 18411.181615
433.810514 19065.976194 18460.386589
434.830940 18684.918196 18824.759081
435.907863 18658.935106 18781.456107
436.908189 19123.436546 18716.182824
437.967437 18855.042137 19017.610334
438.972479 18524.698285 18993.484835
440.899096 19429.575815 18699.053522
441.913281 18069.718347 19186.907203
442.994273 19385.886845 18471.608096
444.080049 20021.080069 19000.612479
445.162524 19115.449718 19837.828180
446.164293 19639.960640 19623.026240
447.247202 18695.550289 19782.114330
448.308422 18776.217502 19117.812190
449.308655 18962.663435 18740.596054
450.330957 18790.184120 18700.727798
451.359125 18224.133819 18616.918093
452.359823 18920.485415 18193.792022
453.380932 19140.651635 18512.078132
454.381780 18730.579863 18938.447673
455.415137 19349.968579 18894.629605
456.448523 18675.547064 19296.249673
457.482908 18877.557401 19004.673297
458.589054 19174.467359 18928.111303
459.637142 18803.697863 19099.874300
460.881796 18627.269613 18926.326941
461.890234 18561.294516 18676.574804
463.003811 18609.090936 18489.891116
464.032433 19162.696403 18450.247436
465.033244 19109.085401 18885.340572
466.034046 18710.221094 19132.017846
467.058504 18872.895586 18950.475142
468.058835 19449.996932 18921.646147
469.126675 18116.452898 19327.870019
470.168770 18431.121200 18561.355658
471.170645 18739.007726 18302.874013
472.170650 18202.601709 18436.609882
473.258569 19391.218532 18176.772765
474.258941 19308.686297 18944.774060
475.263345 18236.756368 19378.486649
476.263434 18371.179605 18773.945408
477.367145 19115.917080 18438.194956
478.376083 18562.245535 18812.118998
479.384201 18949.179712 18659.776881
480.443104 18995.847084 18849.423619
481.444474 18138.371057 19004.186540
482.446133 18776.166170 18436.376116
483.486328 19002.073820 18556.315975
484.487158 19389.771625 18840.679190
485.889685 19120.299273 19313.982809
486.945069 17790.786000 19367.477559
487.953867 19233.735164 18335.295407
488.970741 18734.715956 18765.288852
490.077241 19580.249161 18723.132747
491.138902 19099.788664 19339.100401
492.179682 18556.206018 19347.026045
493.209067 18792.385179 18881.492537
494.255396 18972.953870 18744.538524
495.891561 19181.708978 18823.449700
496.892044 19417.317578 19056.847661
497.892685 18584.892887 19381.468421
498.944513 19660.630563 18928.422572
499.966207 19246.212331 19422.820483
501.027645 19761.196250 19418.658285
502.050574 19183.185001 19759.703637
503.093969 18745.304571 19497.091029
504.095756 19056.500349 18958.897895
505.146571 19323.618885 18869.799831
506.185546 15562.568082 19072.264831
507.234012 18260.982139 16415.547742
508.234043 18774.343194 16897.754825
509.266177 18448.984082 17864.685986
510.267880 19047.000564 18331.546535
511.267950 18796.292668 19042.848558
512.268075 19450.894269 19211.506649
513.351076 19052.532791 19682.983400
514.352175 18937.587213 19561.928384
515.352633 18823.980541 19287.842795
516.352804 19312.386253 18978.031100
517.352875 18915.518947 19150.916897
518.353134 18519.919884 18980.076655
519.356176 18637.309745 18581.817810
520.909610 17849.494801 18455.256301
521.927682 19201.236016 17846.627700
522.927857 18468.714858 18556.836086
524.034219 18816.825226 18523.649393
525.046542 18927.336960 18754.405189
526.065138 18484.696549 18968.271896
527.182817 18713.112424 18732.991208
528.282749 19252.973425 18724.589105
529.305908 18932.504184 19122.414634
530.386972 19599.938553 19113.615166
531.387660 18880.372746 19564.513463
532.388340 18532.544259 19259.144528
533.388875 19028.246106 18750.895750
534.439403 18764.028996 18813.959874
535.911131 19427.450110 18700.900661
536.911852 18876.919609 19157.718974
537.924056 18314.741056 19040.663039
538.989011 18294.574881 18519.565299
539.990359 18885.270297 18192.685737
541.021622 19117.002129 18497.739804
542.095189 18947.452204 18920.948335
543.100177 18983.954051 19054.403605
544.219269 19576.938366 19121.769775
545.243771 18736.232537 19565.737166
546.244314 19128.606990 19159.991789
547.285789 19095.586818 19145.460128
548.288527 18605.324683 19109.215884
549.293685 19187.955869 18719.989894
550.909053 19467.706357 18933.683986
551.970771 18650.648943 19313.911869
552.971503 18766.216083 18929.681372
554.000716 18545.716683 18754.483371
555.020330 18223.754730 18504.442999
556.021631 19415.296821 18148.269769
557.126292 18738.238931 18882.710963
558.131398 19578.458081 18875.284606
559.156697 19173.945074 19467.474372
560.248161 18681.396510 19487.930427
561.303853 19158.408056 19050.250693
562.305672 19333.561690 19096.955939
563.389266 18576.153460 19267.036818
564.390334 18744.833204 18800.652302
565.390875 18668.170297 18637.845142
566.431063 18594.682283 18525.691397
567.513370 19343.634358 18450.118239
568.513835 18509.173605 19010.186727
569.545272 19200.348294 18747.737314
570.890502 17533.357376 19075.252697
571.990970 19358.677645 18020.041100
573.113006 19173.174720 18739.754572
574.169872 18623.488020 19115.214882
575.200085 19154.601851 18905.169971
576.200269 18220.141293 19128.062402
577.349692 18617.970593 18545.298061
578.349838 18411.160919 18470.998673
579.350481 19084.435133 18315.484704
580.350647 18848.552641 18766.602434
581.481688 18809.565442 18894.707605
582.613388 18525.947740 18917.981050
583.613904 19041.377929 18689.800594
584.637703 18620.019038 18921.319795
585.935895 19688.271441 18751.074760
586.941823 18457.786422 19434.377614
588.094671 18439.520691 18916.638734
589.124566 19112.952668 18529.356918
590.138546 18843.695289 18818.330935
591.138723 19054.271241 18834.530343
592.228065 18877.882116 19002.853248
593.228135 18431.162037 18967.577355
594.235281 18874.343190 18592.475539
595.238504 18619.230260 18696.982121
596.250248 19104.462229 18602.240981
597.355239 18853.689104 18923.041708
598.355971 18340.867132 18940.717357
599.420102 19050.558204 18543.181640
600.908318 18995.811527 18826.103458
602.001289 18948.319362 18982.618046
603.145236 19381.840475 19028.554586
604.238371 19024.703518 19356.604885
605.360334 19237.422056 19259.086214
606.360447 19459.914111 19311.270108
607.361029 18091.127093 19485.769083
608.427472 18726.748855 18539.964564
609.451783 18647.382102 18431.569259
610.456438 18628.198477 18391.641440
611.487540 19070.536070 18421.224978
612.654968 19179.393109 18819.513316
613.772999 18394.136382 19163.055952
614.773465 19096.672246 18749.969015
615.779992 18624.197968 18981.369286
616.888749 19485.006545 18771.539453
617.972294 18502.422978 19275.395598
619.062816 18319.125771 18842.788732
620.065351 19021.046369 18403.920955
621.125584 18719.443739 18689.728719
622.162157 18972.928548 18689.260042
623.259074 19655.719015 18886.685234
624.319033 18159.424392 19519.051509
625.355940 19003.050835 18747.180556
626.436180 18682.101470 18847.025871
627.566255 19516.841244 18695.242745
628.566533 19148.653059 19242.120694
629.601851 18800.707286 19308.098667
630.941888 18333.586546 19040.266922
631.995047 19924.846334 18496.120585
633.108707 18257.833750 19376.858748
634.207647 19012.749591 18703.965288
635.243699 19119.259861 18822.172554
636.351845 18980.804470 19008.803149
637.441119 18598.444765 19025.891081
638.456899 19278.260221 18736.393616
639.519749 19008.621363 19067.019262
640.529920 19306.032839 19082.913182
641.577183 18869.964567 19295.345794
642.599679 19253.290874 19077.182657
643.599810 18498.300144 19203.791296
644.641534 18522.979144 18713.227463
645.702573 19112.991826 18432.722967
646.762863 19235.375734 18757.544274
647.774306 18532.900261 19100.604747
648.774520 19223.859573 18778.971125
649.791735 19007.564770 19074.856082
650.944186 18505.306275 19097.828331
651.944606 18959.628027 18710.054694
652.987743 19636.843977 18805.722085
654.021934 19290.591454 19399.944229
655.023720 18788.586072 19496.590845
656.111942 19948.016336 19116.910269
657.222040 18903.051193 19714.561630
658.244615 18492.447586 19288.027129
659.298788 18491.062327 18670.563190
660.299485 20010.999724 18316.263375
661.315175 19080.024928 19322.766253
662.342333 19276.525242 19299.844963
663.458115 19024.137089 19380.804545
664.541839 19166.887084 19205.923395
665.636374 19370.644111 19180.098740
666.718761 18550.540103 19316.701269
667.776580 19017.483388 18783.410237
668.812543 19117.340803 18808.754652
669.812973 19053.961194 18948.502104
670.901390 18735.083989 19013.050798
671.901424 18999.649522 18816.394841
672.978226 18378.917948 18896.163298
674.064328 18590.651409 18496.370403
675.141833 18556.364815 18425.910937
676.199168 18475.861408 18406.151377
677.357900 19495.408878 18373.447401
678.416460 18712.308297 19147.359517
679.416879 19077.103864 19034.002480
680.491229 19126.142939 19170.497091
681.556388 19367.878016 19252.175396
682.556403 18250.042275 19442.807742
683.742145 18515.767999 18681.014677
684.771996 19165.654172 18391.669338
685.826008 19081.834255 18765.435963
686.826183 19640.954936 18989.508890
687.826415 18655.146498 19543.967206
688.850917 19117.135096 19106.086968
689.870806 18079.505871 19120.903180
690.902379 17874.306613 18349.147346
691.954121 19257.022445 17741.959617
693.030326 18728.161939 18508.489375
694.126888 18736.955385 18682.242142
695.128030 18196.151514 18787.193560
696.187008 18589.390399 18421.506821
697.323870 18492.957586 18477.253789
698.324195 19009.897600 18460.836816
699.403527 19169.645064 18848.363533
700.576314 19106.307469 19202.321006
701.758375 18180.090833 19323.627560
702.898667 18821.119675 18635.288338
704.069779 18954.649358 18658.090982
705.191122 18963.072860 18810.396739
706.193453 19483.499658 18928.930399
707.276217 19755.635412 19387.052943
708.278112 18623.587832 19844.327709
709.362169 19086.394140 19201.756333
710.363706 18373.717611 19083.033250
711.461014 19090.397822 18490.004535
712.566978 19159.874341 18701.928604
713.694249 19390.868507 18957.115333
714.716677 18912.831124 19308.644073
715.813973 18729.268413 19146.436515
716.815656 18797.033306 18869.259355
717.902103 19821.408953 18746.496709
719.014957 19486.186590 19466.031271
720.190400 19264.524313 19663.226200
721.192315 19274.136016 19551.317054
722.316668 18632.954910 19430.873074
723.439666 19155.063962 18850.580990
724.440586 18978.687343 18897.610216
725.442506 19024.714496 18853.205802
726.571644 18926.911574 18896.894344
727.571992 18552.478338 18877.341462
728.611550 18627.127564 18599.132622
729.622634 19097.712655 18504.351550
730.903942 18648.899264 18840.593836
731.963999 19184.733324 18736.384641
732.975134 18935.735230 19064.284243
734.020308 18587.388641 19071.597744
735.023957 18467.255705 18780.028925
736.098991 18394.813794 18495.984742
737.262529 18945.093117 18292.448958
738.303207 19185.273515 18628.981767
739.387183 18900.113351 19056.411308
740.545581 19011.532198 19088.471507
741.548365 18483.767326 19140.976203
742.735760 19073.634553 18739.043895
743.778953 19365.834277 18916.659019
744.779242 18587.203732 19263.860258
745.866176 18913.900931 18878.981473
746.905085 19368.930488 18858.620545
748.051458 19351.694573 19203.532345
749.219567 18964.853849 19404.410844
750.295184 19941.478089 19201.540483
751.298161 19087.451498 19773.401824
752.477288 18948.262357 19460.831618
753.636180 19300.194255 19106.809629
754.636196 18609.832596 19154.110740
755.637654 18151.535121 18696.510930
756.651537 18778.571484 18102.318335
757.772111 18583.891757 18287.803506
758.946075 18637.592788 18357.228291
759.947081 18741.097140 18488.882323
761.008158 18401.827213 18669.515220
762.173676 19150.913648 18523.274702
763.214261 18330.642747 18981.607398
764.238304 19270.454664 18637.897133
765.291286 18628.433449 19094.087341
766.322731 18319.069075 18884.758365
767.323560 19016.517963 18483.989367
768.325154 18841.584238 18765.461461
769.343260 18954.922706 18837.761340
770.964843 18100.806878 18959.870855
772.136406 19094.663557 18379.101704
773.137119 19097.519593 18764.535931
774.243362 18894.489806 19041.926978
775.307524 19225.026723 19042.248315
776.307990 19313.501073 19253.372044
777.312359 19195.594500 19418.203341
778.312474 19113.491381 19386.013492
779.365254 19055.213439 19260.736481
780.386044 19435.757161 19117.578243
781.389528 19247.832145 19315.815715
782.390763 19117.430906 19303.976051
783.394989 18690.151543 19186.219313
784.414249 18852.656995 18789.684320
785.947137 19745.570263 18688.412718
787.080904 19171.762609 19348.522937
788.209267 18105.088883 19347.484138
789.212007 18607.370364 18503.029062
790.337785 18879.312084 18358.027589
791.386316 18454.489808 18551.818837
792.542278 18283.913799 18411.971065
793.720218 19033.259319 18224.744859
794.781714 19384.865150 18707.933130
795.781881 18557.925381 19294.563187
796.782135 19674.282530 18990.248879
797.895692 18690.370955 19567.278712
798.896807 19117.403728 19144.610902
799.985250 18423.512499 19139.991590
801.140383 19178.254413 18611.616547
802.335211 18378.804821 18866.459449
803.335552 18582.567012 18472.242447
804.479475 18560.795434 18404.596183
805.568359 19003.528098 18398.937074
806.569074 18936.257864 18768.621608
807.676539 19187.797570 18961.737822
808.677083 18604.753189 19240.580719
809.806438 19266.832926 18929.523094
810.939021 18537.508375 19189.361608
812.095495 18564.798367 18791.655281
813.095557 18574.822174 18549.732885
814.231575 18717.279474 18440.055913
815.398429 18363.424579 18525.751967
816.398503 19261.856127 18351.090700
817.426828 18644.504468 18940.667197
818.426915 19037.931669 18852.738934
819.585229 18739.118884 19051.786587
820.752647 18919.142151 18923.737095
821.877186 18841.314632 18948.575247
822.997758 18999.157310 18895.265409
823.998015 18401.731903 18973.504805
825.083668 19213.688730 18570.968574
826.085075 19076.199366 18936.358911
827.237382 19332.127479 19085.269511
828.289915 18820.301620 19349.403360
829.291559 18949.651256 19093.281919
830.331748 18995.688958 18993.988351
831.452861 19371.533708 18967.785570
832.473568 19119.241083 19243.543589
833.512345 18941.471651 19224.200660
834.512778 19506.843475 19054.962226
835.936814 18798.820804 19365.999234
837.048550 18135.600893 19025.711795
838.207343 18823.011009 18301.430394
839.285422 18958.240955 18413.389905
840.361112 18901.055442 18673.197397
841.437724 18719.657292 18831.472897
842.541414 18760.798119 18791.957671
843.541593 19334.874298 18784.980583
844.668148 18279.012152 19206.003558
845.668730 19290.445145 18656.836121
846.804190 18835.193409 19046.371155
847.935989 19202.526956 18960.718367
848.936340 18760.216255 19162.010894
850.032157 18973.981354 18941.053147
851.035673 19304.334037 18945.688875
852.035982 18830.537955 19202.844371
853.057171 19090.884804 19001.447474
854.064846 18610.702231 19053.281783
855.099159 18430.992220 18728.462763
856.103172 19676.241322 18401.830611
857.259968 18876.701239 19179.741764
858.411059 18821.317340 19093.167168
859.558335 19049.966015 18954.225463
860.559523 18598.633918 19023.014086
861.560946 18375.446804 18725.647307
862.614324 18863.043697 18377.820235
863.711700 18333.755699 18569.011011
864.803443 18977.684963 18341.148572
865.813844 19312.726622 18708.316082
866.936773 18808.264634 19210.523302
867.939973 18909.923275 19108.831251
868.988582 18985.471808 19059.087552
870.051062 18139.382290 19053.586033
871.061744 18164.933744 18399.239578
872.241248 18541.775241 18026.265620
873.241939 19153.497974 18157.076794
874.323468 18521.416238 18777.449043
875.426115 19191.683337 18707.586098
876.456622 19372.303746 19128.812485
877.521758 18841.499440 19490.608698
878.537269 19519.735417 19243.827337
879.537647 18630.424474 19528.531665
880.935427 18911.028157 19001.701560
881.935576 18147.603144 18855.919998
882.939009 18910.176618 18224.237497
883.969548 18726.611230 18461.167763
885.015060 18113.100026 18554.211070
886.028989 19057.414123 18183.699360
887.193818 19391.448559 18689.029244
888.282943 18872.134307 19284.316233
889.374878 18794.268655 19219.257120
890.375001 18876.704542 19041.547621
891.375633 18510.382786 18952.700045
892.379225 18978.274029 18614.536064
893.379284 18602.265795 18770.334187
