6.194261 17055.579393 0.000000
7.264427 18347.774924 17055.579393
8.264526 17853.588904 19639.970454
9.264705 18088.238553 19592.379822
10.278696 18853.990300 19309.874013
11.389470 19250.927753 19437.526053
12.390324 19254.313327 19653.171225
13.477383 18854.330248 19662.972124
14.537531 19157.005102 19265.720564
15.582106 18589.920029 19191.253346
16.731019 19250.284866 18720.143871
17.860423 18561.063867 18947.306801
18.915418 18691.754644 18619.717033
20.039265 19859.471991 18539.276940
21.042002 19316.195673 19412.964330
22.043749 19657.900372 19553.977702
23.073718 19129.016740 19821.317405
24.154667 19360.761043 19517.470274
25.213293 19209.611861 19442.241552
26.254675 19048.227187 19270.895178
27.254745 18585.381126 19048.862656
28.255051 19033.089496 18590.552982
29.287624 19027.492736 18695.886458
30.324096 19423.304232 18828.656386
31.453032 19041.478659 19241.609059
32.534366 19318.311498 19207.140009
33.579776 18875.555060 19356.114776
34.666969 19057.459670 19089.084011
35.670011 19066.382054 19038.614849
36.711295 18340.652335 19024.783261
37.872593 18410.086739 18483.969876
38.997139 18917.440339 18229.809601
40.049435 19070.092167 18528.313948
41.129252 19092.568560 18889.336590
42.143819 18816.310716 19131.894100
43.175093 18656.504275 19036.148088
44.196400 19056.690859 18813.460908
46.357399 19655.061519 18963.018097
47.425175 19148.165639 19509.992878
48.496457 18836.801815 19439.575519
49.499410 19237.879103 19097.991501
50.578445 18739.550715 19162.710036
51.578923 18767.690044 18840.115280
52.610904 18880.001197 18674.781258
53.684469 19707.265835 18699.574808
54.716245 18865.391976 19377.526658
56.354515 20344.481150 19167.531984
57.385100 18895.511335 20096.316525
58.470795 19628.983025 19536.022591
59.520808 19146.622588 19645.851577
60.545306 18570.560844 19334.778604
61.597919 18710.640817 18700.156806
62.668164 18873.835241 18455.506896
63.751215 18696.584054 18519.361240
64.757464 17789.212877 18506.968521
65.758225 18723.288735 17867.647662
66.811923 18382.754514 18228.935430
67.909510 19268.717472 18277.766975
68.910531 18792.546334 18992.901851
69.911459 18910.386951 19062.294840
71.350277 17773.923228 19117.934671
72.468618 18040.444659 18241.519864
73.509086 18571.068325 17886.304375
74.556370 18752.210625 18145.199451
75.612106 19493.718443 18516.970932
76.628821 18846.898626 19317.797460
77.630559 19639.298204 19277.076107
78.630957 19262.648639 19743.470743
79.653002 18585.919097 19668.137753
81.358454 17889.645781 19021.551823
82.475318 19306.979845 18067.145689
83.503191 18587.228444 18608.568193
84.503203 18892.027751 18514.068807
85.506946 18821.719554 18713.708504
86.519950 19008.233193 18805.377017
87.610206 19251.381778 18995.182136
88.742353 19196.474318 19275.708899
89.750146 19095.053726 19368.709905
91.378273 18054.489681 19296.086067
92.378423 20103.643843 18429.093029
93.426374 18085.927112 19438.811295
94.472338 19092.282058 18596.591016
95.486509 19407.968551 18802.581110
96.486694 18874.231406 19214.766264
97.513754 19547.320178 19068.856554
98.605836 19061.520933 19452.061991
99.605893 19239.244292 19303.129823
101.380015 19437.698961 19301.554035
102.505341 19506.368285 19434.029708
103.508171 19722.029342 19552.686850
104.515314 19786.976926 19762.181573
105.530847 18927.592763 19905.601564
106.558306 18697.737481 19303.117278
107.640687 19152.867715 18735.602545
108.641609 18736.534319 18783.726588
109.642766 19200.117961 18587.823844
111.395425 19112.364720 18874.737822
112.438138 18381.289724 19033.724916
113.440033 18983.128195 18584.572166
114.459230 19377.816552 18760.554034
115.474996 18504.943515 19200.204776
116.502289 19962.312143 18809.778313
117.570005 19152.909932 19631.382853
118.570485 18598.844674 19517.865788
119.571270 18859.403052 18954.319347
120.574104 18584.470789 18779.096242
121.674262 20638.834321 18505.362195
122.752019 19850.722792 19929.044969
123.752069 18984.833951 20227.250047
124.752397 18384.792311 19632.804141
125.754410 19346.923674 18723.557411
126.792347 18557.643491 18905.841293
127.838667 18633.303581 18515.293692
128.838818 18884.374330 18387.352409
129.921065 19159.055374 18573.172622
131.421327 18859.443715 18949.893938
132.582245 18540.111669 18965.836211
133.716203 19467.270956 18707.710190
134.717860 18917.161936 19232.117013
135.719038 18408.364942 19140.527146
136.739308 18605.063768 18657.293164
137.739792 18607.055493 18500.968237
138.740440 19647.608481 18450.323450
139.782335 18912.699605 19244.598808
141.380169 18554.488087 19191.307248
142.395996 18605.437618 18826.350919
143.400403 18269.467127 18614.119195
144.400791 18458.432070 18253.855070
145.408212 18937.977914 18219.349729
146.422027 18733.328190 18621.527027
147.450010 18522.654319 18748.241105
148.510463 19198.586014 18649.864512
149.510636 19289.968403 19075.822439
150.518057 18823.311626 19388.029087
151.649496 18662.295900 19169.624658
152.736472 19750.189563 18853.082391
153.767163 19084.854793 19463.034881
154.773506 19465.563916 19340.798720
155.844219 19119.093036 19501.226499
156.860388 18976.746747 19312.671583
158.007389 18518.578176 19063.239772
159.096524 19009.462143 18573.274181
160.098305 19274.214838 18682.780360
161.099884 18535.908390 19017.768416
162.207213 19566.401495 18695.644214
163.330362 19534.667825 19267.517986
164.385774 18781.231893 19604.375496
165.447711 18727.813957 19190.300385
166.459123 29628.582652 18840.932254
167.553503 19102.528200 26813.545136
168.561442 18976.305884 23609.070116
169.575568 18855.141809 20785.530391
170.575840 19053.368248 18830.581345
171.614848 18560.578006 18007.916768
172.622189 18451.108753 17488.354667
173.658904 19583.607535 17414.527512
174.714040 19115.758495 18486.133331
175.714195 18866.060313 18945.418012
176.795028 18600.006276 19030.371836
177.900639 19321.543453 18832.230340
178.901319 18940.576990 19216.256458
179.902992 19524.204043 19148.866419
181.375133 20355.681503 19500.819332
182.413639 18173.444917 20306.250061
183.413706 18838.595508 19084.645847
184.489681 19038.285134 18744.906451
185.586016 18842.492701 18748.226236
186.599783 18915.045774 18675.556529
187.600115 18794.549401 18735.370523
188.725369 19609.897475 18719.824053
189.741293 19390.206795 19342.243211
190.741356 18730.870998 19555.598345
191.793328 18838.392766 19126.426178
192.870658 19065.345953 18893.592625
193.910824 19370.242057 18933.590774
194.911925 18796.035417 19215.200721
196.403534 19126.649674 18964.111048
197.403979 18590.798242 19044.507997
198.500714 19894.394543 18703.353317
199.540029 18690.275872 19482.334434
200.546632 18689.583631 19071.751016
201.551388 19330.840125 18770.571340
202.609729 19322.674480 19080.676946
203.697970 19356.991069 19292.146309
204.701158 19296.460670 19431.250476
205.708276 19128.870912 19436.839908
206.708608 18710.866614 19278.847496
207.813840 18895.572245 18848.853921
208.814132 19551.368974 18737.889530
209.837520 18612.731382 19213.675559
211.376072 18699.385627 18832.013734
212.441331 19906.773827 18651.352917
213.513238 19756.662284 19478.571836
214.557289 18420.361836 19886.648136
215.561947 18893.442384 19055.964487
216.561980 18930.764178 18836.532410
217.672020 18616.812064 18769.035211
218.810471 19134.496035 18540.254768
219.858349 19287.306925 18833.266848
220.858685 19126.976092 19169.688353
221.872192 19049.072449 19247.055623
222.873032 19095.055830 19197.291643
223.873523 19154.974827 19169.842391
224.880674 18870.528265 19182.360372
226.354219 19024.485354 18968.438055
227.372092 19018.007347 18952.467265
228.386716 18615.360533 18957.627887
229.487795 19447.706924 18673.317953
230.488272 19008.141177 19140.933424
231.488888 18967.580233 19121.760225
232.492746 18800.721354 19053.348155
233.492886 19092.661686 18872.555980
234.494129 18693.803242 18983.156486
235.592183 19124.141600 18766.689205
236.608233 18867.799710 18962.987843
237.608397 19653.554688 18909.169183
238.612575 18658.090694 19461.233719
239.613090 19215.024640 19038.748234
240.648364 18848.776062 19150.041565
241.682813 17049.480336 18947.247566
242.683254 17504.154063 17471.760896
243.688468 18611.589784 16969.452717
244.688653 18475.240612 17682.550754
245.697744 19475.345326 18169.097651
246.699028 19662.826826 19238.985376
247.771820 19551.379879 19973.630351
248.809959 19047.023981 20179.666747
249.820422 18655.125216 19747.346304
250.926002 19145.604766 19062.181429
251.965316 18811.711384 18985.694600
253.029938 19216.004385 18737.008691
254.075515 18953.757446 18934.561160
255.098346 19091.113784 18907.012997
256.384782 17492.929964 19007.942281
257.510040 19351.893076 17880.561934
258.545914 19045.209236 18614.186102
259.654687 18975.635558 18935.412050
260.781129 19442.028758 19071.294061
261.788035 18583.575670 19465.115341
262.860120 18671.795569 19012.414519
263.962790 19762.928402 18745.019321
265.047577 19345.488000 19411.365408
266.063149 18693.370277 19519.348899
267.158091 18783.879066 19040.787127
268.231305 19415.167871 18782.533621
269.293051 19004.366499 19127.209833
270.294720 18771.725143 19063.436419
271.418207 18235.737632 18842.301215
272.418861 19443.509772 18312.098962
273.419567 18976.005359 18933.736608
274.429138 18927.724865 19021.370413
275.442054 19255.266202 19017.635681
276.527277 18323.149610 19238.946614
277.594603 18802.198009 18654.594533
278.671515 19716.683252 18638.843561
279.691777 18082.246684 19357.670619
280.735236 19327.820957 18581.009881
281.735940 19078.053301 19002.169417
282.772502 19081.001410 19106.836328
283.773317 19369.305903 19154.185109
284.842841 19370.380830 19375.791944
285.843770 19206.832014 19485.780047
286.908907 19095.968750 19389.262682
287.997674 19168.290918 19212.248884
288.997731 19171.769690 19148.913578
289.997926 18694.748814 19124.699339
291.404383 19324.019649 18766.594150
292.477489 19119.541899 19041.533348
293.557470 19365.642877 19096.266210
294.580004 19724.344231 19314.027296
295.619143 19132.937133 19704.837750
296.635764 18439.184865 19461.564274
297.699425 19469.136097 18737.456550
298.786266 18907.502450 19073.298190
299.786377 18833.324827 18918.953252
300.891305 19308.436067 18783.284865
301.910851 18628.744293 19084.294092
302.941539 19142.816198 18781.065369
304.004483 19297.304410 18976.924667
305.114762 19038.628145 19232.193358
306.404013 19719.941815 19182.098268
307.446780 19087.547118 19632.168444
308.577687 19151.877219 19404.850853
309.658253 19433.182257 19260.113699
310.718428 19553.164181 19371.664780
311.731878 18456.009481 19532.806133
312.882624 18313.752415 18795.600296
313.957492 18972.917780 18235.406875
314.957515 19137.351208 18469.270573
316.005672 19504.809418 18835.439294
317.037782 19895.210955 19369.595292
318.039125 18898.818802 19963.277974
319.040673 19015.685587 19495.808446
320.075439 18573.284511 19200.476360
321.388777 18576.441127 18674.811817
322.523270 19607.149073 18388.965180
323.523501 19087.825338 19065.941808
324.582592 19511.793615 19150.239137
325.597910 18579.223679 19494.760559
326.598423 19325.034238 18971.852083
327.598961 19024.726676 19171.598663
328.763650 18903.792459 19084.600175
329.764047 18965.557265 18935.431894
330.780568 19347.960586 18899.261499
331.780609 18858.928310 19184.552733
332.885376 18870.525173 19001.276107
334.002709 19472.732436 18882.748492
335.012750 18907.974163 19272.084302
336.013303 18838.717680 19093.345535
337.013695 19818.616109 18905.690947
338.053388 19258.238493 19530.044158
339.097037 19149.834544 19494.080539
340.098945 19189.228641 19335.835256
341.438595 18729.479656 19239.758010
342.522109 18465.481309 18834.275306
343.522309 19179.872250 18407.336281
344.536790 19201.413241 18744.196231
345.559994 20165.970095 19037.700955
346.561558 18407.659446 19948.799028
347.574610 19157.719075 19139.907845
348.594925 19344.568915 19114.944876
349.607935 19515.192117 19253.294321
350.691634 19217.125545 19473.255093
351.739644 18538.003684 19370.169806
352.812049 18570.623619 18771.024702
353.886227 18486.372065 18437.661846
354.946636 19418.539672 18241.032197
356.378849 19205.882588 18903.178044
357.393357 18389.519632 19203.598562
358.402992 19412.730803 18742.107610
359.406099 19184.174280 19190.623518
360.426808 19412.356856 19298.990901
361.442692 18659.694775 19495.607369
362.601017 19206.007161 19008.606414
363.601119 18354.239236 19087.612316
364.665754 19245.549443 18517.888035
365.716364 19307.252184 18860.596350
366.717200 18634.019109 19174.465836
367.717347 19181.261334 18859.672360
368.719794 18233.976734 19056.293978
369.741892 19261.266307 18475.383176
371.394503 19832.472144 18895.043344
372.525667 19579.174556 19624.833547
373.604804 17883.627883 19851.665107
374.615017 18469.324920 18625.298244
375.662256 19457.482664 18265.970000
376.777798 19169.691256 18878.262916
377.878859 18887.817440 19113.370755
378.888688 19099.669229 19033.599438
379.897373 18877.635178 19116.157121
380.948318 18879.600083 18986.788452
381.949559 18731.289624 18896.289477
383.083613 19690.729695 18735.634798
384.084126 18738.974777 19373.801217
385.118632 18998.179908 19058.300358
386.240513 18764.260096 19015.122382
387.328512 19164.743058 18813.857916
388.403608 18938.011757 19001.188449
389.404363 17999.014292 18965.693893
391.372360 19136.443438 18236.777982
392.463424 18258.072191 18665.950964
393.464641 18791.518109 18339.382138
394.464986 19132.026901 18555.854677
395.535638 18354.661910 18978.388398
396.577486 18741.046764 18645.041141
397.701186 19161.994167 18695.561345
398.702004 18988.765808 19047.903355
399.721847 19276.663888 19122.675793
400.756129 19165.871386 19342.508076
401.866568 17847.442009 19352.868794
402.884786 19066.349312 18322.477768
404.014581 18510.039954 18602.703793
405.052692 19323.117231 18441.496167
406.052719 19585.128726 18987.836258
407.060263 18293.670229 19541.335168
408.100811 19193.599890 18860.439140
409.169333 19104.029283 19053.246144
410.259383 18989.683826 19117.560127
411.280642 19544.386122 19060.575315
412.343385 18718.789121 19430.386758
413.436274 19441.376322 19024.594571
414.511474 19110.313328 19287.187515
415.536468 19511.925285 19208.733943
416.604044 17539.308118 19446.110971
417.605454 20152.375811 18101.790189
418.605505 19088.829103 19248.810050
419.739729 19322.565877 19250.551389
420.806549 18463.100174 19386.294068
421.902066 18568.832201 18793.634082
423.000709 19241.212582 18493.969633
424.048285 18892.515845 18867.138336
425.092929 18115.772946 18885.718696
426.145401 18744.090388 18314.150989
427.146224 19552.626720 18450.010707
428.146570 18812.944343 19197.862735
429.147755 18747.047753 19105.717962
430.149902 19583.201862 18937.029729
431.193685 18441.861027 19432.305700
432.264157 19285.851565 18861.662099
433.327872 19393.315100 19104.382935
434.384767 19409.583647 19351.708161
435.396435 18648.596427 19497.973919
436.406037 18628.760309 18978.268815
437.471633 18687.353862 18621.121077
438.591721 19767.043305 18488.402181
439.642202 19075.400742 19281.547736
440.643242 19256.467220 19280.762483
441.644540 19981.334752 19364.829280
442.731655 18913.964518 19923.422813
443.750445 19198.346492 19416.669888
444.857953 18969.006365 19250.903564
445.858039 18844.639786 18982.876039
446.930903 18970.991021 18752.119923
447.931062 19453.677277 18754.635257
448.991022 18804.891852 19171.996557
449.991444 18777.625346 18964.508319
451.022157 18312.940862 18800.410203
452.026381 18976.098879 18364.151568
453.096497 18673.219753 18630.588087
454.143075 18776.742375 18623.024700
455.155978 18615.344129 18709.433736
456.413840 18489.617536 18648.416729
457.439211 20345.526283 18515.345131
458.552750 19505.915399 19834.308993
459.608831 19409.705440 19991.887084
460.609042 19036.912010 19877.025739
461.658723 18614.953788 19423.169919
462.661155 19065.691460 18783.208865
463.661757 18979.886423 18759.217823
464.791242 19694.628278 18759.486934
465.792129 19438.772143 19350.777752
466.830121 18757.403801 19540.493692
467.831324 19221.232229 19098.895018
468.831560 18656.890977 19140.594197
469.832299 18862.179056 18758.347356
470.847943 19078.877441 18695.825900
471.848030 18784.177526 18868.677249
472.848508 18981.195674 18786.628036
473.914935 19010.479889 18892.754413
474.938909 18690.312227 18989.891078
475.939791 18629.925917 18803.480867
477.026681 18880.491444 18636.693869
478.048479 19193.026144 18739.532527
479.072752 19211.313909 19060.592610
480.074102 19262.274984 19267.946859
481.372602 19062.196500 19395.686553
482.401730 18174.543555 19276.144644
483.443126 18283.710964 18497.146945
484.451801 18620.273597 18108.872804
485.484285 19106.626967 18210.867249
486.528854 19260.164308 18728.981086
487.528934 19080.222992 19197.602480
488.532828 19399.267385 19312.597648
489.560647 18927.113792 19551.284862
491.370345 18746.259239 19278.508905
492.442795 19542.163773 18918.631234
493.446555 18533.479219 19292.527800
494.464871 18543.435136 18785.371661
495.499516 19212.698233 18476.287418
496.501698 19174.875265 18840.479549
497.501825 19562.330092 19087.263059
498.504173 18642.045003 19523.148987
499.511253 19526.290395 19060.673410
501.359370 19546.230696 19387.962563
502.494004 19012.586129 19601.144324
503.556849 18827.053632 19293.773372
504.566995 19130.889311 18930.641713
505.567783 18791.903850 18951.055622
506.681948 19259.836914 18751.981903
507.690869 18456.950068 19013.375329
508.695922 19226.709426 18603.522303
509.771675 19091.779226 18939.272250
511.430471 18440.709964 19077.808868
512.589073 18870.149731 18662.267819
513.676865 18841.510479 18721.187657
514.691948 18830.660725 18766.408655
515.715976 18491.881208 18799.657295
516.725023 19116.269299 18569.947834
517.754835 18866.223927 18903.867516
518.829484 19424.819161 18936.393774
519.835299 19266.587945 19354.060866
520.835728 18783.380174 19461.910574
521.836016 18865.407738 19104.598943
522.844079 19217.592458 18907.159108
523.919185 18554.931632 19062.139888
524.928875 18844.589362 18681.497801
526.413963 19144.991308 18676.778513
527.414536 20674.566417 18941.673040
528.528050 18715.268614 20272.131203
529.535751 18142.424034 19568.495735
530.547209 19065.597108 18573.737786
531.587325 18756.468998 18660.910180
532.588507 19446.450199 18573.822026
533.600841 18964.650236 19093.425593
534.692745 18552.440478 19080.133556
535.694283 18645.714559 18735.459389
536.694820 19116.098934 18587.323138
537.696002 18247.562338 18880.641149
538.774636 18973.930633 18434.762154
539.774861 18955.026759 18709.798923
540.818646 18955.499243 18899.172330
541.818943 18829.298607 19008.177004
542.820449 19684.539898 18954.859423
543.820954 19133.010506 19538.241397
544.821091 18967.314850 19452.859965
546.411746 18825.768676 19205.935142
547.482486 17866.322428 18916.658027
548.608773 19003.219356 18029.712446
549.708501 18101.865815 18398.064847
550.750940 19180.038071 18057.514519
551.772050 18453.207230 18706.956371
552.820048 18924.448835 18604.824592
553.847242 18552.527362 18869.285565
554.879701 19790.799198 18736.365764
555.902608 19134.229923 19552.650140
556.980229 19431.409344 19527.902637
557.982187 19428.129282 19639.995272
559.005260 18724.184885 19641.435061
560.006464 18465.880097 19060.870213
561.359622 18405.262542 18492.687866
562.359790 17821.227124 18156.431584
563.469377 18559.504136 17612.484619
564.469820 18856.405480 17946.404522
565.552769 18940.001222 18489.315385
566.554348 18485.699067 18915.240147
567.611871 18269.956550 18793.666180
568.612011 18972.997659 18494.080531
569.628366 19302.920270 18815.537543
570.646469 19164.083920 19263.073037
571.733169 19345.536239 19392.675329
572.846760 19051.551592 19536.417862
573.958193 19262.148322 19340.080238
575.030190 19019.155463 19327.726811
576.416762 17291.152766 19122.910832
577.430400 18639.981053 17698.561977
578.430745 19720.384887 17896.156462
579.511387 18596.001585 18991.212727
580.527622 18455.602420 18877.746424
581.528503 19480.791868 18645.277688
582.530617 18708.396699 19250.516590
583.656888 19463.727653 19031.408483
584.725394 18452.820160 19407.599700
585.726859 18743.352039 18851.546676
586.726901 18946.254547 18691.737445
587.851278 18459.239258 18776.913358
588.909317 18847.924818 18496.575146
589.909826 19187.933298 18638.586237
590.910133 18475.844834 19016.932789
591.980158 19607.063371 18714.789844
592.980821 18637.776643 19352.396022
593.981042 18823.837093 19007.900902
594.981250 19091.645120 18882.667614
596.394319 18638.790059 19006.199361
597.435989 18400.291486 18749.685378
598.436790 18423.399895 18414.830627
599.500461 19436.122537 18261.099773
600.531453 18615.620359 18984.351358
601.551291 18310.194950 18843.543312
602.589389 18978.033480 18487.089494
603.632675 19704.883859 18765.517846
604.682924 18827.541586 19502.998715
605.687058 19411.489250 19264.203731
606.687394 19088.447424 19473.601450
607.687688 18918.677785 19320.490890
608.802540 18915.785565 19058.597515
609.803095 18349.997071 18890.501729
610.826282 18095.680892 18388.433425
611.973118 19041.993281 17937.053050
613.037697 18553.379414 18460.754115
614.131243 19016.510198 18501.454039
615.146839 18798.126268 18882.133433
616.159500 18829.629546 18942.279374
617.243608 18924.010140 18959.941526
618.341549 19416.414861 19006.980052
619.385416 19158.578354 19379.060378
620.385984 18913.179949 19381.061782
621.469740 18493.844061 19142.392823
622.559586 18998.159819 18651.253209
623.661352 18963.605653 18744.567934
624.661594 18525.603968 18828.707643
625.671986 19671.785912 18576.000736
626.787260 18344.026676 19296.684549
627.910022 18467.556617 18754.982369
629.001984 18563.728681 18474.039811
630.010333 18351.489936 18404.076782
631.036441 18207.721922 18249.829184
632.036595 17998.897857 18090.294562
633.039842 19207.682269 17883.266042
634.039858 18229.948839 18715.248045
635.045899 18437.427640 18521.047530
636.053327 18774.894280 18506.781700
637.053530 19263.504124 18735.410250
638.206447 18714.060959 19226.052916
639.222095 18655.212049 19068.654677
640.222734 18558.320784 18857.170446
641.231247 18920.000931 18628.270282
642.344348 18589.194498 18767.592936
643.445884 18712.800537 18627.251437
644.500694 18694.356253 18640.270982
645.553659 19064.782478 18651.079930
646.644909 18660.143291 18945.123154
647.685158 18454.877963 18818.580207
648.686365 18796.541480 18561.750508
649.690787 18751.386360 18662.865160
650.692077 18571.005534 18712.975226
651.869465 18493.929844 18612.347423
652.924890 19478.475189 18493.891282
653.965058 19627.289985 19173.081861
655.104137 19312.720071 19700.636579
656.217407 19042.944333 19710.149854
657.218423 19679.240267 19413.217243
658.218576 18601.369330 19649.404660
659.264165 18824.741862 18966.554068
660.267241 18891.915810 18701.361986
661.413973 18204.042344 18649.991375
662.434109 19507.526226 18168.882079
663.485723 18548.878537 18914.730409
664.487691 18507.923711 18716.867761
665.488420 17995.308745 18545.223012
666.506223 18516.861465 18065.614587
667.544186 19455.505313 18199.398454
668.698983 18358.294963 19049.639027
669.836551 18848.011888 18753.318122
670.907145 18921.389412 18873.689573
671.933024 18229.706073 18982.489021
673.037172 19183.383701 18502.851338
674.124478 18917.917146 18910.004401
675.198794 19489.297806 18982.825842
676.199843 18569.097752 19431.544883
677.329213 18202.933061 18980.192594
678.435782 18313.971113 18377.119220
679.568232 18671.054439 18115.314533
680.568690 18908.052886 18301.888829
681.594527 18407.818245 18665.216215
682.736034 19846.304837 18532.413095
683.736158 18426.915134 19513.727766
684.738505 18561.921165 19022.987092
685.794937 19498.637142 18729.853289
686.795909 18524.197755 19243.840339
687.933444 18710.194070 18833.703524
688.990109 19163.558730 18690.755911
690.145832 18032.052539 18964.165139
691.204850 19117.547612 18302.088507
692.313189 18733.363370 18717.662504
693.379001 18496.218289 18737.282598
694.539978 19225.809208 18568.254027
695.540132 19776.734667 19012.923997
696.575533 19310.669509 19701.674378
697.763028 18459.140719 19715.265773
698.863666 18883.942158 18982.265812
699.869046 19354.380788 18803.585637
701.025867 18726.102509 19087.163652
702.147846 18651.055304 18824.548235
703.300119 19079.597878 18612.343691
704.414240 18713.475501 18837.326253
705.519539 18668.392850 18735.793658
706.520835 18630.903469 18645.635832
707.659382 19244.469190 18578.129138
708.802031 19130.303486 19017.743665
709.992803 18551.464627 19208.608031
711.167971 19004.013377 18850.334934
712.284975 19232.754102 18935.892371
713.285251 19462.105972 19167.256885
714.383983 18291.612920 19471.327349
715.537855 18420.409192 18743.187447
716.539295 18243.056411 18362.821069
717.602816 19045.904382 18054.020325
718.743365 19080.269007 18549.014952
719.834698 18245.417752 18946.508093
720.846822 18529.016584 18552.556450
721.848296 19198.196267 18491.495078
722.929486 18596.083283 18972.229531
723.929723 18371.566040 18817.503703
724.947857 19487.827283 18516.397752
725.996089 18669.202085 19166.832781
727.011597 18438.998719 18958.330022
728.082771 18897.225414 18609.144134
729.082877 18834.319713 18735.684857
730.222882 18890.310257 18792.161083
731.393270 31696.943599 18872.931761
732.493113 18812.448697 28522.636730
733.583646 19122.820827 24477.694756
734.607150 18715.545357 21271.691352
735.626071 18091.132393 18826.015415
736.675698 18478.251638 17107.250210
737.689769 19509.512603 16784.177587
738.689938 19108.438711 17819.605512
739.837158 18050.943091 18458.990828
740.975292 18265.886458 18147.923741
741.979075 19373.772210 18129.352561
743.112213 19062.843951 18985.114759
744.199736 18191.087730 19276.964027
745.374717 18107.256585 18715.541476
746.377307 19114.325978 18240.843406
747.545594 18598.458951 18725.399709
748.703093 18433.053167 18678.009158
749.810030 18129.197941 18510.371993
750.810055 19159.151935 18179.332284
751.935641 18910.472977 18773.744340
753.117349 19605.787413 18980.793048
754.292272 19370.599041 19588.223211
755.331396 18708.567690 19719.938064
756.331807 18628.367274 19201.937222
757.494180 19026.229507 18759.444106
758.668474 18677.135427 18803.825014
759.811661 18771.309358 18619.796031
760.954582 19039.457028 18612.746837
761.966498 19161.869760 18849.973623
762.984995 19471.951260 19107.767416
764.008129 19225.923257 19482.751023
765.116202 18799.058454 19483.021884
766.116970 19024.264656 19098.734055
767.275978 18944.923060 19000.575892
768.278935 19078.414393 18897.912804
769.346762 18947.790953 18958.452325
770.347344 18570.545537 18920.745021
771.455096 18872.227978 18625.718791
772.532916 18794.245017 18690.674193
773.533743 19016.407342 18710.053120
774.668679 18683.739528 18907.412301
775.703815 18526.030681 18783.839792
776.852337 20392.665502 18578.746835
777.995974 19842.928738 19862.997434
779.106918 18778.762575 20225.237178
780.122220 18170.516434 19512.655317
781.152646 18852.170992 18516.706596
782.220455 18482.148132 18443.425613
783.239799 18761.683678 18231.454321
784.260381 19454.834508 18397.793787
785.313685 19034.312730 19091.799116
786.347721 19072.468826 19214.169295
787.355865 18584.042910 19259.007315
788.356197 19431.691691 18868.472266
789.356504 18424.119840 19237.833988
790.458349 18371.741769 18715.300387
791.538957 18584.477407 18341.954896
792.621129 18796.345939 18322.280598
793.622535 18933.771588 18536.894049
794.683817 19123.041183 18812.132984
795.683887 18781.100410 19122.114299
796.685456 19186.824419 19020.881098
797.763805 19020.749005 19214.612332
798.765301 18460.188484 19179.974411
799.842668 19404.539722 18702.428708
801.027252 19175.336128 19111.359229
802.028916 18495.109385 19217.216917
803.169857 18534.268558 18749.505507
804.349666 18668.171916 18481.420151
805.445702 19022.484721 18461.017093
806.445704 18728.187892 18768.338874
807.552619 18651.968288 18764.813604
808.552677 19726.435260 18696.729838
809.717144 19150.811848 19457.347797
810.842705 19016.325477 19473.211083
811.921767 18179.108381 19299.678139
812.924263 18794.746886 18514.160679
814.041756 19237.984945 18499.367754
815.046356 19173.849564 18898.244618
816.187797 18574.087389 19134.516597
817.256330 18564.119979 18812.664197
818.256663 19459.585287 18584.618237
819.268720 19280.494388 19137.069674
820.307791 19038.588439 19359.606122
821.308437 18876.202811 19269.666950
822.367611 19245.637659 19045.138516
823.367876 18845.987950 19167.716509
824.530949 19288.816387 18948.748511
825.678992 19159.791531 19145.695699
826.830529 18865.981327 19183.180823
827.980205 18514.317722 18975.718409
829.106711 19144.998702 18580.805228
830.175498 19104.278092 18839.737496
831.383691 18782.807279 19014.978474
832.403938 18426.649939 18883.820758
833.474371 18794.542769 18525.870525
834.547225 18672.472452 18598.009884
835.616428 19580.931029 18591.660048
836.617519 18612.334169 19290.032164
837.699834 18737.978375 18985.495293
838.705401 18967.644138 18834.169731
839.804655 18959.349867 18906.708433
840.856327 19334.140448 18951.991007
841.960828 19442.431616 19257.564945
843.119439 18638.017696 19510.714166
844.120777 18182.868645 19016.907699
845.204726 19368.090963 18333.920176
846.206940 18650.545177 18843.580271
847.311313 18245.278579 18691.378652
848.312380 18989.247611 18301.119525
849.443391 18927.083222 18650.006499
850.609007 18284.272679 18862.636972
851.610147 19081.202044 18502.955864
852.644709 18868.336736 18866.141537
853.645340 18198.104916 18941.850520
854.691462 19256.015718 18458.652700
855.694119 19066.699997 18945.349946
856.696243 18694.887378 19124.378221
857.821852 18494.344053 18920.613338
858.922185 18935.023425 18611.891913
860.054146 19486.720469 18758.653765
861.054925 18997.630929 19289.899889
862.169125 18480.190230 19237.910941
863.170292 18860.650716 18763.765940
864.228031 19267.295870 18741.144876
865.358196 18542.181629 19064.694670
866.358437 19385.046056 18733.284186
867.524496 19104.655781 19151.951625
868.610302 18637.090894 19209.266246
869.712253 19480.132205 18861.097275
870.714361 19146.667143 19263.292178
871.827634 18904.934906 19268.500840
872.827942 18692.349759 19059.347569
873.918649 19427.429588 18756.728907
874.933801 19162.207809 19140.634661
875.988806 18490.606074 19205.369935
877.031330 19522.015785 18723.245740
878.063913 19607.502036 19197.581009
879.064139 19751.633208 19579.972026
880.117389 19639.990326 19886.148416
881.119593 17916.203237 19921.875647
882.120503 19099.887982 18576.427616
883.245627 18787.660415 18626.411065
884.303132 18760.015892 18535.601343
885.305285 19613.078063 18532.477858
886.312204 19128.787804 19227.597252
887.312393 18773.722218 19308.309458
888.359775 19165.799205 19037.485958
889.484837 18747.700969 19130.191013
890.485011 18606.035432 18871.871912
