3.070524 18425.247260 0.000000
4.073100 18807.439060 18425.247260
5.095155 18783.498194 19189.630860
6.130313 18728.367238 19267.223161
7.162755 18871.187829 19143.739852
8.164608 18668.662907 19085.270488
9.166773 18595.381754 18850.621450
10.310363 18671.641398 18632.846430
11.411639 18763.974329 18571.787484
12.417912 18821.572666 18635.471188
13.453777 18541.991034 18742.637578
14.515583 19284.636376 18606.268321
15.548858 18790.683205 19078.998377
16.549804 18967.319846 18996.308027
17.649614 18569.597079 19036.034127
18.729094 19020.444782 18740.426531
19.767943 18775.977450 18888.051148
20.768838 19004.105987 18811.611366
21.772020 18036.007170 18935.579398
22.913555 18304.160459 18288.620949
23.993704 19375.729073 18103.103246
25.002573 18904.452267 18864.285158
26.002611 18564.138994 19019.279489
27.178421 19155.015285 18812.834894
28.363702 19059.315671 19090.595840
29.524843 18543.879290 19173.806464
30.530333 18471.312163 18800.211792
31.565667 19569.541781 18494.905985
32.626653 19245.564244 19160.026840
33.672114 19026.682409 19351.982849
34.719119 19624.732024 19257.194826
35.735301 19287.499921 19600.709922
36.792276 18807.585699 19525.548918
37.817662 18626.799006 19068.520501
38.869278 18530.549451 18639.182571
39.872188 19360.814435 18349.230549
40.872701 19313.776134 18872.283001
41.904634 18806.714944 19220.663360
42.910149 19148.438342 19037.835841
43.934758 18985.093714 19144.934406
44.940205 19046.735666 19076.851201
45.996988 18749.990992 19066.101691
46.997209 18699.540873 18833.326924
47.999254 19297.957961 18658.267968
49.119136 19031.881148 19029.869533
50.147473 18846.862984 19083.134813
51.149893 18771.245228 18958.190413
52.162652 18649.157093 18811.173039
53.167587 19164.916509 18636.116298
54.167613 18815.963352 18938.667688
55.168018 19008.777023 18884.790721
56.172854 19471.034041 18985.255648
57.195455 19048.954335 19388.061219
58.195804 19258.608307 19293.647431
59.253612 18845.731299 19342.507741
60.253827 19399.447180 19036.305282
61.254702 19638.689413 19250.847467
62.258323 18947.939255 19574.700163
63.260312 19025.860012 19234.561205
64.288260 18798.785467 19051.276806
65.350014 19283.448266 18782.974500
66.365359 19410.774999 19016.273187
67.395983 18968.434911 19295.211351
68.474909 18148.019949 19131.816278
69.523156 18639.463503 18393.962179
70.546408 19045.651675 18332.132237
71.552884 18849.586172 18682.691212
72.554452 19443.647507 18801.661687
73.555014 18845.711240 19318.674048
74.608127 18748.117389 19159.971392
75.608236 18827.424352 18928.859638
76.608688 18894.584786 18827.598421
77.664725 19515.840360 18827.294620
78.709083 18975.027668 19309.906942
79.726442 18768.043721 19197.086939
80.726898 18461.365183 18929.924159
81.735487 18279.273213 18525.863756
82.735994 19322.710875 18171.139934
83.792536 19239.472690 18803.389589
84.810900 19771.737697 19186.916099
85.830189 19046.890136 19791.017257
86.935946 18635.670129 19544.612276
87.937109 18989.794005 18988.564244
88.977456 18731.671806 18887.909607
89.981372 19284.096739 18669.461738
90.983264 18807.699845 18990.109021
92.005523 19029.428399 18866.631921
93.100741 18467.616351 18956.456768
94.103533 18916.642012 18598.253062
95.107284 18372.896245 18723.261278
96.135035 19150.351189 18426.301244
97.139534 19238.715378 18847.561185
98.216810 19140.601514 19200.161798
99.266265 19366.537424 19312.515102
100.266622 18673.977543 19495.165289
101.269951 18782.863805 19034.913506
102.289667 18322.484458 18796.218320
103.289702 18717.154290 18328.247588
104.308046 18867.786107 18388.823814
105.309077 18921.525737 18614.168408
106.429662 19846.833810 18830.549853
107.507674 19220.929570 19655.465600
108.508010 19043.198116 19646.337347
109.548074 19239.882549 19402.122685
110.548374 18862.153729 19337.797537
111.570102 19038.942301 18997.859601
112.634314 19059.943838 18926.555594
113.698690 19156.160389 18934.751420
114.715154 19129.648333 19042.309851
115.811932 19054.889044 19104.667659
116.834765 19038.702689 19086.022265
117.834929 19369.646160 19056.776496
118.921297 18946.927784 19285.842764
119.958643 19113.687359 19104.287964
120.959602 19138.836710 19099.240201
122.020668 18886.325336 19119.190122
123.025380 19421.810824 18944.693199
124.057227 19244.589666 19244.466888
125.058141 18925.638788 19305.773848
126.148305 18972.993921 19081.918124
127.148533 18913.501233 18966.436778
128.212063 18735.954392 18865.715874
129.221606 19099.688221 18694.141631
130.263204 19293.063107 18891.608072
131.299541 18655.236864 19187.392494
132.300303 18723.398187 18883.332676
133.395486 18604.476131 18725.399806
134.414569 18715.579638 18556.741424
135.428574 18955.861282 18567.673541
136.485584 19657.694083 18790.327356
137.509501 19131.110760 19469.412346
138.509937 18907.765532 19461.087783
139.510136 18790.967989 19206.922324
140.510493 19052.277385 18917.452240
141.547939 19152.392643 18937.078182
142.595742 19165.823098 19050.777398
143.605448 19134.736213 19143.103658
144.606527 19239.787714 19171.631484
145.606655 19038.282616 19255.460205
146.650703 19451.965471 19142.327620
147.651034 19122.643276 19370.012217
148.681603 18648.193660 19257.351183
149.718424 19184.924215 18811.506477
150.730617 19052.380586 18950.303836
151.774443 19126.958776 18978.949889
152.775235 18810.614971 19067.564232
153.777028 18736.549809 18889.462186
154.777162 19193.623737 18725.150487
155.777412 19294.962839 18988.649914
156.777908 18659.999208 19247.647410
157.859044 18865.054672 18912.752292
158.860852 18132.030605 18835.908060
159.919144 19256.113430 18255.004547
160.935559 19350.678945 18776.871424
161.935757 19200.656475 19228.539500
163.031357 19014.754585 19372.391547
164.038947 19234.615334 19261.957384
165.119714 18776.469487 19309.835165
166.119751 19063.233646 18971.359713
167.145760 18902.551619 18968.472550
168.163458 19425.098581 18870.207721
169.172839 18751.187275 19221.071504
170.264550 18649.795120 18942.076685
171.312423 18958.476800 18678.812806
172.411055 19471.707792 18771.437705
173.464528 18952.227210 19249.433173
174.466376 19101.394036 19154.389125
175.530233 18723.753238 19168.201741
176.564613 19277.214047 18875.175525
177.638947 19100.765252 19105.902452
178.770766 19026.688772 19131.757218
179.773045 18846.893897 19081.379250
180.823071 19115.987959 18907.671490
181.823240 19410.530645 19007.443758
182.855017 19439.128416 19305.372957
183.890862 19277.718404 19502.075307
184.928465 19172.284603 19463.632250
185.992425 19141.082068 19318.856909
187.139857 19012.497450 19186.424261
188.260203 18726.315765 19012.433925
189.281122 18563.967309 18710.818375
190.281330 19257.706600 18442.123605
191.281509 17829.032484 18858.541615
192.283144 19253.456581 18095.036279
193.302498 19445.875462 18715.100734
194.330222 19217.369798 19304.036085
195.358285 18436.761042 19462.584357
196.396800 18911.916136 18895.098286
197.398425 18996.072367 18853.137260
198.399038 18856.415219 18909.968639
199.404831 19003.475954 18855.167400
200.464685 19006.255590 18938.374286
201.465010 19461.861750 18998.337873
202.469155 19235.958364 19372.003716
203.507704 19038.670768 19411.873607
204.630231 19041.351414 19239.864044
205.740123 19056.332216 19105.571428
206.740278 19333.560258 19033.605718
207.741022 18568.635208 19211.225519
208.769688 19098.030175 18756.925317
209.862954 19114.690033 18879.748914
210.888479 19085.345837 19008.225921
211.889558 18868.176363 19077.072306
212.905619 18561.994154 18950.686775
213.906509 19007.595775 18637.229750
214.951378 19038.182812 18795.893555
216.010740 18881.089757 18951.091290
217.033166 18868.327196 18932.643247
218.045464 18903.823142 18900.958932
219.049092 18703.206318 18903.580800
220.109359 19078.133280 18754.489701
221.205189 18699.054343 18948.318528
222.263026 19104.822208 18793.377427
223.298354 18900.215996 18996.652004
224.300020 18682.049403 18971.877184
225.300134 18861.988030 18777.949533
226.301493 18841.012708 18791.964645
227.304682 19075.920151 18800.746555
228.310348 18740.538832 18991.384631
229.311875 18768.786196 18856.301560
230.312524 18642.137768 18781.004865
231.375300 18562.821452 18645.315529
232.403118 18994.629520 18517.189184
233.403586 19093.345211 18788.390130
234.434812 19007.773532 19049.587218
235.532327 19687.073012 19126.946501
236.532840 19277.743178 19645.307511
237.533268 19352.831857 19607.932015
238.539756 19112.407657 19563.013567
239.540754 19415.445410 19307.690766
240.610326 18280.266450 19358.486902
241.630500 19124.273948 18546.740378
242.631206 18611.795236 18707.254257
243.638089 19065.786369 18507.407086
244.643605 18671.274834 18774.073887
245.652439 18473.063823 18684.451758
246.653908 19009.668152 18487.688203
247.684140 18843.365465 18788.103578
248.759600 18924.071842 18868.975393
249.759788 18476.196736 18963.538602
250.830226 19264.435658 18665.047187
251.830884 19062.376082 19059.768058
252.890954 18912.499202 19156.750711
253.891153 18402.019585 19069.240721
254.891401 18539.648366 18603.440633
255.962818 18990.045604 18423.406913
256.962960 18913.441766 18700.248345
257.982418 18649.960089 18853.665497
259.048819 18994.320584 18747.706882
260.049834 18231.809318 18928.561248
261.055053 18922.102262 18463.544816
262.058379 18735.453250 18690.822433
263.059404 19152.309407 18722.294440
264.059672 19574.033388 19053.962263
265.083256 18547.192800 19560.675947
266.104388 18959.467997 19047.241708
267.104625 19122.034230 18974.718759
268.127782 18724.791381 19056.569269
269.190581 19316.483264 18815.928627
270.192308 18864.928704 19116.592907
271.251886 19417.395820 18978.231717
272.272870 18961.486249 19295.075705
273.273043 19253.394890 19142.145549
274.383117 18588.543293 19239.447127
275.393653 18890.611608 18792.946159
276.394289 19007.077573 18745.146195
277.426258 18883.674563 18844.962040
278.446905 18993.374062 18842.846588
279.449849 19198.523745 18934.270480
280.469445 18815.456806 19148.620584
281.470244 18706.435698 18980.971222
282.555964 18872.477082 18774.002106
283.660242 20884.752128 18778.156984
284.752536 18418.975762 20313.020732
285.790778 18647.763701 19374.053181
286.791115 17970.669491 18837.391004
287.792001 19429.201537 18013.832433
288.796456 19141.254634 18685.161446
289.799128 19631.666629 18990.875798
290.876042 19284.968675 19549.136679
291.876336 19282.684544 19588.876142
292.942685 18718.866471 19531.055908
293.974600 18848.476613 19017.189395
294.994360 18793.851750 18782.883014
296.025379 18766.584610 18641.159576
297.032662 19302.397810 18588.020546
298.091104 18544.644103 19007.951947
299.091473 18493.510756 18723.213833
300.171398 18939.120884 18497.852333
301.190862 18792.305721 18718.293785
302.191405 18543.382233 18773.609913
303.202766 19045.901421 18619.249313
304.261022 19010.596792 18899.991634
305.357929 18920.931067 19050.361769
306.406534 18712.717652 19048.356299
307.462063 19310.412070 18859.337194
308.462274 19112.453266 19176.443570
309.462622 18883.384125 19220.019780
310.492096 18587.910394 19043.114400
311.492675 18940.152287 18693.123843
312.494071 18988.935970 18756.006623
313.494255 19101.889180 18870.072191
314.494300 19535.351267 19041.535827
315.541136 19275.076679 19467.452549
316.542273 18737.571252 19502.179648
317.545098 18876.460214 19059.638385
318.545908 19138.504522 18862.017692
319.546189 19197.082695 18963.351207
320.546748 19309.737018 19101.739923
321.550915 18686.088563 19279.260716
322.551171 18802.033926 18907.903847
323.656960 19158.083672 18753.730613
324.700000 18986.766560 18955.757135
325.740670 18655.160848 18978.864195
326.853619 19004.171955 18743.689033
327.855491 19562.393234 18865.727736
328.857628 18435.603708 19380.024101
329.933199 18694.047033 18837.672422
330.933847 18984.783410 18659.811898
331.941389 18909.932957 18797.492702
332.942805 18960.134361 18857.017942
334.088447 18987.839590 18937.660368
335.111258 19131.197124 19004.379001
336.111333 18718.901260 19141.121615
337.111941 19399.134178 18897.789902
338.166317 18396.787751 19241.576573
339.199250 19186.347774 18701.099490
340.201591 18970.388345 18946.953030
341.280282 18807.957172 18967.758915
342.280515 18948.190388 18856.995835
343.289152 19115.531554 18894.529541
344.311433 19625.934644 19052.217481
345.335951 18822.725264 19529.692286
346.336241 19119.019734 19190.083243
347.337481 18352.064829 19150.660080
348.405307 16738.414554 18547.822233
349.447183 19914.883749 16987.226252
350.506424 19086.854195 18527.077234
351.536231 18601.696488 19022.932188
352.596106 19467.693806 18922.971886
353.596401 18448.759396 19442.170874
354.645461 18377.260140 18943.950294
355.656455 18698.386684 18517.417837
356.657353 18807.297071 18509.957092
357.675910 18863.909163 18635.016908
358.677518 19478.020954 18783.075926
359.680180 19308.986525 19337.897587
360.680388 18675.670575 19523.563438
361.732003 18714.529399 19087.765172
362.857142 18998.237027 18795.986508
363.861892 18510.196558 18842.513619
364.934573 18529.182610 18538.677676
365.959553 18411.653625 18393.878963
366.959598 19048.467703 18267.158780
367.976035 18126.013871 18717.532958
368.976722 19262.913902 18333.613359
369.976848 19085.565795 18942.428711
370.977088 18684.541527 19193.946604
372.012805 19169.198395 18991.842148
373.106489 19173.816132 19177.457415
374.107120 19161.231700 19271.663597
375.221218 18952.529417 19284.866497
376.292263 18997.073177 19104.032536
377.366006 19031.801381 19009.147595
378.390513 19316.992310 18984.732674
379.419967 18742.441205 19198.185587
380.433564 19134.474241 18903.700395
381.437097 19067.144630 19010.167779
382.462584 18795.910579 19043.980878
383.516637 19351.292962 18863.252827
384.542320 19268.876795 19172.590027
385.554843 19232.948391 19310.122235
386.556090 19597.151256 19341.630677
387.565219 19115.635150 19603.366474
388.698622 19360.881235 19371.543489
389.700913 19149.242670 19375.589475
390.725735 19011.425884 19215.206485
391.726242 18920.298791 19015.161447
392.836364 18966.829805 18845.859717
393.886330 18940.682440 18814.716881
394.901689 18078.829852 18817.563171
395.906898 18679.082949 18203.376691
396.908566 18848.820755 18315.336565
397.922257 17997.996324 18589.556452
398.998020 19740.287159 18153.364148
400.008662 18731.176650 19203.144167
401.013102 19125.059559 19105.487042
402.039561 19778.599203 19258.493064
403.107304 19349.732780 19791.792431
404.122331 19282.874262 19733.493991
405.123330 18780.929621 19558.260579
406.127132 18902.072777 19025.338813
407.134034 19121.880025 18788.633000
408.137048 18994.825990 18863.495473
409.138243 19454.637189 18870.232321
410.181430 18325.993219 19249.607562
411.210538 18915.826117 18644.069612
412.233897 19291.132635 18704.156212
413.236921 18363.933165 19068.596877
414.255021 18768.665541 18611.051547
415.352605 19110.362603 18624.048568
416.409838 18715.574425 18922.974119
417.424151 18891.358908 18823.192881
418.438202 19010.836226 18878.236011
419.519362 18733.760927 18998.646288
420.627291 18992.654490 18854.092438
421.627720 18827.794384 18945.902806
422.628600 19563.084757 18879.850832
423.628797 19348.581990 19385.278513
424.740918 18804.124887 19521.566839
425.816999 19234.827705 19138.121962
426.839848 18720.939891 19185.927369
427.854360 18983.504874 18836.639295
428.878659 19151.230625 18829.994145
429.879346 18660.761029 18990.843565
430.880341 18966.721802 18743.512844
431.918834 19257.339052 18828.630109
432.976847 19218.937143 19123.674602
434.037769 17981.289652 19275.811530
435.107363 18610.819316 18409.425779
436.107879 19607.454693 18341.346119
437.132061 19039.115510 19122.151121
438.137198 19106.804370 19207.625128
439.184336 18397.695980 19259.001372
440.220360 18736.296175 18714.808951
441.220547 19202.945293 18617.384644
442.316886 18772.303893 18948.387212
443.317278 18513.231569 18854.546966
444.329145 18721.381183 18592.761831
445.329308 18667.109149 18598.098909
446.329606 18943.102522 18590.883991
447.330898 19103.673601 18813.327852
448.362017 19164.369405 19077.421758
449.399450 18943.609519 19261.553525
450.459392 19683.540853 19163.753464
451.475723 19242.598239 19614.765948
452.596967 18750.922214 19526.758956
453.667958 18772.211738 19042.958262
454.668426 19220.450482 18744.016046
455.728369 18875.789208 18937.772919
456.790735 18688.472068 18846.824791
457.790741 18773.361379 18668.103976
458.843830 18289.617592 18647.502574
459.845123 18986.000212 18305.858735
460.845420 19319.198623 18653.263495
461.845815 19068.042888 19160.048862
462.868250 18816.544910 19264.862184
463.912687 18863.093795 19079.440538
464.913218 19038.129101 18955.917472
465.914625 18272.271720 19002.226499
466.945771 19102.001603 18459.963627
467.946794 19027.706701 18764.206627
468.947551 18547.823437 18945.055694
469.947991 19140.059448 18696.230531
470.955019 18609.142465 18978.893185
472.027230 19133.407884 18762.328340
473.122048 19080.420590 19008.948513
474.263264 19282.162181 19123.632972
475.302264 19044.662234 19321.478299
476.302994 18355.651682 19232.446973
477.405174 18800.063837 18624.227211
478.449708 18979.506082 18586.282565
479.451587 18492.681058 18755.337243
480.490453 18629.432967 18530.788024
481.491020 19459.158178 18511.550604
482.837624 18759.673193 19153.696394
483.842776 18279.928754 19026.520996
484.860100 18376.244838 18536.413017
485.861513 18587.786047 18299.475025
486.868352 18862.566804 18358.854389
487.873593 18726.397004 18651.862553
488.933442 19086.349511 18748.915348
489.934179 19173.414565 19061.776540
490.981522 19109.853899 19289.649169
491.981527 18755.120120 19326.856333
493.059029 18910.330821 19025.158972
494.119762 18552.566557 18923.208605
495.128215 18879.076014 18600.690777
496.128723 19130.050165 18672.282901
497.842636 18537.142014 18948.007854
498.927184 20228.076892 18686.699795
499.945032 19208.155738 19786.857479
500.945811 19408.519932 19682.300309
501.992058 18899.928187 19661.758726
502.992485 18775.611604 19206.734428
503.994164 18660.266491 18809.283281
504.994211 19204.070618 18515.630954
506.018930 18857.042277 18812.816770
507.065534 18473.895334 18798.951884
508.138076 18601.395110 18519.181832
509.144874 19537.033371 18463.600014
510.145205 18479.815103 19171.986575
511.147095 18722.661664 18824.527853
512.147892 18236.218700 18746.755225
513.219890 18528.887111 18337.013298
514.246430 19269.480971 18326.444993
515.308035 18797.525625 18927.216765
516.403066 19305.158146 18959.202193
517.403141 19284.642100 19315.500156
518.403378 19192.249699 19475.676601
519.417098 18263.963177 19438.711897
520.430901 18811.934207 18662.399104
521.445481 18707.798684 18585.611999
522.445876 18616.631541 18525.697355
523.445979 19239.953114 18472.890009
524.514046 18929.259104 18949.912898
525.514180 18511.514244 19027.913890
526.516388 19458.373609 18728.942044
527.516675 18954.334821 19235.243695
528.517229 18957.217605 19166.147907
529.615228 18887.010831 19080.808830
530.634512 19491.511426 18954.586405
531.645093 19554.634879 19327.956745
532.671509 19052.329065 19602.873175
533.671816 18940.564486 19351.542455
534.806358 19546.668509 19067.250313
535.806660 19145.971766 19348.010803
536.812069 18927.316169 19237.532917
537.813271 19564.067787 18995.411989
538.888268 18955.459275 19334.891283
539.888283 19359.014373 19105.468672
540.923867 19350.618470 19255.921341
541.960920 19133.014278 19350.624006
542.980582 18997.416421 19234.770811
544.120832 18941.720601 19049.706687
545.151413 18702.182590 18902.330194
546.151947 18946.745129 18658.836041
547.185305 18663.071437 18731.347506
548.186178 18845.776416 18608.697376
549.229927 19167.068860 18697.994560
550.257784 18726.221677 19020.557949
551.258583 18823.646516 18887.831984
552.258810 19395.021775 18854.135054
553.259065 17984.321926 19258.195899
554.334839 19202.674513 18436.407903
555.336746 17978.344734 18826.256852
556.362206 19074.337463 18197.038407
557.465528 19026.428975 18649.750312
558.472595 18455.655602 18946.321687
559.481209 18639.260203 18686.554167
560.482077 18769.173288 18636.649216
561.482110 19142.692795 18709.784301
562.501326 19541.130413 19041.338720
563.503294 20033.706004 19531.282662
564.622656 18913.324353 20148.148264
565.735558 19149.310223 19587.684262
566.735781 19251.699107 19315.851686
567.794066 19340.263930 19215.091696
568.794717 18761.082510 19240.287170
569.834581 19131.089452 18843.493032
570.839339 19059.524626 18901.998539
571.839795 18905.339928 18934.850401
572.840572 18751.748935 18866.806366
573.841149 18247.050818 18727.224493
574.862057 18897.012019 18285.041080
575.864588 19279.995011 18541.922708
576.864720 19039.899401 19046.373094
577.868806 18736.655471 19176.932059
578.868889 18648.063182 18980.520429
579.869261 19457.856455 18754.904158
580.870423 18496.165838 19222.730733
581.897649 19675.146187 18794.157489
582.906173 18962.118497 19389.608215
583.906360 18965.217273 19223.947304
584.934799 19281.543044 19077.983729
585.934959 18724.306116 19214.054656
586.935899 18911.255390 18881.034520
587.955206 18615.541329 18815.554307
588.971267 18737.722372 18584.953925
589.972841 18984.492385 18568.936368
590.978610 19248.581497 18788.201600
592.065434 18889.729507 19144.973746
593.065787 18871.638089 19080.122764
594.106446 18935.694991 18986.530396
595.107140 19503.146949 18959.053811
596.107998 19327.235895 19365.064782
597.108082 19002.286026 19470.657519
598.108322 19146.060374 19243.886079
599.181330 18808.308921 19177.931108
600.243337 18916.901491 18883.672348
601.244589 19034.496308 18799.146539
602.245124 18505.271181 18874.518485
603.376699 18746.882200 18555.280069
604.440583 19051.451859 18564.366903
605.442212 18617.764509 18842.966389
606.608912 19096.381322 18709.121987
607.609321 18849.236000 18978.323026
608.695483 18764.752248 18957.079128
609.695716 18963.631376 18856.133583
610.729650 18332.567806 18931.974823
611.729653 18392.570827 18504.511903
612.738613 19054.458542 18292.796685
613.838474 18324.966341 18708.298398
614.849207 19749.562027 18455.470139
615.854122 18820.492832 19364.876825
616.926644 19327.812649 19218.949572
617.943175 18588.105204 19426.861624
618.948479 18914.710851 18951.274821
619.960515 18695.909130 18867.643252
621.031465 18929.385069 18673.493076
622.036911 19326.510440 18757.128956
623.039289 18152.830636 19139.854952
624.108504 19182.197753 18497.621969
625.109690 18915.046863 18862.332982
626.128799 18909.139434 18924.291514
627.175644 19065.539718 18948.529046
628.180311 18514.716539 19068.100621
629.284770 19084.562877 18714.128799
630.298073 19056.896417 18914.674576
631.298199 18563.405668 19036.669695
632.299234 19236.355977 18732.605873
633.358336 18897.061282 19042.986643
634.385892 18813.652989 18992.048340
635.444364 18351.196581 18880.276204
636.445176 18755.754430 18460.892027
637.477700 19135.163018 18527.194464
638.477860 19282.881106 18902.042114
639.478188 19224.258693 19258.534732
640.478781 19205.922628 19398.900824
641.479239 19360.833698 19411.671289
642.487500 18500.147245 19482.802659
643.495795 18563.998637 18842.361263
644.557494 19114.928213 18484.475605
645.631564 18785.843782 18738.610716
646.688296 18937.191669 18712.944322
647.732391 18791.683088 18831.846906
648.732799 19140.135540 18808.502953
649.755688 19001.947791 19053.965349
650.756052 18911.284311 19094.598283
651.770836 19444.026130 19023.754517
652.770905 17968.985319 19359.771447
653.801555 18551.677212 18442.562974
654.933501 19263.702194 18302.583244
655.933728 18691.194593 18828.885607
656.943459 17925.957053 18771.360235
658.099138 19320.963872 18148.627983
659.156356 19012.911605 18827.849239
660.157488 18783.382144 19059.699325
661.164697 19003.247543 18991.780342
662.183915 18581.338733 19070.620351
663.185009 19369.007814 18776.765545
664.245469 19629.234338 19171.733250
665.323014 18790.000110 19613.705636
666.360844 19787.457518 19209.148334
667.399081 19466.362120 19650.175683
668.501227 19575.972336 19664.188268
669.501264 18402.391515 19703.945685
670.530886 18615.094485 18811.645441
671.558453 19619.984906 18422.709065
672.682700 18509.709841 19030.005047
673.722635 18766.433865 18648.441705
674.820982 18649.813829 18615.520085
675.821151 18660.898669 18549.322694
676.959377 19517.197182 18549.660412
678.051700 18475.429296 19219.862720
679.052222 18618.070132 18847.971575
680.183984 19263.598315 18675.871059
681.185798 18899.763893 19059.516708
682.186112 18821.932144 19029.484117
683.293350 17995.911682 18923.663954
684.414730 19492.151786 18225.805573
685.456378 18839.831596 18941.582989
686.456395 19184.893926 18947.873753
687.456727 18982.829840 19182.805343
688.457040 19281.600836 19149.245220
689.582489 18683.444969 19314.939560
690.724514 19302.597455 18940.835149
691.801846 19105.882210 19153.799763
692.875020 18325.668235 19149.945059
694.009616 18930.005004 18551.841514
695.010155 18666.554381 18649.498998
696.057966 19340.865064 18570.866274
697.134719 18675.354994 19061.204951
698.165431 18720.745819 18877.156766
699.286956 18720.979268 18768.725348
700.472679 18699.424622 18702.689844
701.637353 18661.233195 18658.078464
702.645654 18780.663697 18617.465743
703.743376 18837.445730 18697.674122
704.791104 19223.715998 18801.112230
705.791408 19494.253267 19151.617360
706.910128 18951.346679 19547.797536
708.056219 18562.598594 19325.321616
709.259352 18617.824666 18829.028858
710.440151 18793.447165 18555.694467
711.440867 19188.418710 18566.276696
712.464034 18843.210426 18924.589086
713.622868 18613.146221 18910.796474
714.766130 19182.658263 18714.455502
715.766509 19796.097219 19018.091727
716.846510 19187.934048 19671.130691
717.847078 18421.033952 19572.769427
718.949704 18524.039449 18852.204877
720.085912 19220.025195 18461.383995
721.086712 18738.323706 18803.626726
722.173454 18776.084175 18717.571593
723.314908 18122.846973 18708.052406
724.315367 19085.144555 18230.372853
725.316763 20004.238168 18686.374793
726.327196 19104.703901 19703.388413
727.356113 19441.321743 19612.456962
728.398807 21055.087866 19692.516352
729.513574 19079.358745 20880.071987
730.538945 18234.958264 20035.806934
731.539080 18515.931639 18741.261999
732.624748 18423.356046 18178.143630
733.717435 18561.586461 17911.599752
734.804164 18538.590274 18009.939698
735.814082 19382.306718 18179.774221
736.959864 18771.408663 18987.182829
738.000609 18976.308346 19031.494564
739.067313 18585.251020 19142.303719
740.067560 19167.485532 18862.916459
741.207905 18959.439767 19090.482352
742.208274 18711.588764 19067.481771
743.305940 18384.402833 18843.082726
744.399765 18982.327134 18452.620266
745.551816 18609.776510 18688.777903
746.587721 18707.059337 18600.831061
747.723346 18599.645122 18632.056123
748.723471 19118.389707 18585.858796
749.726731 18717.130666 18955.265153
750.733615 19157.479497 18879.805189
751.733656 18548.861925 19131.668200
752.842479 19507.507634 18807.589350
753.974513 18944.928079 19299.852351
755.087905 19138.540715 19175.963006
756.088802 19562.365639 19201.469079
757.213523 18908.371081 19516.358717
758.410275 19423.569482 19194.809348
759.565143 18736.227600 19348.823898
760.680446 18425.430496 18929.011157
761.798278 19267.977419 18437.811069
762.913104 19148.185876 18821.026075
763.913523 18976.684645 19034.527756
765.052914 18048.780030 19041.067203
766.118563 18933.968610 18332.312827
767.146384 19656.242122 18570.943874
768.146853 18492.314240 19322.720716
769.207925 19213.281618 18909.043576
770.312769 19243.718384 19138.748206
771.322961 18587.557669 19295.061448
772.394607 18925.536394 18868.261767
773.411667 19216.857021 18838.169946
774.547625 18675.214700 19063.456117
775.572920 19148.454650 18808.217688
776.574463 18471.757494 19002.277689
777.702918 18777.727769 18628.329063
778.757842 19136.654475 18631.689563
779.758250 19213.835083 18939.074395
780.845368 18718.346418 19200.047287
781.845587 19464.552342 18962.364183
782.879506 17505.127239 19342.172633
783.926663 18984.508960 18093.102957
785.025967 18546.000258 18431.110481
786.082330 18498.321453 18409.582336
787.237490 18873.373575 18397.163640
788.374021 18451.142933 18697.532837
789.414505 18811.698732 18575.004638
790.499321 19304.384321 18753.191962
791.629744 19576.990914 19226.426508
792.702048 18781.896312 19686.988179
793.702451 18709.920641 19293.448747
794.779842 18277.159636 18914.809168
795.959727 18772.731656 18349.696494
796.959870 18661.754614 18420.684957
798.074280 18470.958954 18460.958082
799.078486 18616.014939 18388.197032
800.114422 19303.393365 18481.298977
801.114900 19010.471228 19077.062759
802.117981 18369.180587 19211.835699
803.168373 19005.918142 18747.913071
804.185383 19310.863629 18898.821802
805.270611 18673.365617 19229.759367
806.274616 18604.234197 18937.380707
807.298816 18543.490381 18673.339039
808.355261 19262.577638 18478.484133
809.355283 18657.707701 18936.623684
810.484632 18900.170881 18793.529495
811.618063 18923.134326 18869.874338
812.747755 19205.169264 18932.843478
813.939714 18438.715126 19173.426964
814.939927 19193.874943 18726.813678
816.105960 19330.412808 18997.852260
817.173861 18990.758008 19284.780621
818.174675 18516.191660 19184.911748
819.223685 18935.172783 18730.514116
820.390222 19388.733634 18763.970528
821.390839 19294.448269 19163.669936
822.410850 18903.715251 19349.071541
823.608765 18959.714095 19135.066762
824.609796 18815.293993 19012.225628
825.761093 18447.215636 18829.362101
826.871097 19305.128963 18458.354543
828.013215 19141.111491 18913.501033
829.194586 18823.026220 19115.968156
830.247484 18830.355428 18984.923598
831.248110 18836.939932 18884.423881
832.256701 19070.857408 18825.595287
833.353790 21433.843914 18974.455258
834.423970 19651.579671 20845.225661
835.529009 18990.345928 20591.067243
836.633904 18198.886808 19733.190834
837.731443 19428.868703 18524.947063
838.778979 19189.693398 18761.796535
839.884596 18494.301155 18867.607834
840.969090 17949.818169 18479.490693
842.088716 18449.119517 17880.772498
843.183052 19567.021920 17973.150829
844.388016 19227.114441 18976.758969
845.564073 18824.933285 19371.198168
846.565374 18912.610420 19230.760968
847.587498 19349.203363 19124.843299
848.590263 19264.642826 19346.270952
849.722826 19728.308931 19394.297478
850.723000 19750.511257 19733.646657
851.723521 18913.086559 19918.638559
852.724079 19011.895221 19341.034161
853.727342 18893.159380 19019.351559
854.788702 19218.234980 18767.594292
855.798482 18855.958745 18916.913631
856.799928 18849.298920 18795.196461
857.872167 20128.552217 18744.533579
859.005371 18341.923849 19704.833446
860.126570 19058.040408 18950.941796
861.127621 19568.783803 18958.828903
862.225309 18499.387446 19370.632880
863.230335 19168.956717 18824.025331
864.307071 19312.911255 18971.739038
865.459974 18879.516369 19202.866215
866.462895 18871.343961 19020.894899
867.520687 19172.380812 18888.435302
868.668783 19305.127296 19043.710307
869.748024 19047.946638 19253.075299
870.751032 18112.242457 19177.885300
871.870657 18762.134805 18406.027499
872.873768 18473.315592 18434.071600
873.973450 19429.818997 18313.495042
875.047037 18623.304824 19010.539454
876.047113 19049.369908 18858.995916
877.050294 19308.872751 19043.850187
878.206816 18461.014587 19332.284385
879.206949 19084.958999 18834.754953
880.219587 18646.015183 18960.513454
881.236245 19588.206459 18725.296229
882.875003 18458.950418 19294.510812
884.001400 18945.571877 18805.599985
885.160092 19638.445144 18839.448273
886.180642 18560.005629 19402.558269
887.265274 18427.200457 18934.255349
888.353258 18736.163135 18506.937580
889.479139 19034.518624 18505.066423
890.481497 19291.614715 18785.671639
891.564005 19513.651707 19181.008062
