# AndroidClient mimuroto
63.108249 0.099913 6405.564612 5120
65.531385 2.373135 10787.416443 5120
68.200008 2.668623 9592.962905 5120
71.508154 3.308147 7738.472157 5120
75.320542 3.812388 6714.951613 5120
78.533085 3.212543 7968.763787 5120
81.743456 3.210370 7974.157669 5120
85.818982 2.660733 9621.409521 5120
90.498361 2.340112 10939.648418 5120
96.726551 3.568301 7174.281797 5120
103.881810 5.723561 4472.740156 5120
109.669931 5.788121 4422.851665 5120
115.389955 5.720024 4475.505650 5120
121.043500 5.653545 4528.132301 5120
127.250913 6.207413 4124.101443 5120
134.447945 7.197032 3557.021907 5120
141.556037 7.108093 3601.528743 5120
148.702340 7.146303 3582.271839 5120
155.761209 7.008869 3652.515365 5120
164.428262 8.617053 2970.853115 5120
173.138893 8.660630 2955.904985 4864
181.264699 8.075807 3011.463832 4864
189.264480 7.949780 3059.204075 4608
196.874951 7.560472 3047.428816 4608
204.580378 7.655427 3009.629667 4352
211.762819 7.132441 3050.849003 4352
219.138713 7.325894 2970.285907 4352
226.399806 7.211093 3017.573143 4096
233.222369 6.772563 3023.966036 4096
240.120981 6.848612 2990.387140 4096
246.905068 6.734087 3041.243612 4096
253.831988 6.876921 2978.077140 4096
260.524923 6.642935 3082.974795 4096
267.282554 6.707631 3053.238919 3840
273.702400 6.369846 3014.201615 3840
280.059191 6.306791 3044.337469 3840
286.378057 6.268866 3062.754715 3840
292.728393 6.300335 3047.456841 3840
299.124494 6.346101 3025.479543 3840
305.540772 6.366278 3015.890728 3840
311.851362 6.260589 3066.804052 3840
318.051505 6.150143 3121.878413 3840
324.364549 6.263044 3065.601898 3584
330.443188 6.028639 2972.478491 3584
336.108326 5.615138 3191.373060 3584
341.978264 5.819938 3079.070550 3584
347.955822 5.927558 3023.167299 3584
353.863368 5.857546 3059.301779 3584
359.665406 5.752038 3115.417743 3584
365.482594 5.767188 3107.233394 3584
371.604660 6.072066 2951.219606 3584
377.541031 5.886371 3044.320429 3584
383.398575 5.807544 3085.641848 3584
389.229419 5.780844 3099.893481 3584
395.232908 5.953489 3009.999508 3584
401.206921 5.924013 3024.976574 3584
407.091532 5.834611 3071.327122 3584
413.044966 5.903434 3035.521464 3584
418.956299 5.861334 3057.324736 3584
424.860614 5.854314 3060.990360 3584
430.819421 5.908807 3032.761158 3584
436.719943 5.850523 3062.974199 3584
442.542557 5.772614 3104.312894 3584
448.408773 5.816215 3081.041418 3328
453.823332 5.364559 3101.839211 3328
459.268252 5.394920 3084.383229 3328
464.918761 5.600510 2971.158136 3328
470.448800 5.480039 3036.474963 3328
475.816382 5.317582 3129.241607 3328
481.419171 5.552789 2996.692433 3328
486.894349 5.425178 3067.180457 3328
492.132437 5.188088 3207.347237 3328
497.842461 5.660024 2939.916703 3328
503.403433 5.510972 3019.431245 3328
508.853777 5.400344 3081.285056 3328
514.410755 5.506978 3021.620930 3328
519.874574 5.413819 3073.616020 3328
525.317465 5.392891 3085.543805 3328
530.768876 5.401411 3080.676503 3328
536.421051 5.602175 2970.274835 3328
541.944411 5.473360 3040.180036 3328
547.399605 5.405194 3078.520490 3328
552.956739 5.507135 3021.535018 3328
558.437446 5.430707 3064.057654 3328
564.112347 5.624901 2958.274473 3328
569.577750 5.415403 3072.716630 3328
575.096923 5.469172 3042.507863 3328
580.599839 5.452916 3051.578232 3328
585.965525 5.315686 3130.357713 3328
591.534815 5.519290 3014.880581 3328
597.000462 5.415647 3072.578461 3328
602.482675 5.432213 3063.208155 3328
607.879684 5.347008 3112.020646 3328
613.492719 5.563035 2991.172806 3328
619.083406 5.540687 3003.237480 3328
624.415925 5.282519 3150.012452 3328
629.951414 5.485489 3033.457974 3328
635.487673 5.486259 3033.032205 3328
640.828304 5.290631 3145.182508 3328
646.429475 5.551171 2997.565580 3328
651.945363 5.465887 3044.336365 3328
657.271243 5.275881 3153.975867 3328
662.853567 5.532324 3007.777503 3072
667.862083 4.958516 3097.700993 3072
672.973753 5.111670 3004.888964 3072
678.021967 4.998214 3073.097753 3072
683.051552 5.029584 3053.930241 3072
687.997044 4.895493 3137.579932 3072
693.205940 5.208895 2948.801745 3072
698.159582 4.903642 3132.365721 3072
703.012872 4.853290 3164.863551 3072
707.980753 4.967881 3091.861334 3072
713.144964 5.164211 2974.317028 3072
718.091131 4.946167 3105.434738 3072
722.916184 4.825053 3183.384458 2816
727.576637 4.660453 3021.165791 2816
732.115806 4.539169 3101.889023 2816
736.682586 4.566779 3083.135673 2816
741.327140 4.644554 3031.507598 2816
746.082376 4.755237 2960.946288 2816
750.517658 4.435282 3174.544240 2816
755.102680 4.585021 3070.868944 2816
759.829849 4.727169 2978.527029 2816
764.447803 4.617954 3048.969201 2816
768.927967 4.480165 3142.741606 2816
773.489119 4.561152 3086.939468 2816
778.195972 4.706852 2991.383476 2816
782.857209 4.661238 3020.656927 2816
787.303837 4.446627 3166.444809 2816
791.861205 4.557369 3089.502110 2816
796.667119 4.805914 2929.723872 2816
801.058620 4.391501 3206.193345 2816
805.764654 4.706035 2991.903172 2816
810.530567 4.765912 2954.313693 2816
815.038377 4.507810 3123.467771 2816
819.485018 4.446642 3166.434594 2816
824.226130 4.741112 2969.767618 2816
828.840087 4.613957 3051.610536 2816
833.268921 4.428834 3179.166650 2816
837.677788 4.408867 3193.564345 2816
842.826236 4.570296 3080.763298 2816
847.964228 4.708288 2990.471122 2816
852.721357 4.465418 3153.120559 2816
857.760315 4.504376 3125.849458 2816
862.726738 4.470798 3149.325990 2816
867.825364 4.569425 3081.350801 2816
872.933707 4.677767 3009.983295 2816
877.856564 4.600625 3060.454061 2816
882.696790 4.440850 3170.564030 2816
887.794010 4.538071 3102.640175 2816
892.848185 4.592245 3066.038252 2816
897.682292 4.426352 3180.948751 2816
902.637130 4.381190 3213.738570 2816
907.558453 4.302514 3272.505614 2816
912.672239 4.416299 3188.189664 2816
917.423535 4.167595 3378.447309 3072
921.512072 3.256133 4717.252685 3072
925.721727 2.465787 6229.248778 3072
931.468039 3.212099 4781.919928 3072
936.880101 3.624161 4238.221981 3072
941.889724 3.633784 4226.998321 3072
946.892778 3.636838 4223.448511 3072
951.909534 3.653594 4204.079880 3072
956.960252 3.704312 4146.519302 3072
961.937181 3.681241 4172.506045 3072
966.895023 3.639083 4220.843526 3072
971.747959 3.492019 4398.601574 3072
976.600029 3.344090 4593.178384 3072
980.895467 2.639527 5819.224841 3072
984.399940 1.144000 13426.573869 3072
989.135279 0.879340 17467.654199 3072
994.145683 0.889743 17263.416731 3072
999.146232 0.890292 17252.764933 3328
1004.219647 0.963707 17266.655666 3328
1009.210932 0.954992 17424.235581 3328
1014.246304 0.990364 16801.895683 3328
1019.219529 0.963589 17268.771154 3328
1024.209580 0.953640 17448.935809 3328
1029.215174 0.959234 17347.166524 3328
1034.207683 0.951744 17483.700166 3328
