# AndroidClient mimuroto
125.192946 0.182187 3512.870073 3328
129.898557 4.655611 3574.181853 3328
134.590414 4.641858 3584.771749 3328
139.282329 4.641915 3584.727337 3328
144.310534 4.670120 3563.077819 3328
149.283487 4.643073 3583.833370 3328
154.328463 4.688049 3549.451040 3328
160.027267 5.386853 3089.002036 3328
165.606206 5.578939 2982.646236 3328
171.175487 5.569281 2987.818448 3328
176.776387 5.600901 2970.950693 3072
181.923831 5.147444 2984.005495 3072
187.025524 5.101693 3010.765147 3072
192.130856 5.105332 3008.619404 3072
197.157061 5.026206 3055.983270 3072
202.103527 4.946466 3105.247573 3072
207.146067 5.042540 3046.084067 3072
212.126471 4.980404 3084.087102 3072
217.166445 5.039974 3047.634713 3072
222.239706 5.073261 3027.638378 3072
227.318387 5.078681 3024.407448 3072
232.434563 5.116177 3002.241893 3072
237.495486 5.060922 3035.019937 3072
242.472575 4.977089 3086.141021 3072
247.549036 5.076461 3025.729823 3072
252.589871 5.040835 3047.114341 3072
257.768310 5.178439 2966.144692 3072
262.881285 5.112975 3004.121972 3072
267.884869 5.003584 3069.799497 3072
272.942003 5.057134 3037.293433 3072
277.985057 5.043054 3045.773723 3072
283.102014 5.116957 3001.783963 3072
288.133372 5.031358 3052.853639 3072
293.279798 5.146426 2984.595633 3072
298.395419 5.115622 3002.567719 3072
303.410576 5.015156 3062.716087 3072
308.504352 5.093776 3015.444598 3072
313.463118 4.958766 3097.544807 3072
318.569626 5.106508 3007.926478 3072
323.553439 4.983813 3081.977777 3072
328.517976 4.964537 3093.943825 3072
333.428764 4.910788 3127.807833 3072
338.399782 4.971018 3089.910122 3072
343.454392 5.054610 3038.809926 3072
348.455820 5.001428 3071.122867 3072
353.483619 5.027798 3055.015144 3072
358.602735 5.119116 3000.518135 3072
363.429824 4.827090 3182.041502 3072
368.507923 5.078099 3024.754046 3072
373.565362 5.057439 3037.110227 3072
378.645221 5.079859 3023.705895 3072
383.569376 4.924154 3119.317343 3072
388.511358 4.941982 3108.064680 3072
393.482193 4.970835 3090.023946 3072
398.641469 5.159276 2977.161646 3072
403.630223 4.988753 3078.925500 3072
408.583099 4.952876 3101.228147 3072
413.569680 4.986581 3080.266944 3072
418.543652 4.973972 3088.075327 3072
423.369832 4.826180 3182.641608 3072
428.547100 5.177269 2966.815315 3072
433.640367 5.093267 3015.746291 3072
438.567792 4.927425 3117.246562 3072
443.469250 4.901458 3133.761536 3072
448.450069 4.980819 3083.830207 3072
453.431130 4.981061 3083.680254 3072
458.405312 4.974181 3087.945259 3072
463.430041 5.024729 3056.881297 3072
468.535732 5.105691 3008.407474 3072
473.452000 4.916267 3124.321507 3072
478.541407 5.089407 3018.033211 3072
483.565987 5.024580 3056.971694 3072
488.565897 4.999910 3072.055267 3072
493.500316 4.934419 3112.828792 3072
498.660427 5.160111 2976.680042 3072
503.717033 5.056606 3037.610667 3072
508.644883 4.927850 3116.977746 3072
513.638596 4.993713 3075.867797 3072
518.649583 5.010987 3065.264297 3072
523.704928 5.055345 3038.368050 3072
528.693017 4.988088 3079.335948 3072
533.923702 5.230686 2936.517534 3072
539.085954 5.162251 2975.445924 3072
544.013290 4.927336 3117.303081 3072
548.937320 4.924030 3119.396320 3072
554.001137 5.063817 3033.284720 3072
558.888957 4.887820 3142.505272 3072
564.031904 5.142947 2986.614511 3072
568.997875 4.965971 3093.050854 3072
574.067887 5.070012 3029.578621 3072
579.098646 5.030760 3053.216798 3072
584.071309 4.972663 3088.888412 3072
589.162911 5.091602 3016.732326 3072
594.255126 5.092215 3016.369356 3072
599.287467 5.032342 3052.257022 3072
604.264388 4.976921 3086.245369 3072
609.240694 4.976306 3086.627174 3072
614.243128 5.002434 3070.505214 3072
619.365664 5.122536 2998.514849 3072
624.343747 4.978083 3085.524823 3072
629.467069 5.123322 2998.054748 3072
634.480192 5.013122 3063.958643 2816
639.080232 4.600041 3060.842616 2816
643.804425 4.724193 2980.403358 2816
648.491102 4.686677 3004.260755 2816
653.117259 4.626157 3043.563079 2816
657.666664 4.549405 3094.909963 2816
662.304843 4.638179 3035.674312 2816
667.075904 4.771061 2951.125493 2816
671.807901 4.731997 2975.487879 2816
676.354104 4.546203 3097.090084 2816
680.910664 4.556559 3090.050849 2816
685.411259 4.500595 3128.474913 2816
689.970754 4.559495 3088.061374 2816
694.546480 4.575726 3077.107241 2816
699.182301 4.541887 3100.033151 2816
704.155734 4.515320 3118.273106 2816
709.406801 4.766387 2954.019528 2816
714.396966 4.756552 2960.127712 2816
719.128882 4.488468 3136.927966 2816
724.138715 4.498301 3130.071012 2816
729.370705 4.730291 2976.561123 2816
734.149235 4.508821 3122.767785 2816
739.281574 4.641160 3033.724156 2816
744.227936 4.587522 3069.195024 2816
749.186130 4.545716 3097.421801 2816
754.254578 4.614164 3051.473757 2816
759.355813 4.715399 2985.961365 2816
764.204146 4.563732 3085.194484 2816
769.221164 4.580750 3073.732677 2816
774.268252 4.627838 3042.457528 2816
779.493825 4.853411 2901.052573 2816
784.286422 4.646008 3030.558753 2816
789.142123 4.501709 3127.701305 2816
794.326991 4.686577 3004.324969 2816
799.264914 4.624500 3044.653334 2816
804.202677 4.562262 3086.188113 2816
809.465897 4.825483 2917.842673 2816
814.208441 4.568027 3082.293409 2816
819.239215 4.598801 3061.667739 2816
824.446623 4.806209 2929.543968 2816
829.277830 4.637416 3036.173861 2816
834.202264 4.561850 3086.467035 2816
839.056512 4.416098 3188.334936 2816
844.170248 4.529834 3108.281758 2816
849.290861 4.650447 3027.665839 2816
854.181940 4.541526 3100.279499 2816
859.194432 4.554018 3091.775023 2816
864.205152 4.564738 3084.514405 2816
869.295205 4.654791 3024.840732 2816
874.294002 4.653588 3025.622350 2816
879.153334 4.512920 3119.931057 2816
884.185452 4.545038 3097.883869 2816
889.288153 4.647739 3029.430058 2816
894.202445 4.562031 3086.344535 2816
898.977244 4.336830 3246.611037 2816
904.091920 4.451506 3162.974740 2816
909.026522 4.386108 3210.135016 2816
913.990493 4.350079 3236.723058 2816
918.581101 3.940687 3572.981194 2816
922.537174 2.896760 4860.602773 3072
927.358147 2.717732 5651.770640 3072
932.998791 3.358377 4573.638239 3072
938.301526 3.661112 4195.446630 3072
943.248772 3.608358 4256.783640 3072
948.312652 3.672238 4182.735709 3072
953.360079 3.719665 4129.404057 3072
958.349055 3.708641 4141.678619 3072
963.303045 3.662631 4193.706869 3072
968.309421 3.669007 4186.419221 3072
973.192250 3.551836 4324.524320 3072
978.044115 3.403701 4512.734374 3072
981.652539 2.012125 7633.720532 3072
985.535372 0.894958 17162.819774 3072
990.527357 0.886943 17317.904562 3072
995.525069 0.884655 17362.703983 3072
1000.520755 0.880341 17447.794346 3328
1005.599272 0.958858 17353.980350 3328
1010.595773 0.955359 17417.545349 3328
1015.595298 0.954884 17426.209583 3328
