# WEMAClient mimuroto
94.121058 0.109142 5863.913000 5120
97.983018 3.811960 6715.704000 5120
103.642977 5.659959 4523.000000 4352
108.518034 4.875057 4463.537000 4352
113.412673 4.894639 4445.680000 4352
118.373333 4.960660 4386.513000 4352
123.296857 4.923524 4419.598000 4352
129.002036 5.705179 3814.078000 3584
134.066537 5.064501 3538.354000 3328
138.786618 4.720082 3525.362000 3328
143.425934 4.639316 3586.735000 3584
148.350399 4.924465 3638.974000 3584
153.353451 5.003052 3581.813000 3328
158.295219 4.941768 3367.216000 3328
163.810315 5.515096 3017.173000 2816
168.546799 4.736484 2972.669000 2816
173.117619 4.570820 3080.409000 3072
178.216633 5.099014 3012.347000 2816
182.895582 4.678949 3009.222000 2816
187.501761 4.606179 3056.763000 2816
192.156622 4.654861 3024.795000 2816
196.868282 4.711661 2988.330000 2816
201.527307 4.659024 3022.091000 2816
206.188065 4.660759 3020.967000 2816
210.826309 4.638244 3035.631000 2816
215.497658 4.671348 3014.119000 2816
220.134760 4.637102 3036.378000 2816
224.744153 4.609393 3054.632000 2816
229.356857 4.612704 3052.439000 2816
233.965615 4.608758 3055.052000 2816
238.589317 4.623702 3045.179000 2816
243.197784 4.608467 3055.245000 2816
247.747217 4.549433 3094.891000 3072
252.751049 5.003832 3069.647000 2816
257.339623 4.588575 3068.491000 2816
261.941940 4.602316 3059.328000 2816
266.568648 4.626708 3043.200000 2816
271.163583 4.594936 3064.243000 2816
275.771778 4.608194 3055.426000 2816
280.386372 4.614595 3051.188000 2816
285.026392 4.640020 3034.469000 2816
289.655979 4.629587 3041.308000 2816
294.236208 4.580229 3074.082000 3072
299.217531 4.981323 3083.518000 3072
304.281780 5.064249 3033.025000 2816
308.986536 4.704756 2992.716000 2816
313.822883 4.651825 3026.769000 2816
318.854905 4.683847 3006.075000 2816
323.760494 4.589436 3067.914000 2816
328.775104 4.604046 3058.179000 2816
333.891908 4.720850 2982.513000 2816
338.790495 4.619437 3047.990000 2816
343.660015 4.488957 3136.586000 3072
349.370944 5.199886 2953.910000 2816
354.022057 4.651112 3027.232000 2816
358.766701 4.595643 3063.771000 2816
363.678812 4.507754 3123.506000 3072
369.295108 5.124050 2997.628000 2816
374.088650 4.793542 2937.285000 2816
378.848779 4.677721 3010.012000 2816
383.856446 4.685388 3005.087000 2816
388.750988 4.579930 3074.282000 3072
394.196178 5.025120 3056.643000 2816
398.874477 4.678299 3009.640000 2816
403.835360 4.664302 3018.672000 2816
408.802397 4.631339 3040.157000 2816
413.846334 4.675276 3011.586000 2816
418.731737 4.560679 3087.259000 3072
424.251358 5.080300 3023.443000 2816
429.086280 4.834922 2912.146000 2816
433.880616 4.709558 2989.665000 2816
438.822570 4.651512 3026.972000 2816
443.786838 4.615780 3050.405000 2816
448.850406 4.679348 3008.966000 2816
453.746730 4.575672 3077.143000 3072
459.325630 5.154572 2979.878000 2816
463.918486 4.592856 3065.630000 2816
468.769736 4.598678 3061.749000 2816
473.864471 4.693413 2999.949000 2816
478.868153 4.697095 2997.597000 2816
483.806864 4.635806 3037.228000 2816
488.712773 4.541715 3100.150000 3072
494.208109 5.037051 3049.403000 2816
498.950710 4.742601 2968.835000 2816
503.732244 4.561186 3086.916000 3072
509.126384 4.955326 3099.695000 3072
514.251132 5.080074 3023.577000 2816
518.914600 4.663468 3019.212000 2816
523.689233 4.518175 3116.302000 3072
529.139164 4.968106 3091.721000 3072
534.459704 5.288646 2904.335000 2816
539.063741 4.604038 3058.185000 2816
543.708330 4.537273 3103.185000 3072
549.210708 5.039650 3047.830000 2816
553.792843 4.582135 3072.803000 3072
559.178890 5.007832 3067.195000 2816
563.831517 4.652628 3026.246000 2816
568.803220 4.632162 3039.617000 2816
573.899748 4.728690 2977.569000 2816
578.895658 4.724600 2980.146000 2816
583.772605 4.601547 3059.840000 2816
588.871280 4.700222 2995.603000 2816
593.912407 4.741349 2969.619000 2816
598.895724 4.724666 2980.104000 2816
603.812012 4.640954 3033.859000 2816
608.816623 4.645565 3030.847000 2816
613.819119 4.648061 3029.220000 2816
618.903849 4.732791 2974.988000 2816
623.778278 4.607220 3056.073000 2816
628.843517 4.672459 3013.402000 2816
633.843756 4.672698 3013.248000 2816
638.742284 4.571226 3080.136000 3072
644.285307 5.114249 3003.373000 2816
648.927956 4.642649 3032.751000 2816
653.748194 4.577136 3076.159000 3072
659.143656 4.972599 3088.928000 3072
664.371251 5.200193 2953.736000 2816
669.121809 4.750558 2963.862000 2816
673.841625 4.670567 3014.623000 2816
678.861563 4.690505 3001.808000 2816
683.710651 4.539593 3101.599000 3072
689.193060 5.022002 3058.540000 2816
693.808229 4.615169 3050.809000 2816
698.771553 4.600495 3060.540000 2816
703.712025 4.540967 3100.660000 3072
709.191679 5.020621 3059.382000 2816
713.807987 4.616308 3050.056000 2816
718.777731 4.606673 3056.435000 2816
723.825968 4.654910 3024.763000 2816
728.851260 4.680202 3008.416000 2816
733.611491 4.440433 3170.861000 3072
739.283051 5.111993 3004.699000 2816
743.942948 4.659897 3021.526000 2816
748.691251 4.520193 3114.911000 3072
754.132398 4.961340 3095.937000 3072
759.257459 5.086401 3019.816000 2816
763.924251 4.666791 3017.062000 2816
768.688005 4.516947 3117.149000 3072
774.101166 4.930108 3115.550000 3072
779.284762 5.113704 3003.693000 2816
783.907973 4.623211 3045.502000 2816
788.716507 4.545449 3097.603000 3072
794.175988 5.004930 3068.973000 2816
798.752217 4.576229 3076.769000 3072
804.165860 4.994802 3075.197000 3072
809.317855 5.146797 2984.380000 2816
813.876924 4.559069 3088.349000 3072
819.073093 4.902035 3133.392000 3072
824.285786 5.114728 3003.091000 2816
828.908235 4.622449 3046.004000 2816
833.730907 4.559849 3087.821000 3072
839.003283 4.832225 3178.659000 3072
844.230391 5.059333 3035.973000 2816
848.732974 4.502582 3127.094000 3072
854.049832 4.878774 3148.331000 3072
859.065950 4.894892 3137.964000 3072
864.007888 4.836830 3175.633000 3072
869.245901 5.074843 3026.694000 2816
873.885415 4.639513 3034.801000 2816
878.721819 4.550761 3093.988000 3072
884.032924 4.861866 3159.281000 3072
889.030850 4.859792 3160.629000 3072
894.166834 4.995776 3074.597000 3072
899.041226 4.870168 3153.895000 3072
903.977976 4.806918 3195.394000 3072
908.983307 4.812249 3191.854000 3072
913.879229 4.708171 3262.413000 3072
918.583258 4.412200 3481.256000 3328
922.462863 3.291805 5054.977000 4864
928.219970 4.048912 6006.552000 5120
934.669304 5.498246 4656.030000 4608
940.086806 5.417502 4252.882000 4096
944.816230 4.729424 4330.337000 4096
949.590609 4.774380 4289.562000 4096
954.436487 4.845878 4226.272000 4096
959.348402 4.911914 4169.453000 4096
964.138146 4.789744 4275.802000 4096
968.989020 4.817962 4250.759000 4096
973.803845 4.632787 4420.665000 4352
978.950703 4.779645 4552.639000 4352
