# AndroidClient mimuroto
1.089551 0.084288 7593.044455 5120
2.603494 1.463944 17487.011681 5120
4.076193 1.472699 17383.045827 5120
5.553812 1.477618 17325.175612 5120
7.622474 1.482924 17263.190831 5120
12.621851 1.482301 17270.446421 5120
17.620338 1.480787 17288.102285 5120
22.611715 1.472165 17389.359071 5120
27.611842 1.472291 17387.866937 5120
33.158189 2.018638 12681.817593 5120
38.999037 2.859486 8952.657540 5120
43.073116 1.933565 13239.792382 5120
48.091231 1.951681 13116.898099 5120
53.040774 1.901224 13465.011601 5120
58.112508 1.972958 12975.443156 5120
63.076219 1.936668 13218.577074 5120
69.956735 3.817185 6706.513096 5120
75.009484 3.869933 6615.100961 5120
79.953960 3.814409 6711.392978 5120
83.910415 2.770865 9238.993659 5120
88.083642 1.944092 13168.101146 5120
93.052724 1.913173 13380.910225 5120
101.012950 4.873400 5253.006603 5120
106.986943 5.847393 4378.019707 5120
112.757397 5.770454 4436.392717 5120
118.530517 5.773120 4434.343828 5120
124.343087 5.812570 4404.248200 5120
131.281876 6.938789 3689.404853 5120
138.503909 7.222033 3544.708148 5120
145.477357 6.973449 3671.067473 5120
152.674045 7.196688 3557.191851 5120
160.591811 7.867766 3253.782575 5120
169.357321 8.715509 2937.292525 5120
178.034849 8.627528 2967.246102 5120
186.652561 8.567712 2987.962118 5120
195.336707 8.634146 2964.972027 5120
203.897328 8.510621 3008.006188 5120
212.309125 8.361797 3061.542714 5120
220.927262 8.568137 2987.814034 5120
229.344926 8.367664 3059.396155 5120
237.733186 8.338259 3070.185174 5120
246.190083 8.406898 3045.118606 5120
254.876414 8.636331 2964.221869 5120
263.113794 8.187380 3126.763320 5120
271.765431 8.601637 2976.177742 5120
280.366345 8.550915 2993.831802 4864
288.469557 8.053212 3019.913081 4864
296.349128 7.829571 3106.172651 4864
304.489280 8.090151 3006.124297 4864
312.355806 7.816526 3111.356458 4608
319.703282 7.297476 3157.256099 4608
327.309179 7.555897 3049.273868 4608
334.889080 7.529901 3059.801097 4608
342.350101 7.411020 3108.883616 4608
349.992753 7.592652 3034.512662 4352
357.180748 7.137995 3048.475170 4352
364.265128 7.034380 3093.378633 4352
371.676707 7.361579 2955.887519 4352
378.809152 7.082445 3072.385125 4352
385.865598 7.006446 3105.711693 4352
393.055828 7.140230 3047.520811 4352
400.355840 7.250012 3001.374462 4352
407.362452 6.956612 3127.959297 4096
414.152388 6.739936 3038.604476 4096
420.870194 6.667805 3071.475351 4096
427.747897 6.827704 2999.544304 4096
434.527988 6.730090 3043.049797 4096
441.198326 6.620339 3093.497310 4096
447.754509 6.506183 3147.775156 4096
454.421738 6.617229 3094.951129 4096
461.279438 6.807700 3008.358365 4096
468.047263 6.717825 3048.605705 4096
474.533446 6.436183 3182.009981 4096
481.383722 6.800275 3011.642693 4096
488.038646 6.604924 3100.716812 4096
494.757662 6.669016 3070.917908 3840
501.233630 6.425968 2987.876665 3840
507.536590 6.252960 3070.545795 3840
513.965600 6.379011 3009.871142 3840
520.353887 6.338287 3029.209829 3840
526.664611 6.260724 3066.737770 3840
533.199287 6.484676 2960.826556 3840
539.553697 6.304410 3045.487345 3840
545.757809 6.154113 3119.864904 3840
552.119613 6.311804 3041.919646 3840
558.353541 6.183927 3104.823037 3840
564.748471 6.344930 3026.037878 3840
571.063488 6.265017 3064.636337 3840
577.448155 6.334666 3030.940977 3840
583.697989 6.199834 3096.857019 3840
589.940711 6.192722 3100.413680 3840
596.356849 6.366138 3015.957057 3840
602.619142 6.212293 3090.646315 3840
608.927740 6.258598 3067.779769 3840
615.284881 6.307141 3044.168651 3840
621.589280 6.254399 3069.839386 3840
627.952075 6.312795 3041.442101 3840
634.296599 6.294524 3050.270235 3840
640.545447 6.198848 3097.349586 3584
646.595895 6.000448 2986.443654 3584
652.587927 5.942032 3015.803360 3584
658.546969 5.909042 3032.640412 3584
664.651226 6.054257 2959.900778 3584
670.723193 6.021967 2975.771893 3584
676.559466 5.786273 3096.985048 3584
682.245797 5.636331 3179.373143 3584
688.030714 5.734917 3124.718285 3328
693.667418 5.586704 2978.500388 3328
699.051879 5.334461 3119.340617 3328
704.256797 5.154918 3227.985351 3328
709.879523 5.572726 2985.971164 3328
715.470269 5.540746 3003.205836 3328
720.810103 5.289834 3145.656148 3328
726.304281 5.444178 3056.475981 3072
731.383944 5.029663 3053.882632 3072
736.309866 4.875921 3150.173939 3072
741.439268 5.129403 2994.500608 3072
746.461705 4.972437 3089.028804 3072
751.366226 4.904521 3131.804504 3072
756.496409 5.130183 2994.045038 3072
761.569762 5.023353 3057.718545 3072
766.648158 5.028396 3054.652253 3072
771.551057 4.852899 3165.118199 3072
776.676606 5.125549 2996.752134 3072
781.793075 5.116469 3002.070310 3072
786.773370 4.930295 3115.432395 3072
791.748630 4.975260 3087.275732 2816
796.420893 4.672263 3013.529045 2816
800.938448 4.517555 3116.729967 2816
805.492279 4.553830 3091.902849 2816
810.185649 4.693370 2999.976557 2816
814.660365 4.474716 3146.568081 2816
819.185535 4.525170 3111.485449 2816
823.883871 4.698337 2996.805227 2816
828.440220 4.556349 3090.193541 2816
832.875135 4.434914 3174.807637 2816
837.360523 4.485388 3139.081878 2816
841.820557 4.460035 3156.926092 2816
846.305996 4.485438 3139.046753 2816
850.853288 4.547292 3096.348327 2816
855.345517 4.492229 3134.301322 2816
859.746034 4.400517 3199.623757 2816
864.308038 4.562004 3086.362835 2816
868.925410 4.617371 3049.354127 2816
873.488523 4.563114 3085.612315 2816
877.980770 4.492247 3134.288852 2816
882.341816 4.361045 3228.583849 2816
886.933706 4.591890 3066.275574 2816
891.493076 4.559371 3088.145500 2816
896.288896 4.445821 3167.019435 2816
901.303408 4.460333 3156.715233 2816
906.178761 4.335686 3247.467863 2816
911.258253 4.415178 3188.999651 2816
916.262390 4.419315 3186.014228 3072
920.222926 3.379850 4544.579950 3072
924.277201 2.434125 6310.275071 3072
929.762118 2.919042 5261.999601 3072
935.300020 3.456945 4443.230121 3072
940.378087 3.535011 4345.106207 3072
945.514302 3.671227 4183.887639 3072
950.547810 3.704735 4146.045489 3072
955.535372 3.692296 4160.012881 3072
960.578119 3.735043 4112.402204 3072
965.505133 3.662058 4194.362846 3072
970.492966 3.649891 4208.345310 3072
975.362053 3.518977 4364.904568 3072
980.013189 3.170113 4845.252674 3072
983.666960 1.823884 8421.587105 3072
988.182780 1.339705 11465.214902 3072
993.181006 1.337931 11480.414906 3072
998.179430 1.336355 11493.955509 3072
1003.193764 1.350689 11371.976056 3072
1008.167049 1.323974 11601.439186 3328
1013.314896 1.471821 11305.722324 3328
1018.268659 1.425584 11672.409324 3328
1023.260804 1.417728 11737.087128 3328
1028.254211 1.411136 11791.921569 3328
1033.232224 1.389149 11978.556027 3328
1038.229812 1.386737 11999.392188 3328
1043.242635 1.399559 11889.457430 3328
