# AndroidClient mimuroto
1.005263 0.128000  1.089551 0.128000 
1.139551 5.120000  2.603494 5.120000 
2.603494 5.120000  4.076193 5.120000 
4.076193 5.120000  5.553812 5.120000 
6.139551 5.120000  7.622474 5.120000 
11.139551 5.120000  12.621851 5.120000 
16.139551 5.120000  17.620338 5.120000 
21.139551 5.120000  22.611715 5.120000 
26.139551 5.120000  27.611842 5.120000 
31.139551 5.120000  33.158189 5.120000 
36.139551 5.120000  38.999037 5.120000 
41.139551 5.120000  43.073116 5.120000 
46.139551 5.120000  48.091231 5.120000 
51.139551 5.120000  53.040774 5.120000 
56.139551 5.120000  58.112508 5.120000 
61.139551 5.120000  63.076219 5.120000 
66.139551 5.120000  69.956735 5.120000 
71.139551 5.120000  75.009484 5.120000 
76.139551 5.120000  79.953960 5.120000 
81.139551 5.120000  83.910415 5.120000 
86.139551 5.120000  88.083642 5.120000 
91.139551 5.120000  93.052724 5.120000 
96.139551 5.120000  101.012950 5.120000 
101.139551 5.120000  106.986943 5.120000 
106.986943 5.120000  112.757397 5.120000 
112.757397 5.120000  118.530517 5.120000 
118.530517 5.120000  124.343087 5.120000 
124.343087 5.120000  131.281876 5.120000 
131.281876 5.120000  138.503909 5.120000 
138.503909 5.120000  145.477357 5.120000 
145.477357 5.120000  152.674045 5.120000 
152.724045 5.120000  160.591811 5.120000 
160.641811 5.120000  169.357321 5.120000 
169.407321 5.120000  178.034849 5.120000 
178.084849 5.120000  186.652561 5.120000 
186.702561 5.120000  195.336707 5.120000 
195.386707 5.120000  203.897328 5.120000 
203.947328 5.120000  212.309125 5.120000 
212.359125 5.120000  220.927262 5.120000 
220.977262 5.120000  229.344926 5.120000 
229.394926 5.120000  237.733186 5.120000 
237.783186 5.120000  246.190083 5.120000 
246.240083 5.120000  254.876414 5.120000 
254.926414 5.120000  263.113794 5.120000 
263.163794 5.120000  271.765431 5.120000 
271.815431 5.120000  280.366345 5.120000 
280.416345 4.864000  288.469557 4.864000 
288.519557 4.864000  296.349128 4.864000 
296.399128 4.864000  304.489280 4.864000 
304.539280 4.864000  312.355806 4.864000 
312.405806 4.608000  319.703282 4.608000 
319.753282 4.608000  327.309179 4.608000 
327.359179 4.608000  334.889080 4.608000 
334.939080 4.608000  342.350101 4.608000 
342.400101 4.608000  349.992753 4.608000 
350.042753 4.352000  357.180748 4.352000 
357.230748 4.352000  364.265128 4.352000 
364.315128 4.352000  371.676707 4.352000 
371.726707 4.352000  378.809152 4.352000 
378.859152 4.352000  385.865598 4.352000 
385.915598 4.352000  393.055828 4.352000 
393.105828 4.352000  400.355840 4.352000 
400.405840 4.352000  407.362452 4.352000 
407.412452 4.096000  414.152388 4.096000 
414.202388 4.096000  420.870194 4.096000 
420.920194 4.096000  427.747897 4.096000 
427.797897 4.096000  434.527988 4.096000 
434.577988 4.096000  441.198326 4.096000 
441.248326 4.096000  447.754509 4.096000 
447.804509 4.096000  454.421738 4.096000 
454.471738 4.096000  461.279438 4.096000 
461.329438 4.096000  468.047263 4.096000 
468.097263 4.096000  474.533446 4.096000 
474.583446 4.096000  481.383722 4.096000 
481.433722 4.096000  488.038646 4.096000 
488.088646 4.096000  494.757662 4.096000 
494.807662 3.840000  501.233630 3.840000 
501.283630 3.840000  507.536590 3.840000 
507.586590 3.840000  513.965600 3.840000 
514.015600 3.840000  520.353887 3.840000 
520.403887 3.840000  526.664611 3.840000 
526.714611 3.840000  533.199287 3.840000 
533.249287 3.840000  539.553697 3.840000 
539.603697 3.840000  545.757809 3.840000 
545.807809 3.840000  552.119613 3.840000 
552.169613 3.840000  558.353541 3.840000 
558.403541 3.840000  564.748471 3.840000 
564.798471 3.840000  571.063488 3.840000 
571.113488 3.840000  577.448155 3.840000 
577.498155 3.840000  583.697989 3.840000 
583.747989 3.840000  589.940711 3.840000 
589.990711 3.840000  596.356849 3.840000 
596.406849 3.840000  602.619142 3.840000 
602.669142 3.840000  608.927740 3.840000 
608.977740 3.840000  615.284881 3.840000 
615.334881 3.840000  621.589280 3.840000 
621.639280 3.840000  627.952075 3.840000 
628.002075 3.840000  634.296599 3.840000 
634.346599 3.840000  640.545447 3.840000 
640.595447 3.584000  646.595895 3.584000 
646.645895 3.584000  652.587927 3.584000 
652.637927 3.584000  658.546969 3.584000 
658.596969 3.584000  664.651226 3.584000 
664.701226 3.584000  670.723193 3.584000 
670.773193 3.584000  676.559466 3.584000 
676.609466 3.584000  682.245797 3.584000 
682.295797 3.584000  688.030714 3.584000 
688.080714 3.328000  693.667418 3.328000 
693.717418 3.328000  699.051879 3.328000 
699.101879 3.328000  704.256797 3.328000 
704.306797 3.328000  709.879523 3.328000 
709.929523 3.328000  715.470269 3.328000 
715.520269 3.328000  720.810103 3.328000 
720.860103 3.328000  726.304281 3.328000 
726.354281 3.072000  731.383944 3.072000 
731.433944 3.072000  736.309866 3.072000 
736.309866 3.072000  741.439268 3.072000 
741.489268 3.072000  746.461705 3.072000 
746.461705 3.072000  751.366226 3.072000 
751.366226 3.072000  756.496409 3.072000 
756.546409 3.072000  761.569762 3.072000 
761.619762 3.072000  766.648158 3.072000 
766.698158 3.072000  771.551057 3.072000 
771.551057 3.072000  776.676606 3.072000 
776.676606 3.072000  781.793075 3.072000 
781.843075 3.072000  786.773370 3.072000 
786.773370 3.072000  791.748630 3.072000 
791.748630 2.816000  796.420893 2.816000 
796.420893 2.816000  800.938448 2.816000 
800.938448 2.816000  805.492279 2.816000 
805.492279 2.816000  810.185649 2.816000 
810.185649 2.816000  814.660365 2.816000 
814.660365 2.816000  819.185535 2.816000 
819.185535 2.816000  823.883871 2.816000 
823.883871 2.816000  828.440220 2.816000 
828.440220 2.816000  832.875135 2.816000 
832.875135 2.816000  837.360523 2.816000 
837.360523 2.816000  841.820557 2.816000 
841.820557 2.816000  846.305996 2.816000 
846.305996 2.816000  850.853288 2.816000 
850.853288 2.816000  855.345517 2.816000 
855.345517 2.816000  859.746034 2.816000 
859.746034 2.816000  864.308038 2.816000 
864.308038 2.816000  868.925410 2.816000 
868.925410 2.816000  873.488523 2.816000 
873.488523 2.816000  877.980770 2.816000 
877.980770 2.816000  882.341816 2.816000 
882.341816 2.816000  886.933706 2.816000 
886.933706 2.816000  891.493076 2.816000 
891.843075 2.816000  896.288896 2.816000 
896.843075 2.816000  901.303408 2.816000 
901.843075 2.816000  906.178761 2.816000 
906.843075 2.816000  911.258253 2.816000 
911.843075 2.816000  916.262390 2.816000 
916.843075 3.072000  920.222926 3.072000 
921.843075 3.072000  924.277201 3.072000 
926.843075 3.072000  929.762118 3.072000 
931.843075 3.072000  935.300020 3.072000 
936.843075 3.072000  940.378087 3.072000 
941.843075 3.072000  945.514302 3.072000 
946.843075 3.072000  950.547810 3.072000 
951.843075 3.072000  955.535372 3.072000 
956.843075 3.072000  960.578119 3.072000 
961.843075 3.072000  965.505133 3.072000 
966.843075 3.072000  970.492966 3.072000 
971.843075 3.072000  975.362053 3.072000 
976.843075 3.072000  980.013189 3.072000 
981.843075 3.072000  983.666960 3.072000 
986.843075 3.072000  988.182780 3.072000 
991.843075 3.072000  993.181006 3.072000 
996.843075 3.072000  998.179430 3.072000 
1001.843075 3.072000  1003.193764 3.072000 
1006.843075 3.072000  1008.167049 3.072000 
1011.843075 3.328000  1013.314896 3.328000 
1016.843075 3.328000  1018.268659 3.328000 
1021.843075 3.328000  1023.260804 3.328000 
1026.843075 3.328000  1028.254211 3.328000 
1031.843075 3.328000  1033.232224 3.328000 
1036.843075 3.328000  1038.229812 3.328000 
1041.843075 3.328000  1043.242635 3.328000 
