64.001789 18912.573117 0.000000
65.002288 19051.681147 18912.573117
66.003054 18944.799445 19190.789177
67.003634 18789.407386 19145.404908
68.004389 18938.479648 18956.017364
69.005303 19246.535310 18931.475293
70.006173 18962.787950 19151.997093
71.006676 19275.640888 19073.082027
72.007770 19057.481595 19240.690679
73.007811 19272.304418 19169.613087
74.008544 19845.176705 19267.158536
75.009034 19140.080447 19746.871945
76.009316 19237.384768 19482.482647
77.010242 18939.234480 19337.665688
78.011180 19339.634538 19016.574263
79.012498 19206.828748 19136.993649
80.012580 19906.864423 19148.259221
81.012605 19205.404156 19693.561145
83.161294 18885.007753 19493.442726
84.162081 19286.603757 19081.076573
85.163215 18430.836231 19127.073293
88.162538 18828.425894 18548.128625
89.162914 19310.399903 18527.525440
90.163440 19381.542274 18953.929467
93.161257 19068.821659 19309.605869
94.162002 19185.227919 19270.887709
95.162220 19201.234471 19288.316812
96.162954 18605.034404 19283.264055
98.164307 18648.847383 18813.080229
99.167208 19403.120421 18558.836595
100.168991 19243.371137 19019.922253
101.170783 19630.826478 19226.452661
102.171122 19169.967027 19624.538990
103.173174 18820.816872 19479.509438
104.173438 19370.927218 19067.746443
105.174285 19309.285591 19212.715312
106.176219 18971.559490 19278.521503
107.178342 18694.841573 19065.821045
108.179568 19248.900849 18728.366990
109.181854 18862.895910 18966.803065
110.182954 20139.803970 18867.041844
111.185890 19900.549999 19773.805795
112.187845 18661.759078 20139.246836
113.189334 19286.006558 19333.199956
114.189634 19163.970718 19230.501907
115.191249 19807.363954 19101.502165
116.191924 19903.919548 19535.164359
117.193582 19256.572726 19892.462051
118.193902 19389.053386 19588.465154
119.194623 19565.305858 19452.854094
120.195567 19601.819087 19501.287741
121.197179 18948.665642 19568.894015
122.197181 18898.299390 19121.063337
123.198939 19181.894410 18816.273885
124.202246 19835.084508 18897.081800
125.203119 19215.800067 19498.581484
126.206048 19117.535196 19418.993751
127.208112 18578.478670 19254.702810
128.212511 18517.999266 18733.973042
129.212722 19403.469424 18389.375012
130.215160 18651.811588 18913.334678
131.216141 20061.449466 18734.104822
132.218387 19428.968682 19681.144993
133.219252 19535.026379 19775.380609
134.219700 19318.062934 19815.438708
135.220550 19368.275949 19602.642092
136.222361 19374.984230 19462.758755
137.224227 18813.451484 19374.227597
138.226592 19571.880984 18909.001616
139.228307 18728.507141 19221.323217
140.230428 19221.347892 18832.593077
141.232374 18761.704991 18981.837086
142.234527 18643.080215 18771.604616
143.236757 19277.896286 18575.044893
144.240194 19255.971717 18969.885916
145.242908 19492.176371 19227.865592
146.245701 18776.021414 19541.035453
147.247391 19480.661884 19148.289394
148.249498 19417.121216 19387.329723
149.250244 18647.498465 19482.527427
150.250461 18960.526344 18936.557662
151.251391 19591.553220 18826.078890
152.251868 19749.903399 19277.721525
153.254119 19683.606000 19700.763400
154.255813 18697.851449 19874.846288
155.257926 19511.227378 19174.761747
156.259904 19395.415805 19315.523848
157.260953 18932.945149 19347.972102
158.262389 19144.784743 19029.204162
159.265437 18205.917782 19004.635135
160.267397 19172.832703 18323.237803
161.267937 19704.542580 18678.395322
162.271462 18406.860513 19378.365835
163.272451 19748.494521 18836.633727
164.275170 19069.411783 19464.549876
165.278819 19039.587589 19340.182058
166.280020 18719.443404 19187.937435
167.281300 19247.862750 18834.619523
168.284897 19256.946163 19025.481047
169.286366 19414.415580 19183.319794
170.288658 18060.988567 19398.747822
171.290853 19288.675310 18495.308517
172.293554 18862.986338 18855.773933
173.296821 18882.585746 18824.965257
174.300232 19368.579382 18833.765745
175.301864 20511.606925 19214.866216
176.303229 19490.405045 20301.115400
177.305925 18900.094190 20130.961464
178.307189 18968.360526 19443.012250
179.308749 18504.795644 19014.507879
180.311543 19466.959716 18441.045195
181.319788 20021.943122 18891.874519
182.322352 19166.291809 19677.298034
183.324219 19423.702211 19514.432579
184.327036 18836.634323 19539.022460
185.330419 19657.476232 19082.186423
186.330424 20073.913681 19408.011811
187.331981 19492.842307 19945.618697
188.334017 19720.522643 19810.692355
189.335517 19609.819460 19834.526924
190.338581 19954.174519 19734.915752
191.340147 19213.946264 19912.102386
192.340766 19080.988346 19456.042546
193.342388 19627.524151 19067.770116
194.343263 18275.235151 19286.840313
195.344267 19787.248745 18467.329621
196.347151 19269.296160 19143.560853
197.350353 18991.063237 19254.134003
198.351630 19806.458031 19104.536425
199.352622 18755.598131 19612.915435
200.354498 18705.712587 19127.345664
201.355272 19734.435842 18754.209737
202.358573 18874.033190 19327.059927
203.361155 18462.064572 19070.027012
204.363435 19441.889249 18583.535635
205.366600 19585.936695 19044.790689
206.369860 19815.378336 19482.728441
207.371950 19224.757251 19899.580611
208.372909 19149.597934 19643.990313
209.374356 18820.708455 19355.017411
210.376185 18540.678082 18912.508982
211.379235 18927.434574 18458.281856
212.380956 18888.088116 18541.834718
213.381984 18527.891431 18650.501270
214.384217 18837.276747 18494.083743
215.387668 18302.624343 18656.365889
216.388688 18452.627600 18381.745373
217.388765 19176.814188 18337.157301
218.391598 19375.391760 18886.870780
219.392103 19196.845089 19383.146551
220.394855 19055.683104 19495.435735
221.397208 18859.835066 19371.061177
222.398748 19045.429735 19083.143351
223.399505 19005.608744 19022.553369
224.401071 19725.249522 18968.111726
225.403691 18382.274024 19489.995742
226.457295 19497.159173 18802.519572
227.460229 18806.969158 19189.883962
228.460857 18437.295455 18942.742448
229.463110 19839.874867 18507.973091
230.465207 19479.889150 19324.853563
231.466970 18521.257876 19592.059837
232.468392 19457.727221 18978.646847
233.468842 19674.898378 19259.945118
234.472534 19620.670749 19612.918147
235.475767 18812.206133 19764.228997
236.476024 17956.323338 19197.646399
237.476597 18845.169291 18176.082937
238.479094 19287.707434 18276.995771
239.481981 19022.546594 18801.399175
240.485921 19282.136316 18986.307311
241.486394 19595.738479 19282.513492
242.488320 19225.958233 19665.723911
243.491352 19711.702173 19562.497577
244.492677 18502.475697 19791.057530
245.493703 18997.112608 18978.578810
246.497044 19516.961123 18824.291355
247.497706 18932.007429 19180.239327
248.501849 18631.509438 19003.678492
249.505771 19202.815309 18672.106815
250.505818 18956.067415 18924.651035
251.506518 18416.336793 18935.403293
252.509396 19102.256373 18541.147487
253.509668 19125.972342 18827.256595
254.509928 19058.617401 19056.848070
255.510348 20056.031230 19138.408670
256.514291 20203.312059 19907.301524
257.515124 19194.384764 20439.391000
258.518525 19147.310519 19889.720531
259.519723 19407.715806 19405.745671
260.520537 19287.988255 19294.453419
261.521238 19044.277596 19177.327226
262.524965 19289.548281 18963.646392
263.526632 19902.796258 19060.916790
264.527539 18750.114239 19626.645845
265.531107 18614.000053 19114.036461
266.532457 19557.358010 18664.665574
267.537534 19765.976589 19134.832218
268.538406 19451.246689 19632.010922
269.540858 18548.014595 19678.044266
270.544004 19129.614365 18966.937474
271.545074 19416.459190 18942.853185
272.547364 18749.586735 19192.634954
273.550279 20250.253240 18873.327557
274.554488 18870.659226 19808.238531
275.556109 19185.382985 19351.502185
276.557526 18942.478597 19238.966091
277.558662 19304.375736 18987.123977
278.560916 19398.666135 19121.464429
279.564169 20042.707981 19305.080281
280.566278 19410.463959 19903.316055
281.567767 18572.829269 19763.098906
282.568839 19144.921184 18976.605578
283.572551 19115.728304 18911.483773
284.573349 19197.250733 18915.387564
285.576319 19239.177455 19028.566465
286.579234 19489.466478 19158.772025
287.581667 19690.471047 19431.692929
288.583925 19264.113957 19733.350195
289.584081 18206.337302 19553.691224
290.586552 19108.916468 18598.134930
291.588407 19547.826746 18699.341751
292.589020 18974.357241 19181.521548
293.591563 19284.057938 19084.085618
294.592871 19500.356471 19240.211082
295.594075 19501.092689 19491.459427
296.595731 19200.114245 19619.860025
297.597199 19052.120441 19428.634656
298.597319 18561.629897 19164.896516
299.597645 19249.285032 18636.965519
300.600550 18928.868189 18869.907467
301.603088 19033.783835 18840.910200
302.604370 19198.149752 18927.087798
303.608062 19986.806898 19120.125044
304.610015 18478.825442 19827.642703
305.611285 19166.281970 19090.206490
306.614974 19457.964211 19084.235517
307.616192 18988.537772 19320.523325
308.617370 18479.513799 19120.957621
309.619038 19405.515508 18606.301827
310.622157 19798.063455 19011.778205
311.625429 18959.768194 19607.361680
312.630091 19431.805234 19324.107415
313.632907 18977.628195 19445.423257
314.637191 19233.450162 19162.043893
315.638624 19823.248646 19166.116762
316.641164 19653.279804 19627.335410
317.643978 19294.607668 19779.446411
318.646716 18731.641366 19554.956158
319.649580 19238.115276 18955.399183
320.652751 18141.462073 18979.536673
321.655340 19354.148614 18233.760167
322.655996 20005.362191 18747.312296
323.657306 18642.514390 19644.207623
324.659981 18684.277917 19160.808078
325.663486 18947.380488 18820.857529
326.664127 18808.330525 18814.064279
327.665909 18434.294096 18739.709234
328.668099 19295.251417 18439.159713
329.668223 19040.303282 18933.386539
330.668895 19193.890658 19079.755070
331.668905 19708.712580 19258.266921
332.671234 20329.585448 19717.545222
333.673268 19909.110588 20410.630863
334.674177 20186.932452 20421.556184
335.676492 18828.508398 20507.273845
336.679468 19288.441174 19451.229286
337.680970 19085.276190 19112.476366
338.682400 18394.230269 18834.717370
339.685969 19037.585477 18240.193137
340.686614 19409.146753 18463.956709
341.689365 19447.359272 18997.916644
342.692242 19534.589389 19396.363528
343.693576 19091.519051 19673.758494
344.696190 19160.547191 19445.360947
345.698537 18992.799134 19294.472804
346.699471 18714.488886 19059.736287
347.700130 18914.917395 18716.901054
348.703041 20008.960688 18695.201777
349.706575 19462.956242 19559.813513
350.708120 19038.248028 19694.902840
351.711273 19778.943353 19385.929694
352.711526 19152.537285 19700.044198
353.713504 19335.415313 19407.021688
354.717147 19785.114811 19334.047853
355.720130 19646.809453 19635.177424
356.721568 19403.775959 19719.497538
357.724185 19207.580774 19561.210453
358.724821 18781.943210 19295.561898
359.727751 19167.794614 18821.514166
360.729155 18716.868331 18863.986115
361.730374 18762.187496 18622.979501
362.730500 19659.807686 18559.937776
363.731858 19420.121353 19252.194486
364.734278 19407.283083 19520.461391
365.734444 18642.724339 19619.881132
366.734720 18875.249764 19043.022432
367.738230 18967.117673 18828.912627
368.739770 19870.489520 18802.342941
369.740865 19250.680189 19507.780666
370.743836 19214.308962 19486.319744
371.747020 18231.239541 19389.400974
372.748536 19017.243867 18559.866520
373.748788 19642.166596 18652.445793
374.751045 19652.567714 19258.626994
375.752427 19524.421319 19665.403334
376.754637 19248.739490 19769.472803
377.757683 18725.764022 19553.483295
378.758264 18336.832856 18977.070988
379.760894 20235.704772 18334.339719
380.762036 19204.717107 19437.751305
381.763859 19428.463109 19415.704717
382.767714 19865.029306 19519.744022
383.769759 19624.787150 19876.368094
384.770456 19341.061081 19871.663815
385.773355 18237.551648 19594.797959
386.775554 19207.003813 18565.298736
387.777898 19318.621103 18695.701476
388.780106 19110.904113 18972.441398
389.780159 18989.234521 19041.568543
390.781880 19594.044387 19002.213814
391.782248 19662.786013 19432.899026
392.783682 19412.584910 19740.084191
393.784642 18855.012741 19686.701402
394.786514 18617.224401 19173.301758
395.790078 18573.970418 18658.688426
396.790882 19343.422205 18358.575267
397.792015 19330.102810 18839.456316
398.793058 19163.820869 19195.898766
399.795051 19105.252984 19282.959547
400.796621 19502.127686 19252.779353
401.797352 19248.007389 19498.463691
402.799770 19272.023701 19431.631636
403.801355 18743.019982 19370.321781
404.804308 19262.830198 18918.339544
405.806878 18797.167601 19038.376197
406.807190 19313.198234 18805.261076
407.811035 18550.469406 19073.703121
408.811577 19406.904114 18695.751301
409.813417 19291.626378 19112.780948
410.814285 19402.209638 19308.368262
411.817204 19189.075123 19484.913892
412.818798 18968.350845 19392.659758
413.822496 18869.305475 19130.093323
414.822594 19626.055901 18884.090459
415.824153 19394.690033 19324.955600
416.828051 18035.643773 19447.138845
417.828659 19036.177752 18475.833570
418.830181 18504.833621 18630.533967
419.832190 19536.338300 18410.787013
420.833703 18992.832710 19098.053698
421.834870 19489.761146 19143.628998
422.839730 18713.839896 19501.413903
423.841982 19451.800556 19095.452229
424.843933 19366.973578 19350.538804
425.844176 20081.132428 19439.777296
426.845512 19598.684736 20001.814750
427.848776 19345.544179 19940.827128
428.851223 18832.745286 19634.942301
429.853265 19234.051835 19025.051187
430.877187 19817.420940 18973.009067
431.877460 19251.346897 19449.775528
432.880723 18847.816669 19355.514579
433.882948 18845.504389 18979.694513
434.883070 20325.497783 18757.080809
435.883148 19232.578870 19777.874898
436.887039 18960.736900 19605.488479
437.888233 19956.997288 19222.186389
438.890931 18956.375840 19712.368263
439.891728 19415.098666 19268.150370
440.893660 19295.228259 19312.139911
441.893754 18423.960429 19269.971565
442.897113 19532.763766 18601.750693
443.898545 19433.786463 19054.795193
444.900505 18968.383554 19326.576609
445.900953 19094.380940 19140.217599
446.901619 19204.955022 19098.577622
447.905035 19167.465481 19159.639024
448.905550 19213.040432 19173.381570
449.910004 19509.360886 19212.955033
450.913273 18180.474738 19455.003455
451.915683 19745.715577 18592.952413
452.918601 19887.908803 19232.738102
453.921215 20631.339934 19787.520235
454.923312 18761.776232 20647.581792
455.924810 19510.243421 19671.379329
456.926254 19792.291152 19517.227715
457.926534 19512.592344 19649.941633
458.928828 18686.949118 19542.111866
459.932306 18590.980325 18861.584682
460.933368 19303.828669 18405.685605
461.935368 18049.184783 18758.696004
462.937375 18502.016617 18130.501455
463.940525 19108.985020 18135.698888
464.974044 18886.094158 18685.103339
465.976502 19691.054720 18898.607838
466.977079 18925.153267 19605.952089
467.980571 19123.177633 19406.473783
468.983099 18135.246589 19334.922775
469.985118 19365.005809 18505.262702
470.988021 19404.184453 18920.248053
471.990865 20050.251273 19268.314151
472.990973 18991.631544 19960.864890
473.993066 19022.997365 19535.522058
474.994823 19554.522758 19210.402380
475.998853 18782.822284 19399.635332
477.000861 19184.716113 18954.198308
478.003527 18711.787578 18990.056163
479.005328 18595.424917 18701.953676
480.006086 19752.434750 18473.088913
481.009734 19123.237019 19256.997906
482.011612 19583.472324 19300.913316
483.013342 19128.495997 19623.628425
484.015061 19755.238155 19433.714709
485.018109 18365.940870 19732.509792
486.021117 19252.330004 18845.616461
487.023204 19218.547953 18947.042748
488.025673 19474.702906 19048.741167
489.028224 19273.526010 19334.158288
490.029835 19718.906114 19361.120331
491.032426 20002.699162 19686.737851
492.034287 19610.811170 20070.433462
493.036527 19137.092269 19951.431699
494.039789 19797.478329 19451.486509
495.039849 18664.617984 19618.204899
496.041760 19006.101086 18896.737193
497.042912 18074.587226 18734.085864
498.044667 19092.027497 18022.128610
499.046795 19187.643183 18442.344840
500.048030 19201.869257 18886.585384
501.049904 18733.153174 19194.639661
502.050002 19079.000696 18998.937137
503.050362 19912.611987 19094.025525
504.050675 19507.686595 19763.021980
505.054107 18958.359786 19831.223666
506.056378 19296.893545 19372.445134
507.058872 18759.410709 19293.434851
508.062753 19300.792187 18851.682255
509.063070 19039.370313 19013.774179
510.063594 18606.550738 18970.508238
511.065741 19816.050644 18641.476105
512.067861 18956.313135 19375.353626
513.069734 18633.193261 19207.663509
514.071274 19530.608314 18818.640952
515.072547 19380.861547 19250.829040
516.073743 19157.575306 19424.557827
517.074380 18783.348647 19333.033470
518.075021 19460.462619 18962.736756
519.077083 19548.831796 19240.576851
520.078334 19414.747813 19500.745223
521.079783 18884.247626 19542.288066
522.080721 19170.353930 19133.299283
523.082242 18915.455375 19081.121705
524.082671 19514.630055 18886.167056
525.085885 19426.312365 19245.392822
526.087467 19036.344606 19426.076746
527.087890 19575.010997 19224.001793
528.090919 19192.088036 19480.049813
529.093398 19349.083192 19344.621898
530.096796 18811.717528 19356.520843
531.096972 19529.660589 18957.586654
532.100881 18883.930220 19260.109574
533.104762 19261.957888 18994.461011
534.108473 18953.849845 19117.524782
535.112032 18674.100318 18984.083913
536.112999 19273.706592 18699.992815
537.115092 19643.668563 19001.178848
538.116548 18789.897786 19497.375278
539.116663 19264.437347 19141.718732
540.117182 18956.952558 19231.839893
541.119414 18231.352664 19054.436246
542.119958 19304.959385 18397.163580
543.121062 18451.328325 18832.279559
544.124724 18712.391174 18527.784209
545.125256 19192.698405 18552.219700
546.127394 19389.111403 18964.710738
547.129060 18700.277012 19375.262922
548.129681 19354.728344 19067.375340
549.132388 19479.284574 19312.495467
550.133592 19863.453119 19539.030922
551.135258 18650.214594 19925.488472
552.136730 18539.231649 19193.279514
553.139321 18211.227271 18608.171597
554.142094 18721.749663 18052.379368
555.145778 18514.151346 18197.087023
556.146478 19812.686145 18244.907773
557.147883 19311.661980 19310.030140
558.149604 19142.016397 19592.487202
559.150077 19112.092882 19536.275240
560.153633 19480.800650 19387.161912
561.155863 18963.724282 19520.368816
562.156745 18382.407519 19189.272951
563.161242 17991.198474 18531.350279
564.169067 19669.039120 17871.746469
565.169754 19544.121455 18830.188050
566.171344 18652.600414 19425.433359
567.174544 18828.452201 19084.087257
568.177739 18730.539486 18937.431335
569.180428 19445.372158 18763.424055
570.183376 19819.727957 19204.323777
571.185370 20058.737994 19765.802581
572.186485 18993.361043 20239.280856
573.189365 19215.115414 19631.851564
574.192528 19193.987052 19334.830066
575.193417 18905.132317 19140.544383
576.193949 19762.148515 18840.121157
577.194124 18689.064110 19348.924483
578.196031 18984.840880 18901.818849
579.199040 19296.628353 18846.909926
580.200965 19662.851162 19087.778807
581.201308 18995.885688 19535.092741
582.202160 18902.337275 19290.465208
583.203526 18893.110130 19024.345251
584.204840 19323.521513 18853.862920
585.205321 19512.860079 19101.242094
586.207968 19176.670649 19422.505461
587.210461 18776.509935 19353.583726
588.211969 19515.079642 18974.774053
589.213037 19420.014702 19289.730468
590.214697 19816.687920 19432.247264
591.216214 19468.610510 19797.952435
592.217827 18714.143440 19724.430834
593.221257 19410.145748 19057.864650
594.224547 20159.161416 19160.652987
595.224776 18933.155972 19836.182096
596.227166 19447.613092 19335.187398
597.230410 19090.266712 19370.025032
598.230756 18632.680057 19138.831079
599.232929 19348.347034 18667.903020
600.233367 19659.837906 18960.383482
601.234711 18951.081171 19437.232755
602.236706 19339.035459 19199.741128
603.240145 19082.036244 19309.796042
604.242492 19365.968430 19179.383942
605.244945 19610.845936 19302.790106
606.247879 19401.744096 19563.945899
607.247923 18511.696889 19549.422425
608.249108 19300.666023 18837.705700
609.250213 19156.760442 18992.071986
610.253148 18343.529028 19038.474452
611.256291 19300.661643 18481.323622
612.257050 18287.222818 18886.149020
613.259212 19045.338838 18432.110756
614.262619 19126.981396 18737.456655
615.262719 18524.949413 19028.332068
616.263591 18678.868277 18746.908120
617.264449 19026.452042 18666.145617
618.267159 18953.971978 18889.632854
619.270630 19011.104215 18981.221222
620.274332 19504.017471 19063.052273
621.274662 18997.050298 19460.665725
622.276654 20413.971393 19290.085008
623.278425 19458.510440 20194.226794
624.279449 20001.398458 19984.638121
625.283708 19319.454087 20155.477878
626.286461 19053.256677 19690.919624
627.287956 19892.380110 19166.126055
628.288401 18679.052629 19504.854501
629.291090 19696.780231 18861.104515
630.291611 19260.542358 19257.012252
631.294748 18874.685429 19237.729711
632.298575 18614.373454 18944.398905
633.300339 18898.359647 18585.071152
634.302027 19464.778256 18625.722496
635.303626 19024.910869 19139.021412
636.305082 19330.311672 19147.209541
637.306173 18794.989680 19349.779540
638.308316 18935.576682 19044.706079
639.308430 19730.574376 18935.180499
640.309925 20041.427868 19476.765026
641.310060 19759.258922 20044.149746
642.313991 19634.459614 20115.534927
643.316680 19104.079791 19968.559035
644.319174 19363.503510 19413.761367
645.320075 18322.549557 19253.509928
646.323778 18338.604987 18420.167139
647.326085 19642.825712 17991.132921
648.327864 18786.010842 18841.649373
649.329434 20302.724375 18824.590531
650.333002 19522.414265 19943.951337
651.334092 18584.032702 20008.092417
652.336848 19046.863187 19214.957247
653.337904 20257.034834 19007.781389
654.340359 19973.780135 19821.592646
655.340852 18561.158238 20124.917796
656.343270 19682.992064 19179.329533
657.345122 19193.354624 19393.367948
658.345856 19144.594598 19205.565104
659.346160 18864.202334 19072.041043
660.348497 19055.512900 18813.123203
661.349205 18629.785148 18839.916990
662.353544 20622.219877 18587.917047
663.354785 20478.825938 19966.710148
664.357966 20038.988155 20712.438676
665.358263 19658.367694 20697.021418
666.361300 19143.980783 20239.339128
667.363310 19125.978031 19479.464941
668.366226 19204.730884 19002.154744
669.366549 18912.591322 18853.520107
670.368311 18834.490599 18647.900811
671.370683 19370.939662 18552.688249
672.373489 19901.543918 18977.869353
673.375130 19209.147853 19686.680673
674.375783 19264.937452 19575.505096
675.380049 19289.123606 19470.170196
676.380524 18715.395674 19384.334176
677.382188 18899.843474 18887.317574
678.385593 18409.501331 18734.164648
679.388279 18875.406248 18331.251284
680.390677 18885.398026 18498.785802
681.393304 19528.412417 18684.202006
682.396965 18839.394847 19309.469906
683.399990 19198.033069 19160.076306
684.402492 19710.519394 19274.187808
685.402724 18966.841907 19696.569618
686.403313 19772.156400 19353.489852
687.406542 18669.782032 19689.273853
688.408076 18577.971326 19051.105713
689.409662 19703.336875 18567.832694
690.413259 18754.450518 19172.755004
691.414302 18644.481628 18896.196859
692.417968 18874.505083 18640.004534
693.422259 19550.325162 18685.545236
694.424276 19778.790345 19262.420608
695.425988 19902.055242 19794.183320
696.429211 18702.297092 20148.665105
697.429388 19445.536848 19364.434919
698.432736 19187.593489 19364.215186
699.433996 19329.130596 19190.978216
700.434510 19059.124251 19209.666380
701.435893 19222.388403 19046.371757
702.439327 18207.911336 19090.360683
703.440063 19601.185521 18384.504276
704.440419 18960.375756 19032.383476
705.441726 18928.791298 19017.916264
706.442496 19272.366643 18972.609187
707.442766 19319.631682 19196.682685
708.444964 18709.523228 19363.089203
709.446919 19127.120590 18977.846741
710.450171 19068.150736 19031.342653
711.450508 19310.696044 19037.807703
712.451208 19192.765824 19230.534967
713.451669 19328.133942 19258.491203
714.452162 19463.856867 19357.564065
715.454815 19853.563934 19501.535159
716.456770 18961.493739 19856.381433
717.458088 18337.444836 19364.047549
718.460541 18419.727851 18549.205478
719.463084 20339.163793 18150.556543
720.463770 19551.239336 19458.101859
721.465311 19663.521822 19741.196658
722.465511 20255.266436 19919.466591
723.466957 18470.857084 20388.423826
724.467519 18166.496105 19251.306082
725.467642 18956.185303 18259.364226
726.468599 18783.640918 18332.443166
727.472163 18807.998838 18395.509882
728.474647 19678.412681 18542.344439
729.476586 18941.184022 19334.985699
730.479135 18508.285224 19264.241580
731.480999 19461.231426 18823.431033
732.481897 18311.497757 19238.948959
733.482678 18425.118538 18639.978286
734.482894 18948.636824 18343.588404
735.484206 19885.221533 18608.414710
736.484211 19358.056572 19528.321924
737.486907 18321.732677 19682.126713
738.487073 19626.979337 18900.768650
739.487726 19993.763836 19344.265620
740.490356 19092.210429 19911.780909
741.492821 18555.999997 19539.869230
742.494664 18987.090899 18839.840866
743.498870 18917.913352 18742.184644
744.499387 17882.059975 18702.699936
745.500642 18172.454782 17959.870903
746.500788 18879.560366 17786.799760
747.502464 19558.944347 18327.007132
748.503940 19232.967045 19244.787113
749.506623 19570.587354 19537.733434
750.507785 19655.105740 19861.230230
751.511028 19784.920388 20013.706698
752.512723 18236.240759 20097.655679
753.515494 19008.841390 18899.936625
754.515817 19267.490387 18714.603604
755.519040 18924.341906 18889.483288
756.520783 18982.977239 18814.063545
757.525216 19184.123455 18847.899763
758.527703 18721.151764 19049.446903
759.528613 20157.943368 18836.660843
760.531371 19416.134514 19778.984246
761.535443 18117.828634 19788.529087
762.537017 18841.223936 18726.473455
763.538298 18782.281001 18585.830909
764.538520 19657.070990 18535.150692
765.538947 20094.009869 19227.685653
766.540561 19289.192892 20009.003626
767.544261 18746.810581 19817.301441
768.547529 18244.133872 19182.636478
769.547703 18567.487186 18379.339990
770.549614 18393.572093 18186.405203
771.553596 18992.990841 18054.771985
772.555375 19641.229239 18523.219464
773.556894 19452.244579 19361.064846
774.556972 19444.642771 19708.290141
775.561016 18765.641261 19812.190042
776.564114 18820.240535 19263.002042
777.567554 18333.342795 18905.017303
778.568553 19820.333495 18339.657436
779.569497 18694.520628 19170.641867
780.569577 18916.458669 18904.197340
781.572343 18913.106333 18885.009429
782.575201 19331.864542 18880.763531
783.578463 18637.595271 19200.794940
784.579714 19505.677280 18872.876091
785.582712 19385.147973 19301.157969
786.586359 19009.134440 19476.031755
787.587431 19250.676073 19258.737553
788.590743 19812.949686 19268.845898
789.592542 18725.697710 19691.062825
790.594696 18758.883806 19117.204021
791.596429 19563.258768 18757.287614
792.597607 18958.865782 19181.009679
793.598212 18283.206092 19035.138245
794.600833 18145.544600 18436.389644
795.600845 18862.004946 17995.473337
796.602402 20228.714804 18349.878259
797.604753 19646.552773 19680.144785
798.605799 19009.511215 20045.799029
799.606024 19526.735889 19651.033419
800.609019 18614.344821 19681.188568
801.611563 19370.377545 18973.359672
802.613875 18636.799877 19096.716054
803.615017 18154.376757 18676.626367
804.617920 18769.268106 18094.807561
805.620661 19364.817398 18279.958969
806.620804 18955.480166 18941.523926
807.621105 18936.030576 19071.126848
808.624215 19451.286674 19092.429446
809.625932 18631.370350 19450.423102
810.626967 18172.814709 19014.698579
811.628275 19390.436950 18357.087530
812.630527 19178.510689 18895.430481
813.634470 19432.821049 19129.408878
814.638058 19590.224161 19449.406299
815.638372 19107.230156 19723.311031
816.640590 20337.941293 19464.746176
817.643212 19049.667165 20169.118096
818.644772 19046.289223 19597.304259
819.645478 18180.986681 19171.954611
820.647264 19794.044392 18278.886533
821.650836 19314.575156 19017.670814
822.651047 19420.952679 19221.554423
823.651180 19218.313592 19426.534552
824.654550 19442.054906 19375.649833
825.657115 18949.565159 19478.679400
826.660144 19262.401500 19151.670749
827.661891 18855.469345 19172.267282
828.664859 19446.518230 18899.899986
829.667648 18731.344738 19195.895342
830.670658 19774.670104 18870.168623
831.672174 19094.574644 19455.093317
832.675834 19549.180450 19317.378265
833.678053 19197.128034 19533.774189
834.680307 19702.688064 19381.784404
835.681805 19288.042461 19638.795442
836.685097 19064.916877 19472.289914
838.264002 18458.799188 19175.631099
839.264627 19515.096115 18545.034869
840.266773 20144.828741 19000.400529
841.268508 18644.291953 19829.056725
842.269504 19056.232348 19196.925236
843.272230 19618.326385 19051.656467
844.272846 18292.775319 19401.736580
845.276489 19460.345108 18636.760789
846.277754 18664.547225 19043.953868
847.279653 19128.675825 18754.799805
848.282619 19029.283147 18935.756078
849.284595 19616.511135 18999.919643
850.286256 19569.056341 19479.763292
851.290370 19687.602989 19718.280982
852.290403 18284.290876 19889.143653
853.293227 19361.488232 18871.705738
854.295919 20290.730906 19024.031082
855.298064 18966.629169 19881.490047
856.298482 19016.295811 19419.453441
857.299960 19346.649035 19112.479052
858.301068 19316.460676 19182.710965
859.304711 19394.323281 19236.170170
860.307026 20046.909131 19341.369353
861.307697 19223.931682 19896.646814
862.310589 19299.395212 19594.618037
863.314693 19875.157560 19407.529707
864.315290 19261.716137 19718.773679
865.317321 19170.278480 19453.410568
866.320033 19492.975921 19204.227163
867.320182 19033.819003 19313.171369
868.322140 18537.907752 19068.226922
869.322619 19202.687872 18565.219281
870.324839 19355.952054 18805.472668
871.324871 19950.567401 19139.851299
872.325451 19071.050901 19807.027314
873.326937 18983.722724 19516.862968
874.327498 18232.168641 19194.831646
875.327647 18957.143717 18417.373192
876.331386 19606.962692 18526.074134
877.333208 19446.833789 19175.556233
878.334987 19326.558121 19488.052219
879.338287 19334.955906 19543.788854
880.340003 19659.165715 19523.647826
881.340244 18134.008080 19709.561689
882.342942 19215.752987 18646.051401
883.344059 20216.479957 18797.594107
884.345152 19638.175473 19728.450408
885.347290 19544.549344 19882.157582
886.349813 19407.391027 19827.796045
887.349862 18180.611930 19626.934864
888.352989 19413.674849 18551.533991
889.354290 19072.982871 18845.900229
890.355099 19603.706800 18879.508019
891.356097 18779.401530 19342.723574
892.358063 18427.388070 19021.348205
893.361971 19117.194059 18536.163757
894.362761 19513.916049 18783.732103
895.363211 19705.467664 19288.423258
896.364197 19264.499474 19740.805744
897.367627 18108.169242 19627.436325
898.370028 19077.666319 18612.769729
899.371404 18875.088094 18706.409117
900.375052 19378.709625 18694.109443
901.375083 19239.169430 19110.920417
902.377362 20504.161650 19281.618059
903.378679 18413.436125 20305.098888
904.380374 19730.717941 19298.560850
905.381322 19540.338348 19561.972011
906.382049 19873.791766 19593.079379
907.384989 18472.268184 19845.537869
908.386714 19949.788245 18927.687902
909.387228 18908.468360 19463.048035
910.389165 19448.793549 19071.423239
911.390766 17714.313218 19240.116014
912.392902 19299.371040 18075.771536
913.392903 19932.331089 18592.028084
914.393342 20047.070835 19501.712134
915.394971 18519.781196 20150.263707
916.396598 19468.950534 19303.274047
917.398773 18998.331970 19395.783008
918.400171 17029.327431 19107.365446
919.403061 18760.011902 17459.144892
920.403982 18656.974696 17825.593603
921.405217 18564.608955 18165.144629
923.260098 19209.985840 18388.603352
924.260516 19099.944761 19028.366779
925.261785 19294.523938 19311.122448
928.258803 19153.373300 19545.640244
929.259136 18926.425724 19494.257087
930.261222 18917.079162 19213.133879
931.261465 19129.500029 18993.885315
933.261181 18932.834630 19024.375145
934.262801 19353.286035 18918.402232
935.264585 18578.202006 19184.362429
936.267140 19334.074968 18778.260407
938.261839 18017.472838 19092.099517
939.263515 18748.639720 18322.061337
940.264026 20254.450042 18409.270284
941.265890 19435.981091 19667.074858
943.261860 18739.449140 19828.969228
944.262647 19096.029678 19289.270415
945.263481 19972.520006 19149.401093
946.265422 18834.867028 19723.491325
948.260068 18729.749227 19219.553877
949.261028 18958.425835 18792.575091
950.264457 19695.195792 18734.886688
951.265947 19445.521283 19314.504740
953.261385 19536.752240 19512.230648
954.263364 18974.945676 19662.839479
955.265255 19004.522935 19285.267161
956.266374 18535.787665 19041.083575
958.261500 19685.598711 18558.300170
959.263263 18610.794526 19173.638625
960.263367 19031.353469 18803.194736
961.264254 19439.436746 18885.291946
963.262823 19078.801970 19268.918390
964.263684 19065.014290 19232.885119
965.266149 18493.483212 19166.006935
966.266434 19335.157575 18678.671374
968.262540 19213.951597 19019.962326
969.264783 18993.345373 19178.502130
970.267376 19559.698959 19101.179731
971.269170 19092.979743 19460.325131
973.261146 20110.195982 19314.701876
974.261495 18955.598344 19949.371895
975.264074 18842.754261 19440.964698
976.265788 19132.561178 18980.786448
978.259802 18221.707906 18933.544464
979.259995 18592.116614 18276.537697
980.260154 18935.644897 18212.133397
983.260763 19022.671493 18532.573263
984.261542 18825.700125 18858.831052
988.257110 18514.174460 18915.191531
993.257110 19010.748528 18687.354670
998.257110 18708.890161 18902.571738
1003.257110 18847.241882 18810.830694
1008.257110 18732.198740 18843.238830
1013.259064 18879.855319 18774.161304
1018.258116 18772.437907 18839.874335
1023.257246 18841.102615 18802.163037
1028.257110 19080.671588 18827.374637
1033.257110 18952.088002 19023.089161
