126.004217 18937.313865 0.000000
127.004279 18687.381657 18937.313865
128.007040 20020.244483 18437.449449
129.008760 19146.449654 19374.613517
130.011090 19244.646680 19349.257170
131.011322 19444.359068 19359.524887
132.012636 19994.457249 19485.723485
133.015557 18965.301540 19951.055316
134.015992 19525.561289 19422.704932
135.019106 19342.638885 19464.373704
136.022319 19508.233280 19363.313183
137.023246 19209.278431 19431.810145
138.025488 19448.271493 19260.948272
139.028378 18893.926794 19341.844672
140.030051 19479.088209 18993.141053
141.032202 19726.552620 19232.856740
142.032887 19331.660895 19599.870759
143.035587 18447.790539 19518.879440
144.039135 19484.487805 18768.676377
145.040711 19011.253990 19090.876336
146.042550 19149.407303 18995.453821
147.043648 19457.465767 19055.307590
148.046013 19658.126753 19339.803251
149.047790 19599.893443 19661.962450
150.048657 18998.185752 19778.408143
151.050896 19075.061310 19340.721546
152.051690 18841.696083 19093.900968
153.053952 19434.579559 18790.756844
154.056029 18908.667771 19096.582199
155.058402 18697.159132 18939.560375
156.061269 18688.864690 18694.694833
157.064462 18687.502877 18566.657305
158.067433 19793.514784 18532.169028
159.070289 19142.151643 19383.267281
160.072327 19078.599045 19422.855928
161.074925 18241.005686 19324.809732
162.076226 20097.265819 18586.038943
163.077983 19469.912904 19522.590334
164.078288 19784.935034 19664.020214
165.080287 18796.304273 19922.474924
166.083523 18826.357785 19275.844236
167.085389 18900.645520 18855.184036
168.089839 19831.122917 18693.363174
169.090223 18658.715448 19362.131377
170.092922 19335.455067 18934.457762
171.096650 19535.837759 19159.240090
172.098882 19639.841200 19465.972017
173.100957 18720.859589 19714.806997
174.104268 18714.081898 19131.246829
175.106325 19468.624794 18731.786667
176.108492 18606.223758 19093.537566
177.111313 18554.299294 18721.384046
178.111828 19006.856860 18467.573866
179.112594 20393.016207 18701.768307
180.114339 18673.025642 19934.757176
181.114609 18686.660498 19375.823444
182.117499 18780.417492 18930.883270
183.118204 18880.724132 18717.675235
184.121245 18561.061864 18701.986762
185.123662 20080.784852 18499.080167
186.127756 19729.709024 19552.914535
187.127903 18087.828175 19948.492427
188.129022 18868.326185 18860.174886
189.129111 19342.284772 18708.302945
190.131199 18807.550406 19027.841725
191.133215 20395.744895 18865.171102
192.135977 18949.986578 19960.576483
193.138785 18268.176192 19532.752539
194.139818 19321.381256 18661.791287
195.142876 19860.198084 18917.810686
196.146204 19733.094726 19550.825648
197.148543 19485.429796 19849.348720
198.149362 19917.534556 19783.798060
199.151703 19769.240272 20000.509234
200.152433 19674.128702 19976.900439
201.152783 19307.099191 19841.847322
202.155317 19622.363215 19457.118975
203.157485 18935.751962 19463.697874
204.158244 19393.908422 18991.695219
205.160477 18753.405980 19085.325422
206.162893 18692.153859 18728.909442
207.163437 18948.899415 18510.886496
208.166022 20287.148918 18639.751031
209.167572 19114.001653 19785.157522
210.170694 19386.862275 19603.498167
211.172161 19853.603500 19594.939828
212.176333 18954.745830 19888.697188
213.178835 19697.135253 19352.659194
214.179856 19635.116614 19541.953923
215.182902 19289.635628 19628.882641
216.184427 19070.516902 19414.794754
217.184428 18839.045584 19112.121984
218.186874 19023.929663 18776.780840
219.188651 19044.428230 18763.339513
220.191644 19684.011334 18837.140313
221.192973 18800.485118 19405.550020
222.195329 19252.440622 19096.725540
223.198424 19062.969786 19207.219822
224.201301 19092.852057 19131.669037
225.201379 19956.526021 19099.130534
226.204596 18549.633486 19729.047137
227.207458 19362.549355 19045.705758
228.208870 18868.286416 19189.703903
229.211244 18776.922519 18934.217134
230.211369 18906.511227 18721.468147
231.211745 18983.974660 18726.148778
232.212768 18857.868395 18831.677280
233.215654 19214.179893 18827.936177
234.216478 18952.201884 19100.782304
235.219346 19123.459899 19069.071258
236.222346 19529.508057 19152.441903
237.224579 19526.355071 19491.417843
238.226597 19670.733675 19668.063627
239.228061 19847.325601 19829.243333
240.229496 19275.340493 20002.649716
241.230922 19456.342237 19621.533048
242.234521 19696.568760 19480.177884
243.234588 19568.870672 19583.711281
244.236921 19394.599276 19567.918784
245.237196 18567.731011 19429.556960
246.240055 18960.651645 18731.485428
247.242325 19480.527163 18636.201534
248.244695 20278.410202 19059.578753
249.244770 18536.070032 19974.916744
250.245021 19652.127318 19201.703977
251.245849 18929.944101 19485.732071
252.247762 18590.167864 19127.707518
253.249574 19018.578204 18644.422209
254.250076 18153.456891 18710.523723
255.253302 18703.002208 18171.747116
256.255139 18575.612910 18309.945244
257.255284 18817.263052 18381.766575
258.258436 19215.057849 18647.376431
259.260353 19021.380011 19120.999112
260.261446 19225.809516 19236.066758
261.262978 18870.952306 19393.251023
262.264142 18787.921652 19163.839872
263.265223 18896.341628 18913.639413
264.266790 19578.524023 18838.424726
265.267767 19775.439900 19326.933404
266.269449 19624.355971 19781.772306
267.272853 19482.667610 19894.295708
268.273766 18792.511601 19776.806205
269.276012 19643.537258 19126.909797
270.278086 19683.944796 19356.631287
271.278920 18550.843901 19573.524179
272.280007 19575.836781 18859.750107
273.282343 19685.214566 19194.381180
274.283865 18295.432819 19539.093955
275.286671 19230.036836 18705.644186
276.287832 19479.189634 18887.319471
277.290341 19028.757005 19250.701054
278.291324 19085.879038 19151.689519
279.294126 17746.966807 19114.292147
280.295328 19427.913772 18084.306011
281.297058 19098.851748 18745.688365
282.297558 19342.428912 19000.139376
283.300837 19736.285311 19334.725847
284.302751 18654.446120 19799.337149
285.306033 19319.104817 19204.500447
286.308112 19627.229642 19268.062537
287.310974 19036.675427 19543.697770
288.315699 19156.833422 19259.482694
289.316552 18686.114838 19151.791836
290.317957 18455.682417 18746.167865
291.318504 19202.244034 18355.518307
292.321505 18354.304106 18745.155768
293.323034 18752.492011 18418.291619
294.324977 18624.682283 18537.503595
295.327740 18857.601340 18554.999392
296.330298 19741.067687 18755.857305
297.333186 18879.880219 19544.322030
298.335067 18730.044060 19341.850206
299.336356 19601.825012 19012.744679
300.339658 19612.190205 19431.352474
301.343136 19746.594467 19691.048401
302.343917 19100.018899 19901.985012
303.345005 19205.633638 19483.674005
304.348855 19704.584884 19257.815780
305.349531 18729.764879 19506.054566
306.352758 19264.635518 18948.691535
307.355695 18153.749990 19016.431335
308.357634 19256.155991 18279.188134
309.361606 19017.540248 18706.011498
310.362369 19017.290490 18877.997497
311.362515 19547.293154 18998.688865
312.364703 19798.827120 19461.186953
313.368238 18841.956104 19902.613022
314.371380 19127.577101 19379.726319
315.372519 18496.086787 19198.056161
316.376039 17677.680443 18615.983582
317.379622 19283.017384 17681.168335
318.380004 18190.169636 18416.891445
319.381154 19274.171642 18181.648673
320.383037 19622.653149 18879.159032
321.384902 20152.347101 19588.028495
322.388533 19030.969482 20348.389854
323.390903 19036.342209 19838.526631
324.391429 19375.559418 19385.735277
325.394081 19475.932567 19326.404240
326.395715 19807.829484 19384.307378
327.397716 19360.345012 19685.087932
328.399909 19655.765893 19530.550242
329.401959 19390.563689 19632.295751
330.403522 19538.866075 19490.134387
331.403810 19420.950622 19505.387821
332.405508 19227.622535 19432.947511
333.406959 19743.189704 19248.732069
334.408251 18345.064998 19538.022341
335.410120 19064.678524 18685.365788
336.411743 18286.586142 18713.672459
337.413541 20000.332629 18232.008024
338.415926 18360.015528 19290.130201
339.416273 19053.142142 18766.504072
340.418425 19240.477292 18922.913831
341.420285 18792.614926 19174.177151
342.420351 19316.665244 18980.487072
343.424062 19542.883932 19229.711734
344.424854 19431.332179 19545.726459
345.424916 19430.106859 19619.359375
346.427811 19215.869674 19608.250044
347.429650 19161.512318 19397.481693
348.432408 18996.725609 19205.926496
349.435899 19442.993287 18975.455322
350.438388 19615.333874 19200.238065
351.440679 19245.277202 19502.573682
352.442390 19441.646598 19404.389034
353.444733 18741.893753 19462.795800
354.447249 18895.223775 18961.897248
355.447723 19077.446406 18771.444615
356.450856 18559.780394 18843.830062
357.451859 18735.336128 18550.177363
358.454908 20224.367555 18537.418571
359.457928 19886.808964 19697.292135
360.459877 18884.597170 20155.828828
361.461515 18526.593040 19566.183363
362.462967 19845.337319 18832.460985
363.463040 18795.504185 19378.191019
364.465453 19320.666250 18980.467760
365.467570 19802.463140 19129.236786
366.468974 19424.356307 19612.826333
367.469764 18611.459025 19618.450183
368.472018 18869.926250 18963.065677
369.472222 20338.685767 18741.322181
370.476125 19276.791323 19764.171087
371.476541 19429.803727 19622.803378
372.476644 19518.054107 19580.375812
373.477962 18356.287803 19587.706793
374.480134 19466.095895 18702.634384
375.482401 18607.157099 19005.867603
376.485770 19169.172336 18628.337189
377.489757 20148.210931 18855.788387
378.490084 19228.666405 19782.138920
379.491120 19164.372873 19647.173794
380.494558 19495.190367 19426.844235
381.495692 19393.550767 19499.174736
382.496396 19369.072474 19458.114193
383.497383 19542.103430 19403.084347
384.497794 19524.612702 19496.839672
385.500515 19439.555085 19541.915228
386.501000 19345.878921 19496.334162
387.504608 18789.843477 19389.091737
388.505017 19724.293861 18907.640737
389.505892 18785.883869 19338.303710
390.508223 19250.599072 18946.325241
391.509567 19492.051331 19058.762065
392.511831 19345.321999 19344.028923
393.513406 19092.386855 19413.620955
394.515605 19336.203012 19241.640875
395.516506 18587.065709 19301.199447
396.516926 19035.795693 18777.876647
397.518995 19547.746810 18805.060001
398.519681 19150.527655 19260.298939
399.521170 19206.214640 19261.866009
400.523032 19502.559437 19276.580194
401.523104 19814.317561 19488.604496
402.524283 18859.666001 19831.923976
403.524389 18798.818939 19283.193442
404.527435 19353.020199 18857.311018
405.528464 19735.749665 19045.397731
406.530949 19381.142079 19503.393804
407.531776 18707.422841 19524.525117
408.532425 19699.088263 18993.955585
409.532562 19315.999305 19400.786699
410.532783 19069.753996 19391.460929
411.533478 19510.091074 19183.248657
412.535001 19345.080635 19381.021663
413.535858 19110.149778 19388.417690
414.537677 19285.698999 19205.083297
415.537876 18315.933700 19221.344636
416.541482 20483.270931 18518.239922
417.544038 18724.907091 19741.613933
418.549210 19699.578979 19219.942308
419.552704 19600.364645 19566.351607
420.556075 19088.703376 19698.452349
421.559657 19750.201473 19356.234842
422.563452 19187.502977 19614.366795
423.565638 19307.455802 19355.367569
424.568206 18913.699487 19273.866427
425.571134 18265.953768 18946.195963
426.574202 19907.452748 18288.427323
427.574991 19409.310173 19185.048850
428.578166 19419.000878 19440.353656
429.580418 18847.612337 19567.513218
430.583342 19192.550578 19165.423507
431.585993 19111.870036 19143.629541
432.588556 19480.653192 19084.452410
433.590949 19789.870990 19338.305619
434.593576 19105.689015 19732.732464
435.594840 19063.482388 19431.094038
436.598088 19540.243416 19167.268598
437.599040 19182.196646 19366.980097
438.600666 20264.697707 19241.616598
439.601955 19170.760354 19975.955657
440.604790 19133.113592 19594.857684
441.608048 19770.900531 19270.049293
442.612250 18882.694421 19551.751377
443.614661 19546.928869 19081.235125
444.616871 18302.062453 19294.517659
445.617772 19404.945164 18530.611916
446.618836 19144.508183 18918.683713
447.619724 19065.642723 19038.957238
448.621324 19854.828351 19066.332642
449.623490 18802.218701 19671.737085
450.625355 18768.039928 19230.754886
451.629025 18833.266399 18877.495660
452.629742 19517.512057 18722.421967
453.632437 19102.859921 19185.780473
454.635084 18953.415075 19189.403520
455.637137 19764.651749 19057.495509
456.639191 19525.946640 19573.948900
457.640436 19976.374855 19700.822476
458.641563 18649.534531 20058.361467
459.642002 19462.514125 19221.504066
460.643305 19178.778076 19269.817678
461.647725 19784.019269 19129.346558
462.648332 19323.414365 19525.399773
463.651508 18947.249549 19442.627576
464.651895 19720.293759 19089.314563
465.652896 18874.350843 19456.924960
466.656700 18471.176911 19072.115172
467.657506 18340.775961 18527.888746
468.659588 19405.609050 18143.796863
469.660679 19042.179484 18799.620512
470.661300 19454.126679 19006.457297
471.661907 19178.383533 19427.766632
472.663649 18225.986858 19438.203952
473.664370 19773.424668 18664.170001
474.665549 19199.814365 19328.185597
475.669479 19666.003582 19341.295436
476.672491 18630.386083 19662.122000
477.672932 19545.364986 19046.792553
478.674743 19648.344378 19321.260389
479.674930 18845.474470 19591.755001
480.675832 18950.094273 19138.997220
481.678187 19516.097652 18917.702494
482.680937 18787.047066 19239.655610
483.682509 18733.065006 18922.954739
484.685347 19325.801521 18690.140840
485.685698 18844.359596 19029.017318
486.687892 19395.456844 18911.570164
487.691066 18866.142558 19249.366881
488.694422 17740.987753 19057.802016
489.697179 19187.048589 18070.238615
490.697566 19450.818034 18578.689826
491.700418 19818.153865 19182.832206
492.701849 19053.398811 19827.401726
493.705420 18858.436191 19573.808230
494.706662 19088.539791 19170.687163
495.707401 19241.195284 19063.641586
496.709673 18995.783367 19130.834969
497.712734 19985.446855 19007.962801
498.713696 19234.106700 19685.729475
499.716544 18864.947463 19536.037040
500.719389 19158.909201 19108.838810
501.721465 18758.253684 19054.738162
502.725993 19588.232686 18753.238960
503.726188 19526.911286 19226.227292
504.728186 19359.647391 19507.231756
505.730397 19238.275958 19527.205949
506.733885 19742.491356 19404.274832
507.737314 19284.681146 19679.471103
508.740526 19308.424553 19489.466645
509.742722 19508.283251 19361.075596
510.744900 19359.889610 19433.611334
511.745054 18856.915446 19377.251952
512.749208 19701.163944 18967.501053
513.749947 19468.097012 19368.165575
514.750113 19504.937340 19476.947229
515.750925 19087.854060 19556.755748
516.754502 19047.935507 19270.892945
517.756373 19187.940662 19052.262908
518.758392 19625.874327 19046.869905
519.760529 18833.398534 19407.891342
520.762231 19035.226396 19048.540962
521.763118 18890.186520 18966.451061
522.764351 18433.593928 18833.820038
523.764437 19127.860327 18439.151703
524.766787 18407.406614 18761.127891
525.769598 18725.011768 18473.458809
526.770987 19050.456347 18551.315085
527.774594 18703.064240 18877.750828
528.778492 19357.010885 18823.600998
529.779355 19805.975069 19256.851878
530.781572 18482.792022 19835.240208
531.784277 18966.119875 19124.730803
532.786392 18381.836263 18971.487295
533.790077 18926.249010 18455.310977
534.790565 18767.826175 18587.163699
535.790936 19024.549878 18619.044262
536.794997 18483.390362 18864.722799
537.798711 19126.012634 18621.649201
538.801987 18365.473093 18947.514395
539.804396 19152.448080 18584.666897
540.805205 19879.150958 18938.675937
541.806297 19638.813589 19714.150651
542.807078 19135.308333 19962.885058
543.810007 18978.239689 19628.605453
544.811538 19207.432001 19220.339887
545.814169 19760.937526 19127.576289
546.815442 19863.859159 19516.287561
547.816506 18972.653192 19848.996914
548.820036 19107.412136 19350.662676
549.821316 18330.644521 19108.062394
550.821381 19519.107776 18404.023978
551.822807 18784.059813 18925.007346
552.826520 19590.440380 18782.738166
553.829285 19390.827599 19316.719413
554.830789 19060.338235 19502.430692
555.834310 19373.389448 19319.518536
556.836043 19903.754106 19398.055792
557.838673 19234.878251 19828.931327
558.840452 19205.542220 19561.417899
559.843208 18097.214014 19324.024249
560.846475 19079.511665 18344.460763
561.847657 19038.380687 18529.590571
562.847968 19791.210348 18728.787514
563.850618 18922.463437 19470.406525
564.851569 19468.961751 19269.856804
565.852141 18739.277107 19492.607336
566.856085 19343.779872 19050.807724
567.856930 18912.255904 19205.402337
568.857814 19711.552087 18993.651051
569.858128 18931.594204 19466.898759
570.858243 18617.494078 19179.717532
571.858254 20681.936090 18738.520992
572.860857 18779.703709 20035.997503
573.861719 19524.357197 19419.546119
574.865758 19624.285067 19509.849941
575.868103 19530.048350 19633.574568
576.868128 18042.762406 19622.436969
577.870374 19536.335764 18478.306557
578.871213 18306.312169 18917.535331
579.873785 18991.693347 18369.332130
580.876326 19012.408844 18593.511423
581.876957 18624.924721 18820.683174
582.877554 19769.742773 18691.587374
583.878671 19383.232983 19468.987350
584.879666 18283.828910 19642.993851
585.881682 18660.605886 18840.503830
586.882188 19087.222515 18582.672821
587.885715 19494.541215 18793.203055
588.886215 18923.108829 19277.462061
589.890151 19376.945670 19145.287064
590.892622 19303.267572 19364.032637
591.893266 19141.312508 19421.375109
592.896757 18963.485047 19299.053162
593.900627 19099.094058 19065.086430
594.902037 19102.230204 19024.409476
595.906652 19143.747936 19025.094254
596.907742 19356.490945 19075.858929
597.910381 18834.014248 19277.770776
598.911970 18954.818798 19006.549218
599.914023 19019.115506 18918.408109
600.914033 19250.576190 18931.662758
601.916266 19352.861442 19133.748783
602.919955 19321.496417 19340.712586
603.922532 18914.409141 19423.707933
604.924486 18525.288303 19134.337270
605.925151 19172.158392 18642.829278
606.925958 19259.801688 18852.842605
607.928137 19337.143680 19103.410687
608.929272 18705.956275 19325.798972
609.931684 19099.939238 18966.438738
610.933654 19107.931409 19017.125228
611.936134 19721.915222 19069.166103
612.936659 19343.089230 19565.365727
613.937671 19578.883855 19568.483419
614.939686 19395.981251 19690.539686
615.940384 18805.146122 19586.476909
616.941767 18028.615819 19043.695259
617.945558 18993.157433 18130.269423
618.945564 19339.472003 18371.549314
619.946325 19082.837098 18907.327217
620.947486 18916.976594 19090.776186
621.949404 19074.870242 19056.120521
622.953095 19069.633244 19122.426943
623.955854 18455.689226 19139.763230
624.956572 18593.591983 18670.440864
625.959520 19483.538718 18485.518839
626.962526 18982.684792 19087.536164
627.963953 19715.205790 19111.905020
628.964835 19367.064529 19641.175140
629.965428 19401.233067 19663.211917
630.965982 19274.051925 19625.819861
631.967803 19135.855728 19455.591279
632.970744 19010.596986 19221.445001
633.974076 18768.184713 18989.030488
634.976162 18599.482584 18696.405651
635.977301 18790.907564 18441.511401
636.979263 19241.199958 18497.125807
637.982658 19047.488483 18936.097745
638.984329 19956.215169 19086.575661
639.984793 18567.201637 19833.587839
640.988190 18965.703298 19195.990611
641.992052 18265.677391 19018.870999
642.994498 18749.925357 18391.999838
643.995311 18691.673747 18410.169620
644.997767 19591.012366 18460.504738
645.999379 19294.837528 19217.968513
647.003009 19201.217451 19467.830236
648.005077 19441.732800 19479.297862
649.005950 18591.809642 19595.898084
650.010603 18684.220302 18978.214506
651.011021 19705.219067 18642.079496
652.013342 18816.127450 19250.296266
653.013718 18214.214598 19001.316638
654.016640 19578.470270 18379.094889
655.017371 18863.010752 19049.955695
656.020307 19453.460057 18980.920104
657.021661 18741.130165 19359.761949
658.026487 18799.899764 19038.359980
659.027221 19509.086422 18847.428741
660.027987 19731.031328 19271.970870
661.031723 19463.982588 19709.979503
662.032515 18815.339515 19733.960220
663.035339 18811.117521 19191.973866
664.036112 18988.335843 18823.655606
665.036827 18610.989800 18769.275696
666.037195 19084.321086 18513.841246
667.038146 19363.010705 18765.409624
668.038564 18711.212402 19179.938892
669.042558 19024.199757 18944.122752
670.044688 19432.398255 19002.727611
671.047620 19129.571822 19343.546951
672.048011 18963.210608 19309.049622
673.050608 19247.063317 19122.160597
674.053355 19333.684380 19201.868119
675.053462 19305.582873 19317.986477
676.054026 19739.485786 19358.894001
677.055401 19125.413192 19691.447166
678.057548 18583.559625 19409.178958
679.059582 19287.920235 18790.713237
680.061168 19160.235111 18957.962431
681.062447 19050.390275 19028.312636
682.063235 19954.439946 19014.084730
683.065353 19268.115056 19694.084417
684.065533 19776.036600 19584.429475
685.066794 18762.320235 19831.464557
686.070815 19718.154935 19180.837835
687.072014 18850.452181 19467.771099
688.072798 19979.599139 19023.056625
689.076568 18911.352655 19604.408495
690.079044 19810.831075 19187.697229
691.080555 19854.709188 19584.864267
692.083468 18718.740017 19872.848073
693.085380 18736.248777 19160.328376
694.086967 19727.507248 18706.803008
695.087469 18911.690723 19230.845619
696.087760 18767.204916 19005.169938
697.089363 19845.714262 18760.597939
698.092232 19463.645883 19448.845693
699.092427 19295.785022 19605.635428
700.093643 19029.862772 19522.637264
701.094096 18975.815206 19224.983434
702.094373 19633.143417 18986.840678
703.096592 18589.793023 19358.009091
704.096697 19288.331901 18829.864083
705.099431 18399.806777 19029.677973
706.103009 19262.964266 18527.854557
707.104257 19292.391689 18892.299020
708.108039 19357.491917 19189.258131
709.110411 18823.095159 19412.346247
710.113364 18692.459908 19109.379154
711.114757 18524.613175 18788.348171
712.117071 19256.494569 18477.975564
713.117349 18706.872485 18883.359709
714.120873 19280.799095 18767.118933
715.123698 19782.497439 19124.381890
716.124650 19998.908399 19718.391428
717.125590 19509.833144 20193.730920
718.125712 19116.236369 20015.888595
719.128692 19449.052641 19505.255988
720.130689 20906.983528 19402.296983
721.132532 18672.903251 20455.954561
722.134668 19823.854198 19419.980384
723.135033 18893.252682 19578.437222
724.138525 19143.612634 19021.068748
725.141427 18860.002526 18898.200459
726.142174 18662.308361 18685.411777
727.144443 19403.021982 18474.394500
728.147574 19205.855463 18971.399542
729.149098 18111.129424 19179.932784
730.153575 19422.326922 18469.635545
731.156094 18388.682646 19008.258519
732.156101 18813.006209 18605.853899
733.156533 20074.967547 18668.601449
734.646683 19788.761243 19682.547417
735.647872 19685.991114 20072.970706
736.651179 19520.282520 20120.052388
737.653831 19455.582141 19910.796465
738.656369 19384.763014 19660.014733
739.657564 19646.003834 19430.401374
740.659417 19787.119872 19500.115719
741.660678 19754.550764 19677.281949
742.662806 19651.462605 19768.897714
743.664519 19634.587889 19733.802739
744.667353 20352.196558 19683.014181
745.669931 18991.615285 20183.719831
746.670783 18852.896682 19455.755883
747.671641 18873.921090 18871.699808
748.674779 18422.242322 18590.739294
749.675160 19550.596287 18182.295411
750.675903 19291.820394 18884.325671
751.677096 18357.915257 19207.826535
752.678952 19446.572446 18690.146579
753.679861 19789.690955 19164.741662
754.683004 19541.005648 19729.835782
755.683450 19641.829569 19840.832654
756.684913 19188.163248 19896.992279
757.685516 19339.472186 19521.031674
758.685517 18402.959974 19363.315968
759.688903 19072.263988 18576.113011
760.689568 20014.119427 18641.201284
761.692262 20271.591455 19487.902675
762.695842 18492.866392 20235.911580
763.698147 19184.507144 19284.792204
764.700009 18498.166031 19129.981627
765.702043 17688.500621 18551.451883
766.705223 19210.585054 17641.616491
767.705391 19717.797134 18339.983152
768.706559 19345.450146 19287.226018
769.710262 18159.334867 19589.229989
770.712688 19561.564415 18789.700554
771.714317 19342.526843 19284.016576
772.716494 18502.256522 19436.283367
773.718544 19500.329803 18858.774892
774.720104 18456.769630 19229.446022
775.720542 18883.503218 18699.832403
776.722032 19082.444227 18694.310091
777.722485 18524.604455 18888.052973
778.726023 19065.218556 18615.142399
779.728993 19041.971540 18861.513201
780.730209 18906.521151 19018.189679
781.731759 19080.319069 19000.885591
782.733564 18606.742129 19098.990876
783.736374 19427.030640 18788.192861
784.738145 19108.066446 19202.647554
785.740381 19135.689346 19226.747527
786.742017 18664.419673 19229.844418
787.745885 19549.419379 18854.401841
788.747226 19257.713044 19282.934790
789.749527 20512.566465 19345.042660
790.751826 18877.891257 20295.404257
791.754033 19274.282109 19598.869202
792.756425 19092.214340 19367.650327
793.758370 19414.392629 19092.148008
794.760027 18733.953349 19196.047148
795.762947 18928.387777 18792.253629
796.764577 18772.276312 18721.607620
797.766302 19762.903045 18620.896056
798.767831 18980.946171 19351.355388
799.769537 19932.053856 19233.004313
800.772286 19353.681173 19824.145003
801.774529 19939.397173 19712.913049
802.774807 18363.854850 20006.776103
803.777544 19586.369044 18955.206155
804.778418 19232.744833 19198.469001
805.779599 18995.668249 19151.857276
806.781780 18887.664271 18970.965865
807.782105 18544.204057 18805.692772
808.785262 18990.964203 18485.953940
809.786883 18057.378480 18675.717162
810.789330 19291.508003 18149.221241
811.789402 19684.925382 18788.609733
812.790254 19809.019400 19529.091580
813.790567 19023.245957 20031.361468
814.794152 18913.552301 19637.580812
815.795439 18445.817131 19204.836529
816.796945 19309.959611 18564.841952
817.800513 19672.642765 18863.195319
818.800765 18346.737998 19396.075441
819.801369 19411.012150 18737.228758
820.803203 19392.822567 19108.388340
821.804068 18848.568346 19355.981897
822.806521 18985.392950 19080.798176
823.808267 18082.482125 18987.767312
824.809461 19114.065514 18263.475170
825.810160 18634.140238 18629.768380
826.811625 18916.590276 18574.045311
827.812560 19497.336039 18773.045037
828.815470 18880.879070 19343.990532
829.816104 19735.964876 19205.456929
830.817057 19040.953862 19696.360018
831.819661 18346.553507 19430.454516
832.823050 18442.016983 18679.326335
833.824956 19245.358855 18292.166645
834.826281 19904.415497 18738.555788
835.826797 18612.336552 19582.743608
836.829116 19261.774308 19116.196281
837.829674 19880.477141 19244.036003
838.830782 19151.019800 19776.417564
839.831822 19395.099363 19521.530234
840.834391 20447.553029 19484.518632
841.837406 19497.073801 20232.998263
842.838828 19196.316805 19948.017349
843.841989 19277.090588 19467.223258
844.843869 18240.751947 19219.679937
845.844723 19126.352699 18333.006958
846.846468 18965.970636 18530.807280
847.849400 19713.677468 18658.307248
848.851864 18457.444266 19359.753204
849.855180 18810.170072 18856.782345
850.857753 20111.351837 18770.006751
851.857922 19093.036133 19712.546108
852.860958 18957.346845 19519.780441
853.863069 19297.262122 19214.944564
854.864645 19228.827318 19253.063654
855.867423 18802.915616 19231.846713
856.867867 19492.224385 18901.049617
857.868014 19051.039645 19228.099145
858.870234 19289.328707 19126.766664
859.874345 19298.938649 19235.885466
860.875748 19498.816991 19311.013133
861.876312 18842.712069 19495.467102
862.876860 18454.723451 19096.452868
863.878336 19614.035002 18542.519087
864.880720 18913.694329 19113.086951
865.881824 19028.488309 18998.352391
866.882074 19429.265998 19005.916080
867.883720 18835.034868 19315.924249
868.884720 19325.832517 19053.590423
869.888233 18579.056710 19235.882858
870.890967 19312.486793 18789.434635
871.893957 19175.351623 19063.688605
872.897216 19379.018623 19160.163759
873.898028 18777.164645 19364.948552
874.901244 19330.594192 19019.467983
875.905816 19407.525204 19201.224024
876.906959 19351.534644 19382.142845
877.907684 18531.460832 19436.954926
878.908588 19921.449067 18827.950537
879.910534 18498.396447 19491.817092
880.912655 18816.286078 18863.868898
881.916184 19443.514817 18696.943912
882.917023 18825.283932 19113.738515
883.919991 18238.109825 18940.906728
884.921999 18961.441098 18385.204555
885.922155 18612.999924 18613.078241
886.924891 19357.901020 18552.774918
887.926293 19118.588386 19096.355330
888.927360 20169.450592 19254.047483
889.929453 19599.356598 20087.175439
890.930348 19451.154807 20096.737710
891.932424 18870.590902 19866.022225
892.934861 19247.976550 19211.524699
893.937275 19298.574338 19082.081723
894.939665 20120.498015 19096.782283
895.943870 18782.470067 19771.023334
896.945579 19344.034186 19191.991569
897.947579 20271.705289 19221.268401
898.951084 18552.075616 19962.351590
899.952438 19080.532478 19120.509354
900.956000 18808.224485 18953.822448
901.958943 18821.849608 18697.925508
902.959591 18901.749566 18607.770624
903.960454 19419.617172 18676.137897
904.961779 18620.577899 19155.125155
905.963988 19620.479543 18861.462334
906.964570 18928.623313 19404.336047
907.966799 19808.983660 19210.916605
908.968933 19515.307602 19703.903822
909.972492 19814.378495 19756.410346
910.976017 19672.180297 19946.691092
911.977637 18584.938190 19902.104667
912.980263 19496.795464 19006.898782
913.982612 19356.384893 19137.698647
914.983762 18619.233860 19187.564855
915.984140 19226.498440 18701.839694
916.985288 18923.238422 18893.774090
917.985715 20042.976165 18845.477362
919.645242 18854.688620 19680.572570
920.645430 18813.824269 19297.505414
921.646575 19230.354423 18964.619374
924.643792 19083.056286 19072.875194
925.645580 18943.417875 19055.899308
926.645944 18376.929404 18949.471801
929.645888 18207.343843 18469.878214
930.648303 18944.060017 18079.655046
931.648721 19582.614020 18469.002792
932.649221 19653.418842 19261.356474
934.644042 19202.296611 19790.951317
935.645848 19116.872059 19683.023947
936.647285 18288.024550 19444.810014
937.647706 19349.280129 18622.082927
939.645703 18701.468909 18923.146474
940.648304 19175.771142 18694.353245
941.649289 19621.168839 18937.462222
942.650744 19494.148346 19452.642213
944.644268 19438.714640 19657.098495
945.645228 18634.514706 19677.013820
946.646752 19533.212048 19024.246737
947.647031 19167.022338 19274.453194
949.645593 18585.863656 19189.603853
950.646831 18924.732723 18705.664793
951.649231 18918.403807 18687.896778
952.649335 19160.566524 18733.475070
954.646098 18429.900974 18984.118438
955.647962 19890.806740 18605.552981
956.648748 19040.594439 19468.036576
957.648921 18683.644369 19367.311688
959.644633 19250.453612 18967.557379
960.646612 18614.653954 19121.808904
961.646925 19639.210400 18754.246100
962.647159 19767.622444 19303.983996
964.645945 19133.618874 19758.968578
965.646446 18493.459205 19513.121658
966.649782 19318.773488 18815.202750
967.653118 19179.803108 19004.793122
969.645807 19183.333730 19073.855614
970.647607 19169.587301 19137.521701
971.647801 18794.979377 19170.497929
972.649320 18982.805307 18905.802443
974.645973 19159.148375 18886.618382
975.647846 19221.532241 19033.330383
976.649071 19311.860130 19184.928782
977.651296 19043.054182 19337.624762
979.644577 19109.913789 19205.927133
980.645557 19406.588994 19149.504787
981.646583 18911.548976 19333.902267
984.641584 20743.757255 19072.992676
989.641584 18665.501832 20276.333164
994.641584 18779.985818 19436.167864
999.641584 18925.022489 18909.281695
1004.641584 18994.147243 18722.292145
1009.641584 18800.087849 18731.323522
1014.641584 18878.652649 18656.000594
