95.002635 18514.213163 0.000000
96.002755 19124.759574 18514.213163
97.003942 18978.062281 19735.305986
98.004378 18771.725214 19777.919619
99.005608 19603.527367 19444.509301
100.007455 19415.048885 19733.459735
101.007856 19162.778283 19704.092998
102.009174 18861.943251 19427.945650
103.009210 19379.136866 18997.953860
104.009808 19063.427692 19136.850524
105.011956 19046.565034 19030.088561
106.013542 18837.136411 18972.395369
107.015719 19989.521786 18805.019722
108.017086 19445.014914 19593.650102
109.017922 19423.287137 19678.553059
110.018971 19405.066571 19646.324168
111.019151 18405.508606 19560.785041
112.021138 19664.382584 18729.417386
113.022678 19151.032858 19176.911847
114.023246 18939.636835 19137.514467
115.023350 18955.702000 18962.648357
116.024928 18636.324913 18881.511296
117.026748 19178.724268 18619.957626
118.028731 19082.472856 18900.072129
119.030296 19303.010449 19037.603856
120.032657 18991.482153 19282.990164
121.033259 19115.952398 19177.042168
122.033559 18932.499592 19171.030849
123.034564 19290.745387 19016.665973
124.035398 19070.264744 19187.126286
125.036623 19646.893737 19132.900735
126.038150 19170.656916 19522.600707
127.039729 18435.650192 19391.346335
128.040615 19494.129824 18719.291750
129.041921 18237.855215 19106.213793
130.042314 19151.354306 18454.447865
131.044436 19411.007542 18759.541057
132.046987 19556.188316 19204.780892
133.048687 18966.827132 19587.843052
134.051283 19618.597110 19329.439561
135.052299 19108.988484 19598.412191
136.053166 18656.019291 19355.738266
137.055591 18834.541851 18832.986964
138.059056 18701.414579 18661.261315
139.061001 19309.210634 18518.873170
140.061812 19320.045349 18949.161491
141.063201 18845.562160 19262.443974
142.065951 18958.307831 19077.623167
143.066605 18529.073537 19011.756765
144.069159 19951.668940 18643.535611
145.071032 19179.615632 19497.756067
146.072430 20427.679603 19459.304532
147.072439 18433.537453 20306.204518
148.072541 19169.702775 19264.416669
149.072659 19336.455354 19087.926933
150.074473 18689.688692 19145.190459
151.075427 18393.437151 18736.563450
152.076879 18890.308626 18298.342600
153.077788 19434.141826 18475.659419
154.080549 19300.532454 19075.855030
155.082365 19305.007648 19365.317506
156.084608 19588.205442 19497.208876
157.086601 18977.406042 19727.502600
158.089631 19375.622678 19349.725622
159.093161 19390.267839 19366.419715
160.097137 19357.304596 19388.051373
161.101426 19671.401157 19374.698886
162.101565 19623.900985 19599.246492
163.102145 19264.273950 19693.933832
164.105904 19088.012831 19454.049013
165.107970 18610.082231 19154.466999
166.110305 19753.039940 18629.614500
167.110561 19388.651263 19219.523465
168.112653 19927.002739 19374.565559
169.114986 18805.058813 19859.371638
170.116887 20396.990854 19277.224509
171.118313 19233.843772 20062.058551
172.122480 20111.887635 19665.848336
173.123126 19428.783672 20018.274985
174.124291 20357.032580 19705.563500
175.127939 19268.313916 20176.199481
176.128742 19133.291595 19640.186748
177.129788 18485.919060 19177.945433
178.130535 19499.246421 18450.131915
179.131717 19591.241927 18855.167463
180.132980 18997.756924 19287.701606
181.133811 19035.979680 19134.740006
182.135810 18995.439321 19052.680502
183.136198 19406.165608 18977.070276
184.137676 19902.862267 19251.902139
185.138844 18977.131986 19800.406432
186.138951 18990.097689 19405.974826
187.139620 19707.464288 19111.272591
188.140670 19435.953772 19471.652697
189.143287 18994.838452 19507.162761
190.145091 19201.077339 19176.279055
191.146466 19157.254827 19120.156217
192.147630 19097.552616 19079.458194
193.149990 19000.402871 19033.781683
194.151302 19497.247393 18954.023852
195.153122 18239.140460 19298.373082
196.154096 19852.802149 18576.686075
197.155301 19121.955961 19341.702435
198.155543 19032.142886 19303.850903
199.159066 18030.940517 19172.091595
200.160569 19417.953118 18320.322986
201.162030 19997.049574 18862.352516
202.165185 18742.057376 19706.589773
203.168592 18265.705191 19260.079203
204.171252 19139.397679 18550.054323
205.174169 18929.274122 18779.223966
206.175650 18765.515123 18826.259548
207.178130 19759.067175 18752.711733
208.180031 19100.069204 19464.302713
209.183392 18503.165483 19399.540840
210.185364 19270.781541 18844.614204
211.186754 19139.264266 19057.500749
212.190336 19205.873569 19118.626263
213.191744 18779.344123 19204.305498
214.193685 19610.513709 18927.640049
215.194236 19913.528879 19375.610532
216.196729 18869.602288 19885.582945
217.198605 19350.467933 19364.610692
218.201107 18977.203687 19341.021698
219.203410 18790.008639 19051.640576
220.204716 19606.526786 18747.944506
221.206118 19391.413413 19219.001114
222.207240 19133.995540 19390.075807
223.210975 19014.124404 19282.884150
224.212380 19151.486314 19102.162817
225.214732 18634.164641 19092.813980
226.214735 19377.619238 18714.816390
227.216245 19721.745417 19063.245606
228.216978 19831.937365 19574.148256
229.218760 18952.061357 19949.142832
230.222454 19253.210578 19447.431748
231.222736 19040.893715 19298.595523
232.225923 19388.891559 19053.593527
233.227721 19434.423334 19188.915960
234.230191 18737.534638 19340.719907
235.232038 19842.297668 18917.381215
236.232716 18535.767110 19489.322498
237.236444 19602.335745 18883.639013
238.238686 19498.946702 19293.755771
239.240991 19131.973539 19498.417362
240.242546 19249.692120 19325.650619
241.244593 19641.000615 19279.136914
242.246812 19205.593213 19542.000234
243.250342 19260.503294 19371.626438
244.252053 18909.723934 19286.113795
245.254897 19964.450011 18973.870328
246.257163 20229.792122 19592.756554
247.257304 19578.280541 20194.129614
248.259922 18518.247061 20015.098085
249.261456 19741.054202 19021.352825
250.263174 19300.369245 19315.809110
251.264733 20002.011080 19238.834808
252.265792 20063.247218 19741.962642
253.268213 19527.605503 20104.465772
254.270338 19057.857790 19873.681413
255.271498 19529.960260 19319.459470
256.272019 18307.687792 19331.024932
257.274702 19838.698994 18469.837144
258.277900 18367.315847 19146.964313
259.278821 19939.426751 18554.924208
260.281047 19652.797928 19391.085243
261.282559 19519.142693 19731.279520
262.285588 18553.683857 19781.514834
263.286651 19542.276193 19016.945329
264.286730 19792.619471 19260.289461
265.290000 19193.921024 19640.215668
266.292634 19811.477682 19419.255887
267.295044 19525.483597 19715.609774
268.296842 18909.276079 19673.258131
269.299421 19980.678805 19152.983038
270.301696 19039.932851 19635.470796
271.302398 19367.601548 19257.457212
272.305058 19466.126650 19259.820852
273.307470 18939.676958 19361.841672
274.307809 19015.035646 19044.086058
275.308488 19346.044627 18915.624992
276.310523 19253.587357 19124.503858
277.311211 19469.727341 19214.985531
278.313286 19206.748485 19431.981812
279.313796 19583.656007 19352.682192
280.317245 18986.027226 19559.229597
281.320082 19442.942792 19220.388317
282.320863 19099.943535 19335.064078
283.321169 19041.740667 19162.122195
284.323945 19291.324976 19016.454437
285.324092 19469.637423 19137.130347
286.327131 18552.303553 19369.751295
287.327348 18692.293854 18823.032898
288.331116 19965.567702 18586.984090
289.333155 19187.002068 19450.242513
290.334187 19242.602772 19426.778796
291.336092 19415.649001 19396.803283
292.338929 18993.478407 19473.050071
293.340895 19369.927775 19180.195252
294.342949 19621.717293 19269.425657
295.346778 19425.239762 19528.008528
296.349317 19450.316597 19533.369006
297.350526 19417.051825 19527.824560
298.352519 19639.063064 19480.726768
299.353267 18925.916060 19607.767565
300.356212 18720.180338 19144.251586
301.356802 18645.805269 18703.607923
302.360230 19947.210059 18431.647893
303.360341 19775.743569 19325.260815
304.361815 18839.674663 19798.954720
305.362178 18388.900752 19327.947205
306.366417 18460.376689 18632.294878
307.367129 19081.131395 18277.227136
308.369870 19373.373739 18611.046683
309.371364 18848.984991 19114.659393
310.374008 19408.681253 19037.852773
311.374289 18229.153062 19372.004714
312.375411 19263.121672 18663.603676
313.376310 19495.081635 18976.266961
314.376580 19125.739740 19378.282253
315.377709 18432.191104 19331.483324
316.378297 19471.065451 18736.486486
317.378588 17918.140793 19142.069982
318.382181 20303.444944 18262.417104
319.385627 18648.125488 19525.499700
320.387122 19756.059858 19110.037717
321.388088 19147.963952 19617.779446
322.389523 19611.289421 19450.148484
323.392217 20209.492289 19638.280972
324.395310 19870.497346 20174.251479
325.399458 19188.724823 20196.800728
326.399970 18982.199203 19615.170114
327.401681 19710.544169 19062.849270
328.404805 19905.157739 19312.785056
329.406135 19314.464413 19683.152905
330.407585 19555.810072 19480.818043
331.410517 17744.710669 19519.071449
332.413520 18164.935711 18189.058256
333.414691 19508.003608 17728.133544
334.417847 18267.542472 18614.172652
335.419930 19224.563900 18350.304093
336.421956 18932.871771 18915.445480
337.423242 18547.640009 19056.526681
338.424875 20912.605281 18807.229733
339.425654 19448.942080 20391.407781
340.428772 19437.657269 20216.048780
341.432306 19463.252284 19928.128996
342.433221 20401.042697 19680.747433
343.436177 19120.951064 20206.025675
344.439676 19087.058352 19557.350326
345.442689 19032.809251 19098.493302
346.444165 19054.428800 18825.519227
347.444788 18928.742032 18757.069357
348.445870 18789.387335 18702.919207
349.445896 18213.518424 18627.783815
350.447238 20114.346094 18198.715316
351.449624 18755.093861 19413.502596
352.452638 19186.133145 19176.667936
353.454352 18852.754529 19276.136550
354.457606 20336.827525 19053.336044
355.458313 19168.253179 20004.845159
356.461654 19267.283381 19687.164548
357.461671 18893.088498 19472.869053
358.463567 18831.937076 19033.678724
359.466376 19284.997982 18733.072437
360.467562 18925.104637 18947.281132
361.467628 19495.919704 18868.894684
362.467945 19449.359699 19271.865248
363.468981 19841.931366 19494.444141
364.470956 19737.572412 19888.891227
365.472588 18533.521083 19996.105589
366.475417 19937.579884 19082.040979
367.476895 19347.138693 19540.922801
368.479342 19074.783681 19426.697089
369.479669 18418.835565 19145.428376
370.481757 19988.609983 18495.171758
371.481933 17790.295022 19328.290214
372.483610 18776.979607 18261.193164
373.484552 19306.173812 18349.933542
374.487810 19170.671007 18897.960901
375.489537 18548.184772 19172.400704
376.492474 19393.018378 18842.323506
377.496486 19398.450066 19237.375427
378.499341 19116.440800 19477.885892
379.502944 18625.946463 19366.775218
380.505440 19186.485201 18880.765524
381.506124 18457.793401 18994.459965
382.506425 19094.943752 18552.794645
383.510618 19448.802038 18786.074437
384.513858 19088.385937 19245.325376
385.517187 20028.226103 19255.507936
386.519819 19236.658171 19923.698840
387.521690 18838.179628 19690.250159
388.523263 18488.801308 19161.268914
389.525134 20101.757707 18553.972230
390.527007 19656.954716 19443.748457
391.528791 18855.118274 19719.536640
392.532358 19401.113738 19240.407919
393.534034 19272.437518 19314.017745
394.536395 19608.899411 19276.089491
395.538193 19291.472904 19508.558791
396.538513 19819.943960 19411.808716
397.541187 18672.417955 19729.703017
398.542900 19455.844821 19050.565900
399.544380 18540.853472 19204.030504
400.545009 18709.417980 18657.472874
401.545357 19884.540656 18481.462590
402.545596 19292.062075 19331.788302
403.549544 19126.937981 19450.780311
404.552514 19110.954056 19346.753686
405.554494 18964.318780 19227.798503
406.557704 19171.402455 19029.133343
407.559012 18825.174909 19068.909879
408.561158 19804.480746 18854.750631
409.563859 18641.280948 19474.756454
410.564932 18406.480517 18994.790590
411.568514 19205.726156 18490.329925
412.570203 20026.641127 18816.571469
413.573467 19714.638771 19692.667141
414.576869 19750.615692 19980.206707
415.578749 19191.002048 20084.567196
416.581401 18932.521752 19633.549332
417.583730 19733.513334 19103.543357
418.585113 19123.008763 19396.528655
419.588256 18542.673219 19169.389045
420.588276 19422.857213 18608.972512
421.589165 18733.941934 18972.327418
422.589697 18890.617153 18749.950860
423.590131 18973.669403 18752.266764
424.590213 18649.176198 18850.301501
425.591335 19308.743268 18686.790941
426.591644 18875.579953 19090.307278
427.593894 18130.194103 19021.801958
428.595122 18761.752777 18391.954409
429.597698 19533.578492 18485.259563
430.599080 18418.120250 19179.904730
431.602967 18935.733997 18779.052073
432.604719 19878.228381 18876.603099
433.608433 18490.038909 19647.032124
434.611215 19317.309496 19048.903597
435.614396 18529.923202 19230.576102
436.615730 19118.394479 18752.555982
437.616937 19308.363469 18899.241185
438.618408 19126.618245 19169.848853
439.620828 19697.769678 19203.472422
440.621789 18279.920440 19629.434238
441.624801 19802.616012 18796.112077
442.628067 19105.715986 19392.424766
443.631708 19087.108418 19270.453903
444.631945 18515.500554 19154.328316
445.634360 19778.676010 18650.754650
446.634842 18670.327314 19312.535885
447.636982 18261.459520 18928.700011
448.637165 18979.721842 18365.538055
449.638499 18370.376864 18596.634185
450.640662 19727.874391 18350.945430
451.644020 19599.455462 19251.082056
452.646913 19811.634239 19724.034256
453.647219 18116.164734 20088.499740
454.651179 20104.181383 18929.913978
455.653538 19395.953559 19638.196273
456.654687 18433.528092 19577.662830
457.656536 18404.989034 18780.149691
458.659674 20042.971235 18273.333427
459.662820 19254.423770 19281.325848
460.664059 19756.604307 19384.322807
461.666621 19214.279127 19779.981930
462.667010 19119.322681 19565.223200
463.667834 19268.262847 19298.890483
464.668639 19671.881069 19232.537298
465.671950 19450.949367 19511.005760
466.672816 19506.362608 19524.760041
467.675012 18839.182028 19554.744444
468.675456 19024.064011 19057.255752
469.678331 18669.961436 18892.654461
470.678724 18302.608305 18577.629273
471.680818 18693.938344 18167.684871
472.681697 18528.879876 18289.941058
473.684528 19297.239585 18328.274622
474.686728 18726.236846 18973.862499
475.690104 19202.198940 18949.248655
476.690632 20248.018976 19238.160351
477.692669 19147.406863 20157.990873
478.695863 19870.592592 19814.954075
479.698400 19178.176846 20018.938170
480.701134 19235.969696 19564.532013
481.703466 18986.843198 19284.084781
482.706430 19511.412975 18944.987520
483.709833 19145.400246 19179.330141
484.712240 19300.987351 19105.012614
485.713715 19515.971846 19194.641087
486.714719 19350.603419 19427.280261
487.715582 19632.475703 19441.746424
489.176645 19089.066923 19637.597967
490.179559 18776.261158 19326.686588
491.179775 18180.812339 18877.221658
492.182834 19484.007006 18180.662454
493.187198 19652.743215 18809.816324
494.189535 19356.936213 19419.493086
495.191970 19105.557089 19560.788748
496.193369 19166.773222 19391.939102
497.196094 18705.427619 19281.830876
498.197873 19422.599407 18852.003147
499.200567 19395.633103 19138.324241
500.204200 20046.894363 19332.328852
501.205257 19844.995836 19933.603165
502.207548 19310.095386 20111.139225
503.209245 18717.694286 19732.196071
504.210510 20493.125487 18992.898498
505.212495 19371.346436 19886.022059
506.213626 18922.612713 19643.025408
507.214331 19887.900087 19117.057047
508.214466 19311.601888 19529.427314
509.215500 18862.752709 19393.006991
510.215779 19151.820803 18967.808670
511.216101 19471.483273 18945.746589
512.217694 19074.649937 19225.980955
513.220088 18625.266937 19129.848715
514.220731 19709.502475 18730.945651
515.223202 18482.668054 19318.251094
516.224495 19355.204907 18789.590844
517.226458 18408.341323 19102.932662
518.227203 19223.570530 18612.523944
519.229671 19385.185220 18927.695835
520.232002 20020.477838 19280.461472
521.235765 19833.971958 19959.494691
522.237011 19091.829018 20174.377678
523.239243 19422.534964 19640.110536
524.240553 19927.426698 19483.936045
525.243852 18971.058790 19769.167330
526.246109 18992.466582 19234.071884
527.246220 19318.556920 18916.826731
528.246674 18917.041974 19021.681871
529.249351 18887.023582 18847.191993
530.250070 17846.676893 18754.895756
531.253456 19598.958334 17961.519577
532.255099 19531.268500 18850.331897
533.255233 18193.766901 19431.127291
534.256816 19922.078727 18743.434091
535.258074 18809.201755 19558.404563
536.259839 19300.621326 19222.150610
537.262918 19340.786015 19319.351099
538.264784 19394.104950 19393.392417
539.266797 19202.700675 19457.250676
540.268635 19397.438797 19329.840168
541.269677 19791.143562 19380.403633
542.269999 19582.205370 19705.222730
543.270474 18709.799228 19732.408842
544.272396 18421.407386 19054.146424
545.275164 19610.336541 18412.634535
546.277855 18120.497102 18985.768669
547.280911 19803.189053 18311.098124
548.280963 19480.008736 19188.131560
549.284327 19652.293594 19538.027414
550.284536 19485.591303 19827.684315
551.285205 19404.256797 19803.638367
552.288097 19326.249902 19651.102747
553.291187 19172.775802 19454.618279
554.293807 19013.237863 19209.178375
555.297564 19108.565320 18957.704326
556.301152 19280.859768 18917.346278
557.305022 18689.274493 19074.192850
558.305162 19245.661827 18760.593910
559.305625 19706.729224 19003.255086
560.308267 19697.035392 19530.987907
561.310872 19545.351441 19831.519273
562.313144 19079.678798 19834.401022
563.316049 19147.718429 19414.325019
564.319474 18966.450545 19171.655186
565.320122 18970.328973 18908.385167
566.321169 19230.765529 18794.175323
567.323100 18883.029016 18976.436230
568.324763 18765.773571 18870.346624
569.325803 19146.903900 18732.530835
570.326416 19443.302250 18957.781371
571.328107 18780.847464 19339.986034
572.329709 19616.660518 19060.076329
573.329833 19019.421572 19477.174052
574.331132 18770.131789 19272.665320
575.333923 18838.997342 18920.132680
576.336977 18672.736709 18758.015301
577.338773 18715.446210 18572.506648
578.340136 20327.899453 18536.841962
579.343572 18539.498524 19773.000614
580.345450 18819.057408 19188.503952
581.347359 19208.131713 18943.673428
582.348497 19439.522760 19081.909889
583.348574 18965.149258 19356.126861
584.351553 18629.531754 19158.304195
585.354715 19280.942485 18759.391000
586.355481 19042.066194 19016.027639
587.357990 19510.311242 19031.417452
588.358363 18484.543623 19392.958330
589.360785 18626.646247 18833.741283
590.362491 18949.021470 18573.410312
591.365490 19332.473313 18698.335227
592.365803 19312.563014 19111.058128
593.365957 18935.217710 19357.840651
594.369589 18441.426280 19186.903525
595.371077 19196.521501 18668.169935
596.372907 18824.410731 18918.438643
597.376508 18687.739953 18834.010634
598.377883 19093.652690 18686.893570
599.379454 19195.469085 18917.981186
600.379564 18878.922421 19153.805167
601.384086 19286.828556 19044.723139
602.384814 18932.253214 19254.661547
603.388307 19206.904551 19101.740996
604.392484 18472.576939 19188.897278
605.393661 18402.563437 18686.231529
606.393817 19403.735036 18328.974880
607.396898 19409.037756 18919.622394
608.400007 19257.267868 19339.951351
609.405092 19220.716893 19453.560015
610.405123 19350.298623 19433.878079
611.406608 18989.738196 19467.933112
612.407280 19572.003741 19185.131686
613.408296 18813.398872 19431.581759
614.409319 18714.656084 19020.958639
615.411628 18456.238003 18689.700047
616.411901 20201.354500 18336.496199
617.414699 18866.785516 19498.667098
618.418142 18661.477886 19254.497661
619.418170 17999.239809 18881.504183
620.419827 19841.886318 18143.322312
621.420562 19652.980216 19120.195633
622.422609 18813.928811 19647.375388
623.424248 19579.077881 19283.077919
624.426269 19428.029434 19557.503710
625.426332 20531.083158 19586.823813
626.429022 19165.245541 20389.075563
627.429827 18696.227786 19801.325123
628.430054 19209.587458 18996.666692
629.434172 18349.978524 18904.247504
630.436018 19009.822276 18289.666198
631.436750 19498.032441 18492.336441
632.437262 18922.532310 19089.200644
633.437907 20815.881222 19058.215597
634.441490 19350.748924 20428.813936
635.442820 19586.234206 20112.030703
636.444386 18440.633489 19939.932604
637.445243 19311.263335 18906.258417
638.445610 18821.826903 18925.987476
639.447734 19255.075501 18665.093646
640.449654 19298.064605 18898.766494
641.450601 18960.287066 19136.921998
642.454156 19369.878356 19042.952247
643.455120 18812.679223 19282.494544
644.456564 19097.097474 19006.212296
645.457571 19036.913398 19033.001592
646.459895 19650.583199 19017.282153
647.461433 19581.131603 19474.582596
648.464603 19774.938406 19695.144271
649.467130 20132.800109 19922.277044
650.468962 18899.259668 20267.405048
651.469695 19021.846689 19481.162484
652.472310 19701.345892 19034.505765
653.475176 18294.437872 19317.637038
654.475238 19275.850880 18499.948873
655.477876 19032.267848 18775.786796
656.478313 19545.105278 18856.034505
657.479636 19407.851380 19324.844767
658.481319 19703.884981 19511.374603
659.483089 18060.579669 19800.783916
660.484357 19060.506479 18688.784855
661.484661 18511.228506 18725.679135
662.486153 19699.293463 18415.874631
663.489891 18701.651722 19175.859566
664.491560 18910.754177 18938.479202
665.493168 18642.052150 18917.408991
666.495475 19639.313527 18703.683662
667.497546 18383.203798 19329.359152
668.500262 19532.392087 18777.603194
669.501344 18711.217224 19265.016583
670.501724 19527.288049 18959.686006
671.502335 19197.243942 19356.956641
672.507221 18861.715998 19350.641730
673.508235 18559.099197 19057.488870
674.508318 18403.284260 18635.006621
675.508826 19761.829549 18287.927438
676.510071 18928.779882 19162.136019
677.512311 18636.764325 19124.376441
678.512377 18739.347500 18837.585845
679.514975 19100.695359 18720.922549
680.515986 20170.671409 18938.208032
681.516777 19446.419163 19889.954643
682.517428 19163.831223 19892.817955
683.518589 19586.078786 19570.708959
684.521488 17425.446944 19624.620699
685.521588 20224.731396 18021.467209
686.524489 18849.399120 19170.348737
687.526129 19733.402572 18976.885958
688.529123 19128.943244 19511.285449
689.531020 18985.041032 19380.669979
690.532929 20061.104362 19144.503901
691.534984 19174.648514 19793.602643
692.535354 20161.574252 19520.185557
693.535696 18505.750251 20037.287057
694.536473 19642.784660 19085.041605
695.538009 18859.483737 19316.871847
696.540049 19918.710190 18926.789479
697.542471 19330.395591 19509.341700
698.545098 18585.403262 19461.723983
699.547060 18932.309704 18846.338780
700.549143 19270.463705 18733.592131
701.550418 18557.236872 18980.513700
702.551999 18950.521140 18641.541861
703.554157 20048.613623 18745.942896
704.554931 19010.263890 19672.857336
705.555431 19977.647387 19451.491328
706.558648 18860.187486 19956.039087
707.560585 19285.187044 19375.620117
708.562153 19002.037232 19275.302142
709.564910 19928.855946 19015.252021
710.565937 19470.951766 19577.037299
711.567593 19792.908586 19602.456464
712.567829 19269.346435 19823.757488
713.569127 19710.937951 19534.024160
714.569464 19880.227405 19654.181703
715.571080 19146.998776 19855.416626
716.573314 18084.380206 19412.315311
717.576275 19493.689285 18327.471592
718.577231 19250.069324 18781.258695
719.578943 18364.994032 19003.544924
720.581746 18819.654614 18512.512669
721.582919 18835.205283 18571.112319
722.585102 19165.294294 18674.210719
723.587225 19079.185061 19013.575319
724.589099 18022.177488 19156.605438
725.589259 19386.497519 18416.009723
726.589681 19284.950234 18970.493830
727.591687 19339.760270 19275.576342
728.593805 19186.591896 19471.568598
729.594209 20998.255526 19421.736364
730.594397 18995.574427 20696.781852
731.597151 19307.361365 19907.662190
732.599670 19198.715358 19518.920622
733.600502 19366.506979 19190.175519
734.602941 19855.670896 19153.781642
735.605361 18417.537525 19555.638976
736.605609 18991.826196 18752.975594
737.606865 19050.941841 18698.500890
738.608712 18355.151330 18788.931597
739.610253 19100.876461 18377.806629
740.614043 19393.430137 18725.874168
741.616532 19751.565153 19213.073768
742.618895 19398.077399 19770.363922
743.619779 18701.310289 19779.193492
744.620383 18986.693231 19165.753921
745.621832 19689.299678 18956.960433
746.623782 18970.965984 19386.951725
747.624202 19951.299015 19138.784089
748.626286 19218.623229 19707.995517
749.626462 18942.120378 19503.920267
750.628780 19398.462513 19123.181244
751.631527 19616.315216 19229.803117
752.632714 19094.842274 19488.668430
753.632963 19429.634122 19258.908076
754.633611 19290.416675 19354.105335
755.634760 19331.213169 19316.173075
756.637574 19236.434780 19321.365216
757.638123 18841.753716 19255.339483
758.640243 19108.874569 18921.589643
759.640490 17899.193170 18935.096381
760.644324 19311.137390 18078.033248
761.646762 19437.591820 18663.749826
762.647404 19113.560005 19213.295829
763.647975 19948.880499 19301.118967
764.651185 19411.124732 19924.631166
765.652858 18226.438139 19839.132773
766.654198 19474.680452 18800.866622
767.657320 19190.728632 19074.308160
768.660964 19622.302872 19098.158137
769.661119 18809.739699 19456.906430
770.661910 19216.334120 19068.207307
771.664073 19851.262933 19114.186659
772.664349 19042.715213 19638.909810
773.664673 18708.655221 19347.948876
774.667744 18860.963419 18875.615000
775.671703 19228.722263 18711.939265
776.673341 18832.360933 18943.176569
777.673551 19912.795593 18832.910647
778.676503 19341.510291 19587.966253
779.677067 18669.876405 19618.237414
780.679511 20080.112154 19060.465800
781.682151 19255.438137 19741.609455
782.684528 18772.826894 19548.301445
783.687078 18446.674854 19016.473180
784.690080 19064.425954 18445.033446
785.691728 18958.246979 18623.037257
786.692671 19085.289963 18742.752105
787.696566 19026.944579 18951.765486
788.700322 19471.144405 19045.894257
789.702971 19504.954281 19421.371093
790.703133 20196.007768 19646.910246
791.703310 18479.088540 20242.480946
792.706246 19805.686388 19240.958581
793.707570 19705.119640 19544.678274
794.708488 18741.778521 19686.365088
795.710091 19597.537314 19039.391294
796.713938 19775.249909 19283.320298
797.715050 19332.796247 19617.123501
798.716048 19397.034220 19491.716457
799.717829 19252.445534 19437.461363
800.718048 19809.873241 19291.785516
801.719793 18315.278679 19627.183377
802.722717 19174.406096 18719.608852
803.722962 18596.664398 18809.084609
804.724158 19310.395728 18511.846586
805.726149 19152.783279 18919.730525
806.726181 18949.607439 19103.129459
807.730355 18867.266774 19054.860501
808.730691 18911.404043 18942.657258
809.731329 19355.853261 18900.810967
810.731514 19248.397688 19215.873004
811.731989 19946.735863 19327.807407
812.734583 19029.988560 19887.675810
813.738102 19518.621276 19494.814548
814.742154 19811.351520 19548.651957
815.743030 19187.509397 19787.610674
816.744089 18629.284638 19445.143652
817.745578 19113.296109 18790.833008
818.749451 19804.362521 18786.299197
819.752900 19693.737585 19384.081328
820.755512 18556.397363 19705.073990
821.758372 18994.375361 19009.731053
822.759829 19439.966461 18877.209661
823.761391 18843.467260 19174.433715
824.763421 18402.658491 18942.054528
825.763998 19082.756126 18470.611541
826.764352 19681.225196 18727.975010
827.768109 19350.725879 19394.203827
828.770927 19321.942193 19551.199090
829.771098 18399.286269 19557.990654
830.774377 18954.695537 18810.382378
831.775935 19389.590240 18750.361164
832.776537 19117.454304 19097.605177
834.178168 18575.165569 19140.121498
835.179524 19412.584369 18748.996308
836.180517 19180.885246 19138.040129
837.182337 19580.070719 19227.423757
838.183497 19073.296968 19559.870047
839.184564 19217.986939 19351.063048
840.187452 18693.879600 19285.735506
841.189657 18631.763389 18843.054090
842.193992 18333.118995 18537.832601
843.194353 19269.707949 18184.721258
844.194552 19903.251648 18747.706736
845.197004 19757.138936 19634.857553
846.199166 19043.021363 20035.946951
847.199817 19789.002651 19631.201467
848.199952 19752.338394 19841.269664
849.200258 19193.716080 19905.738817
850.202246 19037.901561 19480.656553
851.204625 19511.177257 19079.519413
852.206900 19398.976915 19223.503152
853.207490 19883.163188 19283.263291
854.209550 20012.466769 19705.211471
855.212045 19071.809971 20057.651176
856.212333 18921.980475 19517.082329
857.213219 19230.420839 19023.107693
858.214808 18845.255757 18982.168844
859.218322 19565.880731 18734.888607
860.219336 19898.142658 19179.309006
861.220445 18879.794659 19747.358582
862.221374 19741.283880 19305.318390
863.223747 18981.535500 19624.034277
864.224098 18874.707937 19242.893336
865.226086 18798.381450 18906.862735
866.227425 19078.755754 18673.563869
867.229417 18893.046629 18798.399560
868.231125 18578.156233 18791.624610
869.234029 19028.390953 18577.424843
870.236810 19924.981570 18808.183847
871.238743 18843.855548 19651.058088
872.241618 18807.774546 19330.131562
873.242396 19093.900432 19021.038545
874.244586 19885.039675 19027.770451
875.246819 19298.837960 19641.023331
876.248036 18396.104202 19569.002571
877.252405 18608.344246 18788.400720
878.254137 19262.753096 18459.205698
879.255788 17932.949974 18822.699461
880.257491 19541.693049 18117.107410
881.258877 19214.231073 18924.829332
882.261719 19562.561599 19237.309740
883.263080 19171.620508 19649.028172
884.265967 19268.700346 19540.064926
885.266778 19500.497560 19466.282078
886.270003 19892.200642 19553.843131
887.273617 20494.606893 19878.064576
888.274711 19237.281248 20495.514004
889.279157 18740.637806 19861.017706
890.282453 18469.138105 19015.352862
891.283064 19281.171614 18320.216899
892.283440 19634.825016 18618.904351
893.286464 19096.365325 19199.054945
894.288807 18632.166479 19194.227991
895.289013 18800.648639 18819.199714
896.290101 19838.180596 18711.288886
897.293283 18332.224914 19457.822378
898.293644 18036.727190 18796.711917
899.295994 19618.272167 18128.411643
900.299721 18577.233937 18957.499125
901.300759 18883.265569 18756.457454
902.300946 18629.496274 18840.654464
903.303204 19409.760771 18703.078774
904.304997 18522.453721 19201.093676
905.309067 18451.149207 18836.787613
906.311321 19078.912797 18522.572724
907.311645 19186.792054 18818.432092
908.312722 19742.905023 19112.391395
909.313122 19339.265910 19695.055938
910.315252 18982.235849 19695.621146
911.316535 19350.394250 19339.042395
912.317143 19869.280716 19347.670184
913.317353 19256.912765 19741.829944
914.317519 18791.685471 19511.496555
915.321586 18907.348925 18983.763442
916.323111 18943.617264 18758.624983
917.324822 18132.767137 18710.437993
918.326998 19364.696456 18136.501721
919.329049 20811.499502 18772.546928
920.330588 19221.194259 20323.709198
921.331294 19687.213841 20028.508977
922.332365 18868.890943 20028.594873
924.175546 19067.097364 19329.550390
925.177235 18977.183062 19013.518103
926.177913 19443.880455 18801.461048
927.178439 19138.000291 19089.386068
928.178495 18945.497312 19092.562052
929.179413 21287.138364 18961.132369
930.181840 19199.049703 20647.739553
931.183236 19369.405054 20084.826352
932.184034 18648.270727 19709.692102
933.186021 18831.146787 18896.202470
934.187885 18716.465213 18564.631763
935.189355 18656.681005 18379.463985
936.191532 19443.552805 18326.292247
937.191959 19896.152685 18972.457418
938.192211 19462.008739 19752.763759
939.193412 18847.338623 19853.156203
940.196150 19097.906521 19344.562971
941.198643 18817.279246 19153.886192
942.199782 19250.846247 18834.082429
943.201175 18742.275004 18995.155002
944.201209 19681.196800 18758.185667
945.201743 19256.658488 19339.914681
946.204147 19183.523445 19397.695984
947.204453 19191.323487 19336.475979
948.206168 18917.116114 19273.477875
949.206508 19488.081930 19015.784696
950.208751 19374.258184 19290.495322
951.211090 19062.110388 19391.879478
952.211900 18816.263062 19204.055386
953.213948 19054.335448 18890.271596
954.214112 18910.227361 18893.431856
955.214318 19965.872967 18827.156819
956.215991 18443.384669 19606.521141
957.216985 18733.784312 18944.175035
958.217722 18629.560405 18705.604123
959.218884 19213.480415 18515.195783
960.220789 19524.060113 18886.522777
961.221767 18983.485841 19386.860457
962.221823 19299.422284 19265.898507
963.225021 19845.058314 19371.766697
964.227380 19028.948770 19815.841712
965.227409 18685.253598 19433.101212
966.228560 18806.774471 18882.921472
967.229797 19425.498366 18649.555289
968.230963 19022.805924 19036.219914
969.231085 19593.442108 19024.852508
970.232129 19054.528446 19446.634297
971.232540 19140.673961 19290.041898
972.234981 19709.788539 19217.476472
973.235524 18774.182813 19588.829064
974.237380 19289.398535 19103.040935
975.239086 19017.309465 19164.344131
976.242119 19423.219785 19022.192527
977.243099 19275.369956 19254.328700
978.244318 18603.417743 19301.732186
