# WEMAClient mimuroto
0 94.171058
1 99.171058
2 104.171058
3 109.171058
4 114.171058
5 119.171058
6 124.171058
7 129.171058
8 134.171058
9 139.171058
10 144.171058
11 149.171058
12 154.171058
13 159.171058
14 164.171058
15 169.171058
16 174.171058
17 179.171058
18 184.171058
19 189.171058
20 194.171058
21 199.171058
22 204.171058
23 209.171058
24 214.171058
25 219.171058
26 224.171058
27 229.171058
28 234.171058
29 239.171058
30 244.171058
31 249.171058
32 254.171058
33 259.171058
34 264.171058
35 269.171058
36 274.171058
37 279.171058
38 284.171058
39 289.171058
40 294.171058
41 299.171058
42 304.171058
43 309.171058
44 314.171058
45 319.171058
46 324.171058
47 329.171058
48 334.171058
49 339.171058
50 344.171058
51 349.171058
52 354.171058
53 359.171058
54 364.171058
55 369.171058
56 374.171058
57 379.171058
58 384.171058
59 389.171058
60 394.171058
61 399.171058
62 404.171058
63 409.171058
64 414.171058
65 419.171058
66 424.171058
67 429.171058
68 434.171058
69 439.171058
70 444.171058
71 449.171058
72 454.171058
73 459.171058
74 464.171058
75 469.171058
76 474.171058
77 479.171058
78 484.171058
79 489.171058
80 494.171058
81 499.171058
82 504.171058
83 509.171058
84 514.171058
85 519.171058
86 524.171058
87 529.171058
88 534.171058
89 539.171058
90 544.171058
91 549.171058
92 554.171058
93 559.171058
94 564.171058
95 569.171058
96 574.171058
97 579.171058
98 584.171058
99 589.171058
100 594.171058
101 599.171058
102 604.171058
103 609.171058
104 614.171058
105 619.171058
106 624.171058
107 629.171058
108 634.171058
109 639.171058
110 644.171058
111 649.171058
112 654.171058
113 659.171058
114 664.171058
115 669.171058
116 674.171058
117 679.171058
118 684.171058
119 689.171058
120 694.171058
121 699.171058
122 704.171058
123 709.171058
124 714.171058
125 719.171058
126 724.171058
127 729.171058
128 734.171058
129 739.171058
130 744.171058
131 749.171058
132 754.171058
133 759.171058
134 764.171058
135 769.171058
136 774.171058
137 779.171058
138 784.171058
139 789.171058
140 794.171058
141 799.171058
142 804.171058
143 809.171058
144 814.171058
145 819.171058
146 824.171058
147 829.171058
148 834.171058
149 839.171058
150 844.171058
151 849.171058
152 854.171058
153 859.171058
154 864.171058
155 869.171058
156 874.171058
157 879.171058
158 884.171058
159 889.171058
160 894.171058
161 899.171058
162 904.171058
163 909.171058
164 914.171058
165 919.171058
166 924.171058
167 929.171058
168 934.171058
169 939.171058
170 944.171058
171 949.171058
172 954.171058
173 959.171058
174 964.171058
175 969.171058
176 974.171058
177 979.171058
178 984.171058
179 989.171058
