11.140721 9993.387187
21.140721 5531.129600
31.140721 5531.129600
41.140721 16663.256000
51.140721 11062.259200
61.140721 11062.259200
71.141326 19073.549445
81.141459 19131.667980
91.142160 17175.787204
101.142209 19034.656744
111.142628 19181.001026
121.142991 19179.642953
131.143270 19201.428323
141.143373 19177.621078
151.143519 19103.417271
161.144423 19140.513734
171.144650 19211.919994
181.144723 19177.673946
191.144828 19154.548017
201.144869 19154.077599
211.145147 19170.166415
221.145208 19084.564657
231.145955 19160.455558
241.146027 19170.501871
251.146835 19155.798861
261.147752 19209.005858
271.147870 19169.393450
281.148664 19141.854895
291.148855 19187.259773
301.148983 19168.858662
311.149018 19129.513425
321.149341 19185.087673
331.149703 19221.634394
341.149931 19181.880917
351.150089 19205.130364
361.150845 19172.038258
371.151265 19206.178573
381.151423 19205.743135
391.151776 19160.541276
401.152079 19173.061183
411.152189 19142.228846
421.152258 19152.653356
431.152484 19207.907002
441.152995 19141.579725
451.153488 19157.977512
461.153534 19166.403436
471.153844 19096.478251
481.154138 19148.990230
491.155134 19199.470278
501.155159 19150.123295
511.155525 19166.868534
521.156092 19151.759288
531.156391 19151.652061
541.156661 19152.199862
551.157059 19134.651310
561.157105 19184.665186
571.157584 19158.921558
581.157693 19138.885591
591.158036 19153.287671
601.158385 19062.710661
611.158672 19153.890129
621.158954 19106.280929
631.159110 19190.218907
641.159906 19147.149104
651.160246 19163.594161
661.160276 19163.709420
671.161833 19129.339628
681.162368 19148.410475
691.162962 19243.678735
701.163023 19119.037687
711.163069 19149.870158
721.163234 19154.428641
731.163875 19117.802062
741.164104 19217.441509
751.164115 19183.961453
761.164563 19131.981000
771.165055 19111.646497
781.165254 19125.092318
791.165384 19127.925722
801.166126 19214.684355
811.166136 19103.241750
821.166216 19231.470462
831.166855 19166.587630
841.167100 19236.921020
851.167198 19164.653372
861.167376 19190.049667
871.167579 19129.504087
881.167772 19152.714102
891.168150 19165.613976
901.168470 19150.141479
911.168719 19120.457837
921.169210 19134.937888
931.169597 19018.925440
941.169942 19128.215839
951.170285 19145.005525
961.170843 19122.666233
971.171219 19103.587708
981.171310 19083.978779
991.171720 16153.787011
1001.171950 15471.180989
1011.172785 16047.599493
1021.173299 14518.422627
1031.173787 12735.666924
1041.174345 10914.754339
