# WEMAClient mimuroto
94.305308 0.211613 3024.387000 2816
95.654803 1.299495 10834.975000 5120
98.890062 3.235258 7912.815000 5120
103.147842 4.257780 6012.522000 5120
108.826444 5.678602 4508.151000 4352
113.800331 4.973888 4374.847000 4352
118.838742 5.038411 4318.821000 4096
123.574179 4.735437 4324.838000 4096
128.489450 4.915271 4166.606000 4096
133.974632 5.485181 3733.696000 3584
138.193599 4.218967 4247.484000 4096
143.689336 5.495737 3726.524000 3584
148.050342 4.361005 4109.144000 4096
153.690148 5.639807 3631.330000 3584
158.087758 4.397610 4074.940000 3840
163.886548 5.798790 3311.035000 3072
168.302438 4.415890 3478.347000 3328
173.263549 4.961111 3354.087000 3328
178.161626 4.898077 3397.251000 3328
183.152801 4.991175 3333.884000 3328
188.170086 5.017285 3316.534000 3072
193.230327 5.060241 3035.428000 2816
197.835587 4.605260 3057.373000 2816
201.512059 3.676472 3829.758000 3584
206.511936 4.999877 3584.088000 3584
212.117839 5.605902 3196.630000 3072
217.217414 5.099576 3012.015000 2816
221.796482 4.579068 3074.861000 3072
226.945789 5.149307 2982.925000 2816
231.503227 4.557437 3089.455000 3072
235.537166 4.033939 3807.692000 3584
240.343763 4.806597 3728.209000 3584
246.023784 5.680021 3154.917000 3072
250.843790 4.820006 3186.717000 3072
256.054442 5.210652 2947.807000 2816
260.728317 4.673875 3012.489000 2816
264.619579 3.891262 3618.362000 3584
269.573480 4.953901 3617.351000 3584
274.563950 4.990470 3590.844000 3584
280.479094 5.915144 3029.512000 2816
284.941291 4.462197 3155.396000 3072
290.082087 5.140797 2987.863000 2816
294.423231 4.341144 3243.384000 3072
299.156305 4.733074 3245.248000 3072
306.861826 7.506518 2046.221000 1792
309.560007 2.698181 3320.755000 3072
313.649393 4.089387 3756.064000 3584
323.350984 8.995677 1992.068000 1792
326.462412 3.111428 2879.706000 2816
331.151080 4.688668 3002.985000 2816
335.676000 4.524920 3111.657000 3072
340.786533 5.110533 3005.557000 2816
345.216616 4.430083 3178.270000 3072
350.029024 4.812408 3191.749000 3072
354.541142 4.512118 3404.166000 3328
359.839674 5.298531 3140.492000 3072
364.781745 4.942072 3108.008000 3072
369.897378 5.115633 3002.561000 2816
374.354505 4.457127 3158.985000 3072
378.783374 4.428066 3468.782000 3328
387.068023 7.712715 2157.476000 2048
390.691594 3.623571 2825.941000 2816
395.043130 4.351536 3235.639000 3072
399.418228 4.375098 3510.778000 3328
403.896091 4.477863 3716.058000 3584
413.234337 8.879029 2018.238000 1792
416.080040 2.845703 3148.606000 3072
420.753909 4.673869 3286.356000 3072
425.442382 4.688473 3276.120000 3072
430.718143 5.275761 2911.428000 2816
435.177157 4.459014 3157.648000 3072
440.342641 5.165484 2973.583000 2816
444.521751 4.179110 3369.138000 3328
449.687932 5.166181 3220.948000 3072
454.306255 4.618323 3325.882000 3072
459.458457 5.103150 3009.905000 2816
463.984988 4.526530 3110.550000 3072
471.106745 6.751437 2275.071000 2048
474.207696 3.100950 3302.213000 3072
479.375912 5.020604 3059.392000 2816
483.816149 4.440237 3171.001000 3072
491.562619 7.207311 2131.169000 2048
494.946130 3.383511 3026.441000 2816
499.585764 4.639634 3034.721000 2816
504.041588 4.455824 3159.909000 3072
512.607316 8.252008 1861.365000 1792
515.757156 3.149840 2844.588000 2816
520.455958 4.698802 2996.508000 2816
525.236249 4.780291 2945.427000 2816
529.467181 4.230932 3327.872000 3072
533.847364 4.380183 3506.702000 3328
542.032912 7.677604 2167.342000 2048
545.703106 3.670194 2790.043000 2560
549.627790 3.924684 3261.408000 3072
554.108907 4.481116 3427.717000 3328
561.840612 7.485304 2223.022000 2048
565.117427 3.276815 3124.985000 3072
570.326456 5.209029 2948.726000 2816
574.707688 4.381232 3213.707000 3072
579.843346 5.135658 2990.853000 2816
584.628070 4.784724 2942.698000 2816
589.005198 4.377128 3216.720000 3072
596.020240 6.664933 2304.599000 2304
599.532047 3.511806 3280.363000 3072
604.652422 5.120375 2999.780000 2816
609.088443 4.436021 3174.015000 3072
616.715504 7.360196 2086.900000 2048
619.996474 3.280969 3121.028000 3072
625.206711 5.210237 2948.042000 2816
629.693214 4.486504 3138.301000 3072
634.734120 5.040906 3047.071000 2816
639.629969 4.895849 2875.905000 2816
643.730401 4.100433 3433.784000 3328
651.554147 7.198839 2311.483000 2304
655.582263 4.028116 2859.897000 2816
659.916190 4.333927 3248.785000 3072
665.040052 5.123862 2997.738000 2816
669.856213 4.816161 2923.490000 2816
673.876861 4.020648 3501.923000 3328
681.599313 7.244005 2297.071000 2048
684.656105 3.056792 3349.917000 3328
689.814264 5.158159 3225.957000 3072
694.530886 4.716621 3256.568000 3072
699.600758 5.069873 3029.661000 2816
704.449449 4.848690 2903.876000 2816
708.790094 4.340645 3243.757000 3072
716.572555 7.217247 2128.235000 2048
719.519424 2.946869 3474.874000 3328
724.838505 5.319081 3128.360000 3072
729.661012 4.822507 3185.065000 3072
734.698279 5.037267 3049.272000 2816
739.486845 4.788566 2940.337000 2816
743.832831 4.345986 3239.771000 3072
751.090945 6.735637 2280.407000 2048
754.078809 2.987864 3427.197000 3328
762.799737 8.444429 1970.529000 1792
765.640270 2.840533 3154.338000 3072
770.333938 4.693668 3272.493000 3072
774.999972 4.666034 3291.874000 3072
780.149976 5.150004 2982.522000 2816
784.971492 4.821516 2920.243000 2816
789.238633 4.267140 3299.633000 3072
794.379993 5.024685 3056.908000 2816
799.161925 4.781933 2944.416000 2816
805.850043 6.494735 2167.909000 2048
808.690882 2.840839 3604.568000 3584
818.016116 8.660808 2069.090000 2048
821.470192 3.454075 2964.613000 2816
826.149535 4.679344 3008.969000 2816
830.871751 4.722216 2981.650000 2816
835.220949 4.349198 3237.378000 3072
840.296385 5.075436 3026.340000 2816
845.105409 4.809024 2927.828000 2816
849.079182 3.973772 3543.232000 3328
856.587900 7.232592 2300.696000 2048
859.533300 2.945400 3476.607000 3328
864.654460 5.121160 3249.264000 3072
869.376859 4.722399 3252.584000 3072
874.373735 4.996876 3073.920000 3072
879.654276 5.280542 2908.792000 2816
883.980364 4.326087 3254.673000 3072
891.245784 6.890476 2229.163000 2048
894.366486 3.120703 3281.312000 3072
899.399254 5.032768 3051.998000 2816
904.170690 4.771436 2950.893000 2816
911.355254 6.999946 2011.443000 1792
914.395235 3.039980 2947.387000 2816
918.583708 4.188473 3361.607000 3328
926.675775 7.320467 2273.079000 2048
929.031448 2.355673 4346.952000 4096
936.642864 7.287557 2810.269000 2560
939.964338 3.321474 3853.711000 3840
945.111403 5.147065 3730.281000 3584
949.502111 4.390708 4081.346000 3840
954.258538 4.756427 4036.643000 3840
957.497617 3.142309 6110.156000 5120
964.366736 5.011428 5108.324000 4864
969.060512 4.693777 5181.328000 5120
976.225444 6.870136 3726.272000 3584
979.808231 3.582787 5001.692000 4864
