157.322664 17032.303870 0.000000
158.504279 18559.644030 17032.303870
159.532280 19559.397755 20086.984189
160.590768 18927.317728 21218.634523
161.700659 18325.553006 20895.590478
162.817416 18387.652567 19790.676726
163.939493 19310.857137 18918.513591
165.022583 19526.445228 19042.120195
166.048367 18652.864942 19332.798800
168.056992 19126.489073 18871.364496
169.065518 20127.312420 18941.240553
170.098559 18301.255477 19773.108222
171.100981 18646.953214 18908.050399
172.101237 19055.257374 18583.096060
173.155788 19407.440191 18742.811298
174.266472 18963.253807 19164.917549
175.319022 18424.732443 19103.461547
176.380707 18986.741441 18633.790588
177.431197 18481.501379 18768.197321
178.555608 17983.459725 18511.106671
179.671016 18589.649231 18001.628782
180.691060 18850.174714 18196.989703
181.719362 19141.940488 18588.229158
182.790564 19559.290589 19068.159604
183.806596 17998.199833 19639.582625
184.809597 19563.482750 18734.403059
185.826423 19446.179406 19271.724657
186.935109 19726.620646 19525.347471
187.999352 18830.780278 19842.697793
189.083773 18348.832319 19300.473390
190.202892 19538.532665 18550.476942
191.339039 18947.168248 19017.342822
192.418205 18629.022790 18937.549910
193.512873 18780.978391 18661.448945
194.512931 20155.890676 18629.258624
195.526236 18819.104326 19682.277619
196.628042 18410.049469 19324.600619
197.691032 19296.933724 18712.596903
198.820352 18897.584063 18996.121377
199.878409 19199.253824 18913.574455
200.914076 18941.428004 19094.555717
201.948106 18738.205854 19017.851510
203.101265 18099.688603 18807.976917
204.154204 19724.149232 18206.708916
205.163989 19030.967780 19097.665310
206.177531 19234.390861 19179.878398
207.178102 19367.977827 19336.324599
208.213351 18982.862561 19489.254489
209.238424 18792.701719 19246.563819
210.338888 18568.116291 18916.672538
211.452258 19243.743741 18552.295122
212.520752 19362.568024 18880.782293
213.638967 19004.085587 19224.884453
214.639027 18028.372513 19162.494598
215.639098 18857.397745 18359.912612
216.641417 18801.379530 18497.505519
217.642858 18849.791693 18614.261367
218.681563 18549.477875 18755.727954
219.823143 18942.548839 18624.741819
220.883186 18647.100237 18835.235988
221.988812 18652.944150 18745.724834
223.144191 19168.996930 18680.696042
224.293906 19250.578236 19028.283259
225.294272 19032.371817 19298.441264
226.300514 19049.747203 19257.899695
227.496200 18738.770599 19194.278481
228.629183 18843.073220 18893.102601
229.629437 19114.897880 18782.158627
230.785063 18948.869924 18945.783783
231.785173 19119.456435 18945.353918
233.051508 19282.399039 19073.957871
234.134945 20224.848431 19271.841441
235.211123 18761.450556 20080.259669
236.243575 19011.560838 19423.067568
237.250244 18663.252489 19116.649976
238.250551 19195.205516 18675.937634
239.256717 18986.156291 18851.374947
240.316845 19140.206007 18868.264327
241.400234 19430.460750 19021.719295
242.471476 19037.830341 19345.759514
243.472794 19176.316415 19234.482126
244.637012 18966.955176 19233.545042
245.775764 19083.149204 19061.748413
246.915957 19183.587565 19039.297311
248.029950 19026.908311 19114.363503
249.189446 18809.627791 19051.693175
250.189548 18946.472411 18851.201405
251.191185 18398.815725 18843.195581
252.303566 18756.222066 18454.269362
253.458700 19262.886233 18513.997599
254.458865 19377.196992 18984.415960
255.571484 19086.885814 19374.975778
256.571757 19313.591668 19353.077607
257.583305 19225.940939 19445.609964
258.653651 18837.445439 19393.133521
259.655048 18636.098354 19033.725529
260.659470 19054.437134 18653.941197
261.773403 19020.052468 18773.342405
263.052191 19191.572016 18877.528192
264.227607 17628.768518 19093.891815
265.358667 18594.996490 18054.391053
266.413255 18540.455586 18152.906018
267.416073 18112.487721 18271.780440
268.571598 18831.787424 18077.410539
269.604865 18832.742495 18528.469662
270.688133 19043.486054 18830.544966
271.736813 19063.560211 19140.189670
272.774190 19126.278317 19285.891736
273.779611 18823.125944 19350.198467
274.779656 19048.841010 19099.007516
275.872088 19481.306805 19073.727946
276.876139 18538.024645 19379.215774
277.927606 18674.187173 18850.020825
279.100066 19517.198052 18609.546202
280.270415 18870.361973 19137.727292
281.330738 18654.362453 19011.558468
282.330957 18384.441096 18751.175293
283.423363 19223.679911 18394.339477
284.520246 18711.941250 18842.876085
285.592557 19250.178116 18778.541350
286.678909 18682.504811 19133.401607
287.757262 18753.776620 18914.270884
288.930557 19091.184163 18800.217861
289.930569 18557.323372 18984.636697
291.043742 18544.060492 18703.087387
292.045764 19170.945814 18515.924569
293.046773 18381.800436 18899.541132
294.235705 20279.588954 18567.341551
295.299132 17792.793263 19778.197870
296.301110 18905.642680 18643.877032
297.326054 18793.234873 18698.582734
298.333268 18761.428752 18693.394716
299.333806 19627.265238 18691.906155
300.379569 18403.747653 19357.919889
301.448750 19045.119806 18840.624904
302.449082 18959.249906 18953.787214
303.616963 18838.175816 18968.799092
304.621904 19548.318100 18883.112167
305.714356 18977.444330 19361.641329
306.768592 18947.536399 19219.419776
308.042675 18391.086016 19065.384189
309.124568 18438.817969 18541.566661
310.125445 19349.695099 18277.836701
311.152467 18600.892810 18869.374885
312.195041 18730.218635 18723.622314
313.215032 18954.160635 18717.058021
314.266587 19712.779066 18885.022528
315.272048 18744.977180 19555.253132
316.327206 19218.562293 19203.898503
317.327569 19037.825374 19268.679692
318.402319 18336.485380 19152.988248
319.507037 18828.289723 18540.346812
320.539379 18530.589373 18551.913993
321.662047 19055.924481 18403.516253
322.662257 18982.194717 18755.086995
323.826166 18706.486510 18950.784414
324.974633 19371.599008 18849.704544
326.155617 19165.616623 19262.194474
327.159064 18828.390387 19341.303784
328.160121 18431.286379 19084.016972
329.233238 19510.734426 18593.638913
330.308510 19587.559056 19117.447786
331.360261 18782.136559 19535.292355
332.363241 18547.280350 19153.214442
333.465080 19189.093740 18693.263858
334.564702 18757.860454 18908.152731
335.674410 19051.230210 18762.407456
336.713771 18868.292870 18908.425384
337.765172 18644.512388 18879.932550
338.943259 18689.395587 18694.940851
339.943483 19406.015000 18623.500285
341.061220 19486.636407 19141.718387
342.061270 19308.995896 19527.367647
343.120899 18476.631630 19576.779083
344.175441 18668.960529 18910.265805
345.276979 19877.222157 18612.847297
346.306245 18275.710542 19384.362571
347.307222 19312.765977 18692.201394
348.474620 18884.389879 19019.789668
349.528918 18139.882653 18935.545809
350.621946 18551.267306 18322.254478
351.717856 18508.998219 18278.554345
352.718654 19047.201587 18293.180704
353.721053 19184.208669 18758.100788
354.760801 18746.039859 19165.591341
355.761900 18668.563304 19045.364343
356.899500 19318.508027 18852.312306
358.031247 19270.341958 19197.307579
359.031782 18905.444205 19363.980776
360.032238 18880.704896 19150.234355
361.078103 19012.170979 18963.609126
362.078125 18766.797156 18948.170015
363.136022 18909.072343 18772.420334
364.274382 19065.661612 18789.846089
365.274421 19263.747016 18945.807482
366.274793 18351.261882 19202.315764
367.274858 18864.159253 18661.563867
368.379119 19421.914827 18698.285451
369.553841 18967.498263 19176.431373
370.646432 19768.193905 19136.062775
371.720035 18599.820667 19674.259079
372.827856 18820.912117 19090.561010
373.828964 19481.282601 18841.845476
374.837960 18844.146790 19207.532233
375.838485 18795.658319 18980.961346
376.840478 19555.454756 18797.105910
378.049467 18367.170167 19274.663621
379.050374 19244.085251 18692.426819
380.069645 18975.144020 18977.680568
381.070106 19428.836655 18985.202690
382.119885 19507.089235 19326.718560
383.119939 18434.994846 19581.695453
384.145784 19947.228503 18886.461554
385.265964 19015.100466 19560.153170
386.309502 19426.282213 19294.671783
387.375207 19000.786878 19400.424571
388.377193 19724.323342 19140.643874
389.545621 18635.353583 19518.441624
390.547660 19138.672491 18942.083610
391.548482 18546.773969 18954.711276
392.618382 18827.958133 18563.091522
393.667888 19266.400936 18574.090380
394.764169 18742.495125 18971.888850
395.775417 19104.552112 18851.486748
396.812140 18673.814094 19035.580531
398.048385 18134.036812 18821.816804
399.188036 18566.301548 18273.101302
400.216795 18655.567336 18288.175980
401.348281 18374.275604 18432.194052
402.484605 19283.305787 18349.077611
403.486980 18563.855392 18995.591525
404.585290 18661.839884 18851.189252
405.654043 18716.715141 18780.643019
406.759841 19263.681826 18756.825562
407.838985 18839.034023 19145.114242
408.971810 19040.909137 19050.414625
410.052160 19345.013801 19101.626002
411.182284 18793.106908 19340.130973
412.182662 19041.061048 19046.673995
413.184771 19093.516445 19022.519339
414.185239 18962.370119 19054.418987
415.196629 18484.056110 18981.783431
416.327154 19518.913281 18581.876817
417.327373 18937.067450 19133.611212
418.361426 19279.986940 19069.419554
419.361716 19399.085188 19261.425316
420.439324 19306.788072 19451.392290
421.498599 18976.198343 19464.076164
422.535637 19049.033987 19183.153781
423.553717 18940.198365 19045.580463
424.642483 18464.429136 18896.030469
425.678745 18772.527063 18475.470524
426.763246 18626.567784 18493.503650
427.763342 19118.413023 18462.806607
428.794787 18995.206636 18857.282309
429.946293 19205.214004 19027.398048
431.058382 18706.444688 19261.913591
432.065461 19482.618776 18990.919478
433.106783 19428.778767 19366.434291
434.223637 19026.688367 19542.857811
435.282796 18651.703359 19300.982010
436.394545 19036.785335 18830.231943
437.398346 18549.377312 18839.036245
438.448912 18521.382519 18527.319652
439.583605 18681.371760 18355.979675
440.738456 19266.727072 18431.652329
441.883865 19297.459174 18970.934997
443.053415 19244.169421 19337.573426
444.228879 18497.790146 19470.896763
445.345157 18325.233380 18921.092140
446.512296 19668.562198 18410.946755
447.512345 18893.104573 19141.942333
448.615474 18254.079379 19057.501869
449.728072 19083.162383 18494.913417
450.754444 18681.365358 18775.222935
451.754834 19036.278495 18691.014787
452.755890 18561.355537 18912.683209
453.806717 18486.489589 18698.224023
454.829267 19016.778472 18500.627847
455.915745 18917.674830 18796.011857
456.916889 19250.868390 18924.567784
457.999988 19552.760849 19237.017680
459.114646 18151.386252 19623.124649
460.130091 18565.012304 18747.556235
461.130322 19429.047811 18470.949072
462.131521 19016.379560 19004.187929
463.132957 18764.442334 19067.521139
464.133034 19214.558894 18897.449430
465.208578 19219.208652 19116.749222
466.208984 18632.648488 19254.338854
467.297823 19175.887446 18874.430997
468.366172 17411.991098 19031.460660
469.445965 20044.944917 17823.159927
470.499072 19359.126984 19090.932717
471.561082 18385.907755 19448.958713
472.561598 19041.700732 18875.599357
473.579174 20086.769609 18958.341511
474.590073 19124.647121 19804.354051
475.599848 18397.313410 19576.372345
476.778297 18351.953794 18803.949902
477.825121 18987.925475 18282.059846
478.825890 19589.920125 18515.567065
479.929148 19111.930826 19201.906265
480.933182 19324.328446 19283.587356
481.966819 19329.630421 19440.811983
483.080505 18351.106704 19494.279895
484.126831 18977.145026 18745.958694
485.165429 19236.432564 18742.613838
486.167967 19068.830988 18994.039860
487.263115 19214.056684 19054.649866
488.270180 19466.775700 19197.419421
489.270495 18751.254358 19462.502776
490.328412 19018.370719 19059.471678
491.386654 18578.557405 18981.239070
492.387267 18287.085320 18621.545693
493.434586 18919.672362 18212.347869
494.530904 18568.926491 18500.873601
495.644662 19104.157319 18486.776754
496.726705 18926.799656 18901.688885
497.761361 18711.237658 19026.743812
498.763087 19290.479052 18902.613739
499.864568 19860.694752 19227.135727
500.865152 18357.738384 19832.894327
501.865180 19134.753285 19015.506457
502.926598 19515.408375 19025.131680
504.042506 18564.387594 19342.841010
505.131185 19381.597506 18831.571931
506.132073 18639.823850 19122.048741
507.132442 19213.797187 18775.844096
508.218617 18662.824223 18999.216714
509.238929 19162.395450 18751.318418
510.298789 19302.936363 18979.924142
511.302492 18972.331617 19245.250515
512.326385 18726.056484 19144.381605
513.326861 18591.228150 18866.228303
514.461078 18763.963471 18590.987446
515.516594 18477.272662 18582.978685
516.540838 18937.559268 18409.202394
517.671173 18861.628392 18684.546770
518.675860 18202.332567 18828.523925
519.760833 18790.292752 18414.316751
520.761524 18623.253064 18595.187257
521.797201 19541.796016 18609.119117
522.876654 19106.471702 19308.525748
524.021207 18824.149608 19390.053395
525.108499 18948.562666 19148.180225
526.108539 18619.540374 19039.545779
527.111339 19136.516708 18715.716059
528.217770 19147.505607 18917.489528
529.272446 19194.925162 19081.374732
530.327359 19070.838195 19215.414719
531.343780 18812.260036 19184.247098
532.377299 19257.305740 18946.377442
533.417853 19493.142897 19127.697541
534.417984 18714.282881 19427.637508
535.496136 18280.830594 19009.838827
536.536841 18601.127478 18401.961284
537.537396 18603.126221 18307.962504
538.538079 19043.744297 18335.753414
539.575096 18675.786890 18746.955628
540.584710 19277.991032 18750.785847
541.671403 18748.426915 19185.604324
542.761857 18983.897730 19028.937152
543.947573 18411.182174 19057.079117
544.947605 18709.013258 18623.318086
545.948114 18238.691505 18576.776906
547.072057 19352.324373 18233.824089
548.216719 18557.584654 18898.789185
549.313204 19197.663434 18748.600741
550.439417 19295.453461 19105.811582
551.456488 18772.807825 19380.722486
552.456560 19094.797833 19104.876455
553.493569 18740.781302 19125.428787
554.494468 18989.960648 18862.534817
555.550972 18731.948414 18887.533963
556.554585 19541.109944 18732.131031
558.008241 18817.655665 19261.255059
559.008528 18609.346473 19053.190084
560.138713 18929.344879 18734.042099
561.241740 19287.219358 18783.293004
562.345857 18672.010677 19112.837284
563.406438 19108.744042 18859.798432
564.426597 19087.186653 19013.882091
565.427282 18822.933777 19098.471366
566.539970 18799.725464 18939.755169
567.638277 19084.110998 18813.785487
568.638834 18510.335351 18960.574791
569.639021 19701.342592 18634.521760
570.745711 18465.211196 19333.704072
571.772112 18221.694613 18848.106311
572.803653 19422.199150 18326.946215
573.813169 18273.895613 18940.431669
574.857820 18186.570523 18506.388613
575.973134 18695.682654 18165.750018
577.097162 18868.460431 18382.469945
578.120566 18695.584889 18698.716419
579.124044 19057.773590 18769.619002
580.161668 19097.019639 19058.203291
581.162669 18905.664698 19231.822547
582.305900 18986.372366 19141.415243
583.308490 19240.414951 19097.804705
584.356977 19574.609423 19238.673290
585.357375 18412.070447 19560.188852
586.364099 18768.347421 18852.647544
587.451111 18585.209000 18655.940346
588.572223 19371.874803 18448.334700
589.572648 19595.503966 18968.749804
590.572877 19385.049397 19497.460478
591.603248 18946.378502 19628.485761
593.032272 18220.003838 19304.136140
594.049322 19810.855246 18507.740922
595.116312 18751.438246 19230.747597
596.116634 18699.279108 18942.715098
597.122816 19151.681135 18711.760281
598.144968 19086.668660 18932.464100
599.152713 18735.188531 19048.860912
600.215209 19197.826653 18852.901158
601.234856 19197.471191 19072.471716
602.249112 19671.159260 19213.329133
603.390622 18864.555200 19635.059407
604.391091 19011.592996 19249.996463
605.583945 19160.083247 19071.383022
606.644642 18918.072403 19078.496483
607.644798 18596.731729 18920.941772
608.769781 18496.190677 18600.441568
609.826694 19902.177642 18363.858218
610.831137 19158.446070 19333.139881
611.909830 18530.675336 19402.241474
612.911135 18861.289913 18905.015369
613.997651 18606.776658 18810.778241
614.999159 19298.080194 18585.402654
616.034646 18819.908304 18996.536013
617.039711 18967.678430 18918.859821
618.040976 18641.275429 18966.111440
619.041121 19110.784507 18745.326746
620.138665 19225.626225 18961.053378
621.239625 19315.014717 19192.480765
622.395939 18588.023785 19383.522192
623.396590 18997.144420 18916.672838
624.482262 19310.451077 18907.926374
625.488079 19161.696766 19160.837646
626.488905 18534.549020 19213.130907
627.552343 18897.921896 18756.058193
628.665981 18849.748076 18744.674199
629.758178 18532.424288 18741.163761
630.810782 18988.693778 18528.561780
631.957825 19220.183168 18765.428534
633.054110 18361.075501 19113.295265
634.236879 18791.094053 18669.619855
635.307117 19356.595810 18693.159976
636.328275 18678.612753 19153.539873
637.390515 18434.630484 18926.006513
638.528495 18578.420441 18567.404692
639.528877 19140.047144 18462.752697
640.529780 19180.278272 18860.563663
641.546572 18633.779374 19159.513362
642.549049 18539.192734 18904.305266
643.589584 18934.919542 18638.129765
644.611870 18516.224869 18777.102863
645.623222 19566.736998 18572.022577
646.624163 18570.272231 19243.417104
647.625885 19275.595654 18912.595765
648.643771 18669.119223 19190.596780
649.693182 19324.373479 18895.989683
650.738217 18885.076127 19183.409211
651.755365 19289.623613 19032.887028
652.830025 18806.282217 19224.083826
653.970741 18767.436585 18973.561125
654.971177 18547.651391 18777.345823
656.015899 18274.389367 18511.921967
657.162026 19487.453605 18183.195877
658.280446 18987.216190 18951.429383
659.402085 19108.012998 19094.374130
660.410428 18911.130902 19229.654625
661.533077 18843.332954 19119.222893
662.618233 18905.531441 18961.135569
663.779354 20206.894153 18899.290118
664.780089 19249.949863 19845.949757
665.843524 19083.031731 19691.807459
666.963055 19014.332067 19379.083311
668.132270 19338.967402 19097.183594
669.325000 19088.677958 19178.997355
670.418959 18646.874513 19072.179665
671.419194 18897.303958 18691.542809
672.419394 19185.025809 18677.879391
673.527466 17873.495246 18941.695212
674.591859 18957.315952 18150.787849
675.595505 18390.999507 18498.876547
676.656186 18838.897219 18362.793413
677.704787 19605.438978 18637.726654
678.708033 18278.312357 19400.392234
679.760965 19537.756493 18837.641745
680.800110 18720.246909 19361.017256
681.800442 18934.361228 19053.757632
683.015103 17799.565454 18977.335879
684.119580 18279.805981 18077.284509
685.126901 19159.880400 17918.009455
686.156912 18308.865763 18588.876874
687.201067 19995.814604 18428.800487
688.317197 19507.748669 19583.990243
689.458890 19058.254381 19898.491760
690.578900 18726.650741 19620.936030
691.602735 18439.873881 19092.785023
692.692935 19054.898161 18522.093303
693.820199 19215.777990 18677.460798
694.884649 19062.705339 18970.163758
696.046934 18903.524413 19063.114308
697.048477 19106.800020 18990.101646
698.119631 19364.451994 19084.407712
699.304518 19053.880640 19330.397802
700.452124 18607.905484 19228.977880
701.452189 18688.524398 18800.012242
702.456266 18841.406810 18597.966919
703.458275 18550.950778 18634.245436
704.535128 17874.839696 18486.333014
705.653745 18848.288373 17921.447932
706.654440 18841.567990 18357.439840
707.654834 18914.172915 18693.107641
708.787540 19036.455749 18952.510322
709.907743 19448.485477 19164.339436
710.907889 19090.713456 19547.305367
711.911812 18332.449797 19445.754344
713.048188 19203.810322 18737.520867
714.136774 19789.911779 18935.656754
715.221720 18901.779698 19541.339182
716.224002 18777.567079 19240.224485
717.224159 19427.968742 18911.896476
718.232326 19091.655837 19201.951369
719.241143 18772.721565 19151.248480
720.252948 19633.688567 18871.798171
721.253078 19595.997614 19353.029116
722.286472 19200.805162 19635.541237
723.366248 19132.127467 19470.517053
724.366917 18419.834007 19269.068716
725.503437 18841.792431 18599.889141
726.503629 19244.293023 18536.754388
727.503947 18569.935575 18883.321966
728.508520 18043.162191 18641.080433
729.605905 18632.746443 18107.093414
730.724952 19364.348660 18266.305288
731.812738 19313.304724 18986.223176
732.852093 19204.109189 19402.430540
733.956312 19342.203363 19506.356116
735.090898 19123.938744 19586.327803
736.259075 19313.161389 19401.584073
737.264685 18143.883925 19381.717858
738.342361 18921.407879 18477.687536
739.435274 18322.616016 18525.364438
740.506379 19233.598794 18199.119852
741.506854 18544.201431 18750.108683
742.546077 19270.065571 18629.427605
743.579556 19303.115499 19092.178627
744.622424 18662.320599 19392.813320
745.622709 18631.262815 19040.110036
746.667263 19230.336310 18746.017697
748.027017 20077.811461 19019.587928
749.084585 18667.977916 19844.666503
750.114949 19220.640622 19258.116871
751.156000 18268.554812 19231.804346
752.156526 19290.172429 18501.792795
753.165412 19199.854982 18844.690736
754.165430 18938.800107 19059.772045
755.165963 18821.751442 19006.542278
756.210599 18716.016102 18875.205353
757.353923 18806.188224 18716.871907
758.456385 19109.372606 18705.120325
759.546835 18993.419790 18951.899795
760.579627 18936.044616 19027.693120
761.668274 19231.727801 19013.990070
762.693081 19011.919653 19209.414571
763.752680 19219.977342 19147.849017
764.824487 18769.381174 19239.127167
765.870355 18961.832836 18942.031659
766.889846 19090.410881 18894.660030
767.892747 18545.276907 18984.200951
768.892849 18266.808914 18646.673414
770.027998 19651.088099 18243.709523
771.152768 18815.656214 19086.211815
772.152967 19106.875354 19022.108118
773.187763 18943.579940 19156.857649
774.188135 19420.388513 19089.265280
775.249404 18795.089157 19376.654190
776.322883 19220.757114 19062.307709
777.394802 18996.492764 19157.580798
778.502238 18990.515274 19052.813159
779.502791 18686.952166 18981.866124
780.644781 19008.019774 18720.882562
781.663142 18953.832877 18822.708889
782.663537 17917.620596 18879.309600
783.780622 19018.057364 18149.081564
784.780794 19001.239494 18551.429880
785.792206 18765.352716 18856.647507
786.792262 18770.325620 18868.489233
787.794562 19488.066376 18852.355645
788.882290 19280.189186 19362.086912
789.923437 19108.788409 19492.539518
791.021422 18643.136013 19376.127656
792.124118 18564.759833 18901.847616
793.139175 18013.180887 18541.247560
794.141193 19460.710716 17953.141391
795.241164 18413.116819 18759.745552
796.389363 19128.173385 18552.593501
797.395311 18554.306814 18950.440729
798.398857 18531.655433 18763.397579
799.450076 18471.959952 18600.614778
800.515929 19312.649081 18457.211930
801.601824 19153.389584 19019.714358
803.035715 18832.311005 19254.754630
804.147306 18139.298945 19106.124570
805.236725 17816.879169 18443.597104
806.248211 18689.682148 17794.443999
807.254244 18483.483885 18130.078474
808.255407 19178.952880 18283.147932
809.256390 18425.069745 18931.368396
810.297847 19668.945214 18751.962397
811.342361 19091.478078 19513.442837
812.356313 18267.919415 19499.958299
813.388532 18976.680415 18773.426977
814.499151 18248.526747 18815.355176
815.499188 18666.356795 18330.535334
816.572610 18850.806632 18380.995802
817.573132 19204.023766 18615.903663
818.756293 18374.660521 19056.996186
819.896201 19082.708252 18692.276908
820.978594 18872.678637 18961.548971
821.989405 19052.952588 18968.952611
823.008289 18512.594303 19083.791401
824.132135 18924.546461 18728.232379
825.132592 19141.202393 18805.507468
826.186275 18657.772868 19036.396709
827.227625 18753.571913 18815.470607
828.233832 18562.897100 18737.432405
829.419498 18707.827180 18559.442071
830.559147 19291.959948 18580.008221
831.584033 18571.816558 19060.345612
832.612126 18667.443603 18818.310349
833.708106 20132.358889 18707.389554
834.851768 18645.061714 19740.629133
835.927960 19296.252534 19239.708480
837.033447 19700.405176 19328.979577
838.090551 18351.237602 19668.547846
839.214818 19864.057514 18834.420633
840.217174 18691.302079 19431.176203
841.260663 19502.460112 18958.207739
842.384845 18714.883515 19263.365617
843.532277 18631.586676 18885.035732
844.537086 19111.552695 18590.860106
845.596601 18794.681327 18813.928450
846.597035 19024.440576 18762.215157
847.621243 19252.274989 18916.794490
848.716080 19056.704074 19191.871488
849.807436 18702.161791 19197.832676
850.817255 19110.412639 18899.624407
851.870223 19029.677953 19007.342755
852.902132 18944.454354 19026.418385
853.903207 18769.129849 18972.853393
854.905070 18445.208999 18807.477759
855.906390 18542.994294 18472.262326
856.964776 19001.780656 18371.230249
858.013069 18934.211239 18707.744994
859.162027 18771.742195 18898.834219
860.162268 17976.191575 18881.371303
861.222551 17954.260217 18248.569604
862.224795 18290.559541 17847.625728
863.295366 18827.250831 17926.036905
864.296135 18604.168838 18458.891620
865.309305 18537.669506 18650.097286
866.311326 19331.338198 18684.343508
867.311606 18102.518245 19260.049637
868.391198 19656.638074 18644.109878
869.488948 18471.239267 19366.331962
870.605778 18711.551963 18910.970426
871.622354 19335.984115 18753.591391
872.690193 18847.462972 19132.716130
873.694507 19304.951146 19006.704639
874.784470 18622.215147 19247.004607
875.784636 18153.414482 18869.589227
876.786577 19319.359835 18267.437518
877.942759 19120.811819 18812.314919
879.137848 18594.017405 19062.603837
880.275970 19093.954041 18807.204480
881.275978 18524.918703 19001.160511
882.279535 19270.381445 18694.560405
883.445223 18545.886744 19057.946983
884.445443 19573.625770 18749.377861
885.446819 19069.244939 19315.024791
886.449696 18696.155196 19284.212878
888.029674 19058.516562 18935.247629
889.081514 19990.780821 18972.762921
890.144390 19299.726357 19712.157171
891.214688 18605.955943 19633.219361
892.224775 18312.711765 18990.049394
893.226415 19156.267121 18352.507915
894.262941 18811.806750 18656.454654
895.281733 18763.137514 18675.035862
896.289313 19082.654420 18682.017261
897.420813 18708.822403 18945.425703
898.424301 19295.318107 18831.063091
899.494058 18726.866721 19183.193391
900.617988 19404.474949 18960.951181
901.708695 18787.464970 19299.515132
902.900167 18661.044535 19032.279577
903.900536 18825.515489 18742.642822
904.900871 19201.260488 18700.778088
905.917345 19585.919592 18992.838820
906.982867 19177.751889 19479.468931
907.990360 18924.047933 19443.270875
909.042167 18507.731993 19168.514134
910.153662 18658.255871 18657.782258
911.215700 19205.396771 18477.796662
912.220869 19037.717719 18843.274342
913.370545 19779.149508 18990.784500
914.433589 19163.121989 19632.346725
915.507513 19054.396014 19527.807895
916.617192 18856.319269 19302.822521
917.656447 19065.966671 18979.665649
918.656818 18868.897242 18944.486170
919.750936 19010.879927 18809.464484
920.898691 18985.158349 18863.298844
921.899332 18831.412948 18907.820111
923.003894 18122.651688 18834.106253
924.100631 19359.671985 18265.005054
925.101894 19089.847782 18872.631335
926.110726 19028.992002 19095.836486
927.111615 18439.531164 19160.300050
928.119812 19113.462649 18717.609192
929.206306 17849.299806 18932.192869
930.280137 18378.049197 18136.680021
931.285999 18636.565978 18063.640586
932.294093 19803.854953 18299.610608
933.294529 18843.903623 19377.301192
934.295305 18758.658831 19302.821427
935.324045 18711.954858 19086.918499
936.409685 18912.619535 18861.874139
937.410985 18631.838649 18862.370646
938.434529 18874.224285 18664.595457
939.507869 19003.069475 18739.307888
940.508188 18684.185883 18907.027095
941.511780 18984.160429 18775.734599
942.607619 18397.018550 18912.182082
943.607833 19566.275446 18558.044000
944.608102 18946.334531 19217.661269
945.646162 18835.328507 19169.667761
946.646743 18405.078880 19006.583182
947.668306 18574.013905 18559.540003
948.720888 18116.114532 18424.104402
949.752318 19101.852272 18050.439447
950.752594 18875.759219 18619.329046
951.835648 19145.505144 18854.834862
952.835891 19163.563944 19180.128304
953.836469 18938.145186 19347.663334
954.837373 18789.762206 19216.341933
955.840837 18441.096271 18969.844811
957.937536 18844.128967 18540.076148
958.944203 19112.656338 18602.721369
959.948163 19138.217070 18895.791407
960.949315 18738.572832 19115.713208
961.958499 18690.288541 18931.566896
962.986498 19213.928086 18755.032005
963.997638 18770.913154 19043.308352
964.997677 18802.942577 18897.840260
966.005306 18223.125963 18817.396505
967.008527 18580.324663 18338.698685
968.010074 18947.507699 18338.355620
969.013174 18747.443855 18674.063625
970.013452 18866.638589 18760.230763
971.093397 18424.210726 18889.513656
972.147190 19097.290630 18616.615438
973.147521 18862.625430 18936.875079
974.173718 19254.115705 18961.109887
975.173817 18795.186045 19242.223884
976.175080 18595.807737 19041.556592
977.175454 18899.511282 18730.096579
978.255110 17321.900814 18768.572020
979.255859 18526.856849 17637.336705
980.303642 18596.319860 17896.577102
981.304184 19104.557432 18235.864495
982.304397 19099.253302 18876.800211
983.308890 19093.885795 19250.229277
984.309866 19133.789838 19395.174186
985.310202 18634.302443 19422.252575
987.868777 18782.342470 18989.060539
988.869207 19070.338163 18794.805018
989.870349 19083.819651 18910.558389
992.868777 19022.663218 19018.491135
993.869297 18845.595967 19042.922312
994.869352 18744.181312 18917.272689
997.868777 18996.508345 18760.467706
998.869301 19033.771310 18867.238890
999.869601 18796.720883 18980.889070
1002.868777 18729.090822 18873.146899
1003.868823 18794.159409 18749.446765
1004.872297 18871.932032 18731.309152
1007.868777 18945.377851 18796.282377
1008.869410 19088.141547 18902.765767
1009.869709 19087.680299 19073.733255
1012.868777 19341.895958 19162.473136
1013.869126 18882.121188 19378.806612
1014.872534 18857.598526 19132.914609
1017.868777 19653.672832 18928.878256
1018.869473 19089.015909 19406.095876
1019.870207 19108.014068 19283.106233
1022.868777 18992.068942 19187.337450
1023.870658 18944.495652 19032.663368
1024.872385 18763.934916 18909.497753
1027.868777 19102.578419 18721.243869
1028.868998 19365.246162 18891.772315
1032.868777 18930.791549 19226.738872
1033.869254 19099.847093 19103.008013
1037.868777 18836.007285 19124.880126
1038.869401 19233.246819 18931.678068
1042.868777 18894.932353 19109.088993
1043.868938 19273.997018 18975.098063
