36.000406 18855.439464 0.000000
37.000677 18825.640552 18855.439464
38.000911 19148.940331 18795.841640
39.001117 19210.117089 19030.866747
40.001473 18897.905425 19223.780265
41.001633 18733.069325 19082.662482
42.001992 18685.613505 18842.287251
43.002538 18755.689766 18659.203289
45.094615 18805.221870 18626.821058
46.095064 19088.852816 18679.996197
50.094615 18977.429715 18950.613395
51.094788 18947.246432 19036.914523
55.094615 18822.436381 19042.556423
56.095392 19019.275544 18927.942337
60.094615 19163.575186 18991.888177
61.094806 19056.544630 19138.932671
65.134679 18923.564190 19138.342629
66.134800 18835.783145 19017.862778
67.137137 19520.637880 18868.212422
68.137339 19434.414077 19298.920976
69.138093 18973.486955 19505.036627
70.172614 19382.820136 19244.743473
71.172665 18882.205958 19353.782652
72.188218 18949.810517 19040.100980
73.189440 19732.011163 18894.489807
74.189845 18886.897721 19422.164883
75.190178 18964.520791 19129.628909
76.190738 19203.439080 18980.895428
77.191327 18801.910601 19081.623745
80.126375 18628.410217 18861.295377
81.126482 18979.902597 18606.159712
82.126846 18929.419487 18747.773790
85.094615 18825.838044 18838.750699
86.095054 18941.892821 18829.220268
90.094615 18732.947902 18910.650579
91.094873 18772.172627 18802.467606
95.104992 18704.928184 18760.414737
96.118447 18870.594917 18691.894443
97.119919 19130.200057 18785.142781
98.120826 19024.154504 19047.833839
99.191626 18718.155112 19120.236758
100.194270 16830.158180 18902.918110
101.233497 18638.284471 17332.070337
102.239731 18912.457913 17777.263130
103.306624 19236.651112 18420.744943
104.357759 18719.524406 19108.558992
105.381653 18546.597763 19096.644017
106.390388 18764.426204 18866.711644
107.413296 19020.543147 18835.088318
108.430416 19251.217171 18993.698834
109.503537 18775.553008 19252.720688
110.506789 18541.867935 19025.107613
111.573709 18788.967304 18673.648620
112.574495 18637.548478 18650.298479
113.615611 18817.469346 18559.726495
114.628194 18964.129565 18668.836650
115.676121 19596.457700 18870.545066
116.718903 18857.509408 19469.041500
117.718915 18612.768263 19245.932548
118.718958 18930.928010 18853.716428
119.723508 18406.846653 18835.991137
120.725746 18020.174889 18457.801692
121.798775 19481.364123 17965.964387
122.887550 18764.057182 18829.490285
123.904951 18499.426040 18886.241488
124.915436 19584.973576 18685.597656
125.917003 19551.604030 19352.893488
126.917016 19211.897968 19719.534267
127.974251 18816.635118 19606.092551
128.975633 19148.647407 19154.375909
130.002266 19644.608568 19093.091607
131.004433 19302.843899 19448.309277
132.005006 18206.824519 19418.669433
133.135916 18527.431543 18552.878592
134.159207 18870.735189 18273.924922
135.161096 18953.150602 18455.302476
136.282770 18865.128920 18711.660992
137.283785 19309.591977 18834.196390
138.284578 19359.627427 19236.544515
139.336198 18995.859711 19493.507030
140.338255 18649.844396 19315.692600
141.362946 18948.619827 18887.315676
142.483402 19193.889430 18837.840968
143.485135 19589.299973 19024.750530
144.532283 18954.351741 19457.047944
145.532380 18507.972191 19230.048484
146.607186 19216.616947 18712.839905
147.644150 19093.210447 18934.502255
148.661468 19041.026265 19023.307228
149.662626 19013.014048 19046.047382
150.681411 20111.631640 19035.153018
151.797567 18878.894213 19848.134287
152.800234 19272.738363 19395.946190
153.800391 18345.533779 19335.972259
154.805693 19170.417658 18594.773382
155.822128 18812.239023 18780.526952
156.905887 18627.267293 18702.242437
157.958180 18384.893196 18551.870529
158.958969 19160.652339 18313.753193
159.960029 19360.941299 18794.298883
161.035776 18963.346759 19276.376812
162.036359 18964.313064 19240.360993
163.113982 19248.376230 19153.824254
164.216961 19188.047219 19276.225461
165.344934 19406.603231 19285.216999
166.349410 19682.685251 19429.337331
167.365197 18742.573054 19702.775488
168.409912 19363.523207 19129.387859
169.422983 18529.612575 19211.702959
170.593735 18975.946703 18665.382596
171.594147 18696.046869 18693.030505
172.596627 18506.664974 18567.658634
173.638750 19189.548187 18395.033336
174.656025 19287.293731 18848.791006
175.656762 19000.491497 19234.168294
176.666851 19178.119173 19225.036622
177.711097 18483.937892 19297.555262
178.778820 18972.045769 18783.319599
179.779655 18804.796704 18817.437248
180.780013 18541.387987 18747.711404
181.791687 18677.874145 18529.563270
182.905375 18933.174805 18525.810000
183.907525 19108.813290 18753.424896
185.073145 18617.380078 19043.898686
186.146702 19185.440791 18836.789322
187.281089 18869.554311 19104.427865
188.312006 18136.450365 19021.585508
189.416178 19297.066056 18392.328570
190.520651 18839.115502 18884.192318
191.651137 19225.100672 18889.879712
192.760664 18716.258776 19169.521233
193.819252 18595.895359 18941.605432
194.819610 18999.795545 18681.038305
195.890432 19171.111490 18832.394144
196.918143 18788.294120 19078.409373
197.918184 18698.842432 18937.479489
198.918527 19130.872357 18762.629439
200.261116 18444.881090 18983.280105
201.342749 20532.545586 18616.010051
202.399729 18910.876720 19955.341156
203.445611 18818.940127 19553.056166
204.448584 19597.585015 19122.416365
205.453312 18980.712876 19415.211071
206.455084 18883.541725 19144.547806
207.460382 18288.662001 18895.379077
208.471525 19078.706694 18321.675582
209.554318 19173.028451 18619.103959
210.680952 19186.385159 18953.460149
211.861606 19566.724267 19185.547850
212.940394 18056.612408 19587.055359
213.975856 19005.449840 18650.142446
214.990956 18523.481855 18744.931554
216.000668 18652.281304 18495.979691
217.000898 19736.079922 18474.978887
218.141609 19075.356366 19321.653053
219.293571 18889.457285 19353.054186
220.460356 18809.196054 19159.905987
221.487021 19359.164017 18935.523788
222.562615 18464.565781 19204.226728
223.676720 18979.643476 18706.363843
224.678035 19371.596838 18783.291156
225.848121 19423.788513 19164.807914
226.848178 18889.919896 19446.407281
227.966274 19786.325704 19181.150809
229.114320 18733.479820 19648.019201
230.115381 19301.408333 19126.395610
231.239221 19737.347851 19193.301251
232.239595 18621.044447 19580.735481
233.329734 19289.193408 18976.378136
234.439729 19316.430845 19086.477761
235.563419 24215.576315 19212.634564
236.581195 19117.145414 22976.021138
237.636244 18979.080048 21343.780044
238.638084 19074.631453 19867.451815
239.641839 18392.587650 18978.858312
240.656372 19141.939525 18046.971994
241.661552 18239.606264 18229.446655
242.672334 18430.383340 17872.057257
243.783634 18796.493822 17928.332617
244.785132 19613.830847 18356.565839
245.882857 18919.624415 19293.667215
246.883090 19468.537515 19321.603987
247.974114 19355.070832 19646.762305
248.975399 19835.297994 19679.685254
250.049317 19020.488171 19975.163494
251.114641 18766.526536 19476.828873
252.255311 18947.117771 18923.105160
253.375852 19165.016719 18742.542074
254.375947 19397.309721 18866.828667
255.495661 18809.593601 19177.738727
256.495749 19217.494285 18947.299416
257.622017 18627.424434 19103.578819
258.630238 19037.300106 18767.644999
259.632904 19509.517543 18872.029702
260.633012 18799.055617 19319.702732
261.777734 19429.247319 19058.146505
262.840639 18519.234897 19335.239446
263.841168 19276.213533 18814.778569
265.265588 18490.285981 19048.396189
266.331818 19744.015869 18632.713671
267.494598 18309.088784 19329.562905
268.637091 18698.922481 18705.405450
269.671085 19179.165678 18586.622829
270.724901 18941.347787 18915.488829
271.763727 19108.216016 18967.477623
272.806564 19520.107531 19112.090733
273.889410 19312.485228 19492.347245
274.899378 19250.880336 19533.698845
275.912979 19399.056433 19452.867572
277.029847 18580.122983 19473.087199
278.126924 19041.556980 18850.489234
279.235502 19532.614477 18817.674186
280.236882 19075.127139 19225.530483
281.252126 18693.951513 19163.114127
282.252412 19701.532578 18824.027482
283.330207 18997.241240 19377.650966
284.447041 18548.342024 19207.214608
285.539269 18317.673901 18732.828675
286.680350 18420.533448 18276.512953
287.755629 19096.846494 18135.789989
288.800542 19256.903564 18643.849157
289.800568 19063.718771 19131.170878
290.813956 18254.768023 19261.376315
291.964023 18153.117275 18670.351586
292.976506 18744.375857 18194.705270
293.977693 18698.897597 18389.929050
295.020455 18993.774507 18542.043946
296.171080 19056.867496 18878.472490
297.215515 19728.874103 19122.832008
298.337455 19259.169636 19732.525594
299.388225 18747.498612 19684.181164
300.440849 18776.572597 19170.002799
301.567529 18930.581199 18829.093058
302.685351 18970.033907 18761.014524
303.687138 19031.094549 18798.956457
305.279679 18364.582906 18906.492268
306.350082 18227.717252 18491.527011
307.467219 17532.933700 18149.659116
308.527053 18489.947308 17477.152039
309.606225 18982.059195 17872.604122
310.607696 18889.089507 18593.749875
311.608897 19206.419902 18981.672815
312.610497 18981.941882 19390.486255
313.611610 18785.054032 19380.517872
314.684770 18579.805560 19128.223795
315.701885 18706.282244 18762.347962
316.855855 19021.472869 18628.631958
317.856332 19241.191193 18817.579496
318.895995 18886.442259 19127.815351
319.897521 18497.111443 19045.215539
320.899499 19120.052924 18672.224201
322.008757 18460.183763 18909.156453
323.027013 18596.705677 18585.444826
324.168370 19045.475998 18494.665182
325.312964 19413.462034 18811.363225
326.313497 18523.640885 19304.229966
327.470195 19647.161227 18910.605492
328.470200 18654.773082 19459.692360
329.555781 18903.690490 19036.811902
330.589994 19026.680012 18916.550024
331.599919 18235.480670 18945.446343
332.647247 18641.015496 18386.803413
333.704917 18974.348039 18373.802382
334.862802 19034.040218 18684.104552
335.963613 19366.124550 18956.585643
336.988204 19630.489818 19361.253081
338.075076 19042.354239 19763.078619
339.219788 19366.508642 19489.742503
340.220206 18388.034621 19484.343182
341.288294 19667.558753 18718.329370
342.289911 18933.836112 19212.391876
343.302678 18254.192685 19022.922867
344.406378 19241.787978 18396.184104
345.476680 18272.749671 18788.013337
346.637600 18736.262082 18370.592884
347.717240 18813.247459 18485.056162
348.725380 18943.229715 18662.828314
349.738471 19070.194613 18886.805868
350.738806 19281.676648 19108.124280
351.832476 19260.928723 19367.912596
352.832767 19115.074503 19460.686823
353.841226 19474.632408 19347.743746
354.847421 19087.919482 19502.773326
355.864357 18664.261509 19283.218192
356.940994 18957.791870 18806.872468
357.941051 19116.485963 18753.194636
358.942221 18796.127591 18896.525599
359.946409 18915.905340 18782.912393
360.956440 18086.383048 18819.242901
361.956771 18622.232758 18239.432045
363.040194 19770.774841 18313.151651
364.144510 19141.184130 19288.688293
365.286741 19165.206420 19424.785218
366.448965 19266.160027 19439.950126
367.480964 19705.294255 19454.561858
368.574470 18460.379218 19744.117938
369.596750 19001.508929 18945.503779
370.734633 19022.631097 18830.762843
371.790579 19181.382772 18831.920522
372.894795 19105.378841 18999.240762
373.894877 19202.567854 19071.433436
375.285166 19209.078128 19188.907884
376.287869 20009.250550 19255.942806
377.291851 18571.397944 19877.873414
378.376562 18773.579822 19143.293548
379.420196 19011.136884 18784.666122
380.440321 18499.981061 18780.748630
381.440697 19221.387288 18453.020081
382.561676 18823.006698 18841.950721
383.561949 18406.200481 18832.489741
384.562770 19110.158912 18512.783827
385.563141 18826.610475 18854.253857
386.605084 18809.228986 18876.303808
387.685928 18783.364368 18861.869333
388.695732 18415.271240 18822.093546
389.741652 18526.455269 18516.453512
390.806870 18827.167594 18421.725949
391.832501 19073.350357 18626.078741
392.924795 18743.165040 18963.164423
393.939537 19169.143000 18911.614760
395.275132 17961.150839 19163.210968
396.401099 18900.466553 18384.497959
397.423780 19005.594287 18593.791461
398.486950 18681.682544 18853.952785
399.537266 18631.533156 18779.010015
400.537371 18329.244420 18679.594722
401.537672 19740.301916 18391.155132
402.658505 18266.723092 19289.750781
403.668120 19093.871048 18746.502271
404.741421 18819.080435 18975.294189
405.769936 19377.194095 18913.241403
406.854860 18980.456908 19277.260012
407.855839 19163.923453 19186.699947
408.857159 18577.750979 19227.459064
409.857429 18338.024903 18792.325364
410.913056 19302.962079 18341.320361
412.019713 18936.301083 18838.696877
413.054087 19930.466440 18928.455688
414.080144 18718.605425 19720.920461
415.281765 19442.290431 19260.643580
416.427086 20113.361706 19437.759356
417.599726 18958.281958 20030.753468
418.599989 19376.345435 19481.592773
419.641048 17906.696695 19389.732329
420.676630 18680.687701 18238.218829
421.678320 19069.256233 18160.074800
422.678438 18655.747784 18542.582409
423.696069 18664.097684 18555.373334
424.795294 18835.917739 18593.124833
425.812812 19279.468437 18758.608837
426.945576 18920.348136 19193.341088
428.108197 18587.208333 19162.898825
429.176900 18928.336241 18837.185169
430.178101 18875.094309 18867.680063
431.225733 18633.552589 18858.160106
432.225830 18699.033219 18676.477388
433.237533 18587.897191 18624.015302
434.338821 18682.804875 18533.186717
435.378703 18189.095412 18572.630806
436.379313 18693.575975 18249.614271
437.471425 19865.414347 18451.336711
438.605683 18628.302690 19491.636525
439.701996 19520.815653 19177.397145
440.702089 18455.738729 19552.388564
441.804489 19414.064292 18933.183352
442.835665 19007.292320 19222.963763
443.854086 18465.118735 19110.550121
444.854394 19146.266252 18621.898661
445.960050 18916.108264 18849.238588
446.960214 19212.169637 18864.546976
448.001742 18741.043274 19107.137522
449.002387 19157.839909 18901.346051
450.008030 18720.242535 19070.972098
451.008448 17952.488305 18849.304043
452.009116 19060.546261 18130.388966
453.009686 19672.208587 18557.499730
454.063087 18473.597192 19355.563489
455.097299 19045.526246 18934.798097
456.219887 19277.153915 19038.061965
457.354982 18212.466605 19265.280721
458.355487 18744.491709 18583.342915
459.378774 18416.560663 18548.673763
460.460693 19548.433949 18334.345388
461.564397 19035.033783 19096.639985
462.639868 19575.938483 19205.685649
463.737081 18895.851221 19623.224040
465.258236 19423.413771 19310.106400
466.259053 18810.240425 19445.655697
467.326529 19548.873390 19047.989855
468.327781 18823.544362 19343.694300
469.385390 19539.675114 18998.844525
470.452147 18667.968095 19319.692660
471.480049 18918.413238 18881.332077
472.480367 18519.449156 18796.644647
473.495581 19374.521077 18485.520019
474.499130 18821.391178 18979.743929
475.604340 18497.470096 18910.702747
476.721472 18830.125422 18610.913452
477.779393 19245.896834 18682.149461
478.779969 19006.969169 19066.590014
479.823282 18523.748203 19124.441247
480.889415 18369.861388 18761.583120
481.919787 18761.553746 18405.280216
483.018100 19647.844608 18512.043325
484.047540 19121.539348 19292.520632
485.258489 18537.336370 19376.861334
486.387504 20075.865419 18917.048955
487.486877 19147.302703 19746.111407
488.488259 18824.994926 19546.659098
489.517550 19430.784715 19105.363013
490.537451 19067.686302 19268.965289
491.566627 19253.478906 19118.897475
492.595607 19041.777312 19170.405228
493.672738 19267.654070 19058.151328
494.819810 19087.373418 19167.338443
495.943734 19514.439633 19111.800417
496.981326 18936.195961 19398.224316
498.083931 19205.348296 19136.807341
499.241226 19361.278656 19157.810260
500.398262 19012.725319 19297.143998
501.451635 19053.606837 19121.429529
502.500858 18889.469079 19037.057381
503.569747 19101.013367 18875.905352
504.639108 18911.258322 18957.378485
505.781183 18908.552390 18891.707489
506.811416 19833.773497 18861.730250
507.863619 18915.377546 19552.362995
508.909070 19288.024922 19279.235031
509.915352 18702.773089 19331.192209
510.915564 18880.108441 18907.440102
511.917841 19185.073640 18777.398809
512.917968 18709.119868 18966.779469
513.929540 19271.067655 18759.078014
515.028291 19187.720109 19064.198589
516.029193 18607.192572 19205.965484
517.142542 19003.337630 18836.891935
518.315500 18774.809253 18892.039113
519.439594 19179.852591 18776.041049
520.457289 18732.431317 19021.516571
521.599437 18670.929705 18848.272382
522.605442 18667.564029 18686.563812
523.749893 19019.120015 18599.276743
524.750230 18592.961155 18836.372020
525.870565 19153.455010 18680.987512
526.871280 18866.719238 19001.659060
527.919163 19094.637047 18984.891993
528.993217 18435.165377 19117.903627
530.284485 17943.325589 18683.989047
531.291750 17499.864725 18035.945998
532.439479 20263.437480 17356.173724
533.534559 19116.379437 19124.889903
534.534702 18252.913267 19433.591354
535.586609 18992.665418 18861.039473
536.603485 18380.643017 18977.546094
537.747776 19146.236281 18580.562436
538.752415 19739.559654 18906.285699
539.823664 18261.125406 19574.127506
540.949814 19048.880607 18840.580761
542.031228 18712.675594 18919.759950
543.031519 19144.245464 18739.475950
544.095472 18263.561034 18966.311263
545.110887 19562.962239 18463.699147
546.123163 19162.179731 19136.909464
547.222684 18696.676829 19279.440936
548.306697 18650.206200 18972.264194
549.307523 18954.813359 18714.926010
550.482633 18926.973828 18798.532335
551.507110 20083.090233 18858.526105
552.637821 18511.398900 19772.722225
553.806612 19345.514295 19128.643786
554.956286 18664.470706 19277.879892
555.967568 18574.367238 18858.623854
557.007423 18902.556023 18532.879947
558.092787 18913.573487 18626.521405
559.129557 18846.600674 18750.613886
560.285621 19182.969421 18803.170417
561.339570 19048.049776 19092.582808
562.340352 18497.834250 19158.695922
563.340683 19160.773043 18751.429298
564.376462 19042.548923 18981.601319
565.535114 19101.944697 19052.812171
566.598835 18488.715628 19130.398615
567.738807 18564.907953 18702.156556
568.740102 19140.155534 18491.819538
569.740497 19278.172925 18836.358819
570.870550 18514.682228 19188.090681
571.890158 19010.795064 18813.859150
572.952459 19018.862866 18924.033781
573.952749 19130.604171 19006.862269
574.954109 19135.961108 19135.082641
576.078209 18957.388943 19202.090912
577.202853 18898.173414 19085.133473
578.313068 18811.634213 18950.306974
579.459881 18739.456266 18804.955934
580.554506 18792.385699 18679.816523
581.716095 18988.768526 18671.853828
582.716836 18892.104717 18845.292569
583.716929 19172.098910 18895.383072
584.727239 19112.055026 19129.604379
585.728069 19232.973673 19212.305753
586.740254 19175.824588 19319.282743
587.849497 18638.330246 19308.332157
588.898033 19023.100029 18866.609215
590.258361 18521.989674 18877.255340
591.309573 19186.303536 18543.206808
592.403460 18993.806376 18869.113655
593.405411 19405.701808 18966.991678
594.433639 18886.486990 19331.555938
595.476730 19242.039077 19142.963422
596.476805 19424.633043 19251.212122
597.593328 18697.346078 19439.988685
598.603055 19191.671584 18985.072832
599.661075 19101.845342 19056.427347
600.742577 18306.508418 19058.545982
601.810198 18696.661758 18473.927446
602.933794 18827.427414 18432.378427
603.942970 19108.529428 18575.748992
605.013702 19011.843875 18921.180390
606.135169 18815.649195 19068.219184
607.186263 19002.226662 18980.498744
608.246763 18717.102579 19035.359237
609.283051 18964.967448 18840.663277
610.427010 19641.986487 18898.323775
611.486223 19846.302813 19451.579221
612.612734 19064.076524 19929.046005
613.679398 19838.343548 19560.423882
614.689992 17807.533264 19832.726249
615.782606 18501.315026 18447.174045
616.862795 19077.369228 18114.824068
617.942824 18700.082244 18477.312471
618.943689 18943.942248 18525.605624
619.995528 19467.721627 18776.266358
621.086536 18278.759994 19336.350232
622.234946 18628.492448 18757.513793
623.235688 18857.049303 18610.706465
624.320020 18954.443327 18713.166937
625.384432 18505.523951 18873.413283
626.429224 18277.049653 18637.104435
627.497512 18282.871185 18314.699166
628.570618 18716.822713 18148.450302
629.691084 18780.521476 18424.394738
630.703816 18584.421765 18683.248021
631.703825 18937.046995 18689.918244
632.764812 18955.804835 18931.348157
633.798784 19047.237590 19067.556204
634.802153 18993.541685 19176.296951
635.978250 18319.678910 19158.130556
637.088713 19599.274062 18602.503059
638.091038 18173.984625 19213.679638
639.180842 18499.819815 18546.699455
640.259690 18977.749341 18364.407049
641.308675 18793.441432 18665.561182
642.337125 19057.625532 18755.954356
643.337396 19118.874336 19008.660788
645.243840 19651.007903 19193.191792
646.281242 19013.929151 19665.978106
647.281341 18356.040344 19420.819648
648.282637 19965.468248 18703.101189
649.363643 18994.436311 19464.547677
650.403543 19867.499837 19242.227111
651.420576 18614.084778 19723.916772
652.480203 19229.445622 19060.596074
653.613378 18161.106449 19078.828535
654.764286 19087.364569 18324.344657
655.864615 18733.292658 18600.986756
656.976942 18452.592203 18595.348325
657.988648 18703.408943 18416.489852
659.011311 19527.049267 18524.198758
660.022314 19493.766106 19240.586001
661.208400 18919.993816 19645.433068
662.329489 19055.174526 19379.610643
663.388243 18667.361953 19233.180756
664.388900 18417.776301 18824.604826
665.484979 19054.381280 18393.816904
666.587992 18855.015522 18661.866526
667.588775 18850.897639 18744.495707
668.647421 19352.652313 18810.351839
669.648060 18974.573184 19229.732361
670.672292 18749.286157 19186.593263
671.718191 18843.426156 18943.053424
672.718380 19341.077447 18843.446687
673.742478 18987.478720 19166.876654
675.241707 18810.382658 19106.942790
676.242180 17957.353967 18914.287795
677.242939 18527.793523 18152.212495
678.393799 18631.503841 18150.289880
679.423620 18485.690025 18321.487221
680.436887 18979.838862 18375.229685
681.454110 18929.163585 18800.327629
682.463582 18793.248615 19019.747952
683.544223 18990.006580 19004.875795
684.544428 19193.858449 19092.101395
685.544921 18772.342053 19263.079393
686.670391 19012.974203 19015.125858
687.716337 19491.636699 19010.927253
688.851446 19019.778173 19368.336559
689.929088 19228.597757 19223.972353
691.051905 19055.881002 19257.356393
692.070729 18220.695647 19137.321188
693.185909 18943.228771 18430.554522
694.327998 18810.848316 18566.606313
695.340331 18254.503968 18629.502482
696.433309 18682.738139 18289.028764
697.486018 18521.202588 18431.336334
698.646492 18326.318185 18444.188907
699.718746 18220.708588 18323.705312
700.733305 18842.631825 18184.909534
701.830619 19438.387724 18590.903837
702.944537 18455.494814 19303.649910
703.945407 19127.782303 18956.537717
705.018339 18635.017942 19161.936512
706.100039 19563.883158 18886.524086
707.100042 18712.123655 19382.590249
708.102403 18868.722243 19037.126931
709.108930 18588.223405 18900.593394
710.145560 18904.849475 18613.984709
711.145964 18815.409162 18701.709593
712.176908 19500.252588 18729.276771
713.208214 18630.927070 19278.226027
714.279654 19230.047189 18956.213157
715.357135 19429.647080 19163.225290
716.382387 19270.663367 19433.136749
717.382718 19184.252513 19447.982277
718.384256 19570.878432 19346.267172
719.384363 17631.111123 19544.875395
720.385385 18281.858189 18195.854784
721.403001 19484.185440 17868.218862
722.403366 18540.686720 18709.556172
723.403610 18814.733196 18616.258103
724.512961 19924.172915 18756.251080
725.678964 18504.870676 19672.947887
726.817733 19144.412742 19129.625868
727.849299 19135.243196 19181.432610
728.915652 19530.686257 19191.203854
729.986949 18576.711402 19478.681608
731.112053 18077.286725 18919.940505
732.198622 18499.235725 18180.194171
733.236628 18935.933494 18101.055892
734.237028 18774.194213 18488.555038
735.291354 18595.178149 18672.844764
736.440574 18651.442886 18656.064941
737.555154 18990.441825 18674.651885
738.660898 19255.563020 18932.392311
739.679359 18630.965142 19274.615798
740.830959 18403.913426 18972.515940
741.859742 18790.408914 18565.789524
742.859949 19611.589467 18611.828908
743.860247 19136.363978 19295.379016
745.257780 18628.586542 19359.787566
746.296212 18235.399105 18955.302867
747.335134 18679.606519 18376.490858
748.413735 19467.137892 18384.967476
749.514644 18872.804521 19053.514076
750.515270 18571.229496 19045.443301
751.542311 18661.727794 18772.066950
752.543033 18618.697287 18653.043134
753.564529 18950.715472 18563.429511
754.566314 19279.456471 18781.453282
755.638855 19024.475334 19179.336464
756.671926 18535.353469 19212.072204
757.712149 19337.089098 18814.699458
758.832986 18866.111006 19147.478309
759.909114 18533.126519 19008.036863
760.922025 19083.766778 18653.096310
761.949980 18543.756102 18858.613781
762.977507 18648.597845 18612.652758
764.010368 19208.295329 18551.079390
765.281363 18813.832368 18964.445432
766.356809 19195.141707 18936.243707
767.490659 19516.012454 19177.522014
768.518806 18228.195947 19543.219151
769.641055 18781.739246 18753.403665
770.672480 18877.330126 18642.351467
771.750263 18896.257494 18693.365473
772.804237 18995.924517 18779.059165
773.805068 19052.411253 18925.955861
774.898451 19128.941142 19059.261424
775.973476 18825.216935 19181.599080
777.029482 19141.271498 19001.810268
778.143171 18651.811180 19104.808452
779.147766 18275.996241 18798.328066
780.202139 19421.031167 18326.597447
781.202546 18894.021420 18936.858031
782.259473 19062.742015 18967.774296
783.259722 18696.199451 19091.334656
784.365388 18236.406330 18871.059753
785.455062 18687.474747 18372.362385
786.494398 18425.450108 18427.326000
787.495289 18341.900536 18323.326515
788.497143 18268.772672 18234.195492
789.503623 18537.328900 18161.710343
790.691288 18520.647745 18353.650522
791.866648 19478.597949 18483.029340
792.928609 18596.638240 19275.586003
794.000488 18934.090965 19061.147539
795.018546 19115.715670 19090.890526
796.061368 19304.695167 19202.780659
797.215891 18822.385809 19378.694100
798.308069 18749.306499 19086.419069
799.362440 19406.985803 18819.463756
800.436779 18997.306738 19161.706263
801.525463 18969.950260 19086.888103
802.525592 18557.968659 19006.566323
803.525841 18763.797196 18648.265217
805.258863 19410.923567 18600.911926
806.280713 20308.670416 19103.301377
807.409201 19008.473057 20104.711787
808.410480 18973.670574 19681.258630
809.517732 19330.314576 19275.233795
810.517859 19145.536757 19264.313575
811.519332 18892.518297 19136.770350
812.520191 18300.643386 18885.426495
813.671344 18594.087494 18317.621334
814.827592 19191.579754 18249.557348
815.828248 19522.484557 18749.777086
816.995651 19331.023645 19358.516225
818.049744 18930.384117 19560.282193
819.096142 18469.672242 19303.370895
820.239781 18731.613201 18736.134644
821.340716 19330.448418 18582.356638
822.362762 19321.736060 18991.908188
823.504290 18832.097258 19274.784753
824.625424 19141.642692 19060.731760
825.655266 18263.613161 19128.705714
826.673753 18561.609047 18507.404787
827.793988 19523.668655 18359.303332
828.794333 18446.603329 19057.373739
829.961974 19579.216853 18715.183677
830.962645 18328.205259 19326.403702
832.123717 18685.126958 18756.958306
833.140741 18817.878301 18632.738621
834.223558 19062.050630 18683.289370
835.310660 18426.084381 18925.341224
836.401952 18573.205990 18603.569816
837.509776 18588.659340 18508.653960
838.578402 18777.627260 18488.924052
839.578865 18527.911038 18645.718860
840.692172 19181.059307 18569.806198
841.799951 19442.830606 19011.237278
842.937152 18907.184582 19470.736800
844.069565 18646.945288 19291.775494
845.069670 19531.759468 18910.967643
846.197087 18836.793084 19318.168763
847.253910 18738.478681 19053.942212
848.308654 18744.466936 18793.805852
849.339501 18817.342586 18654.397071
850.376651 18232.764295 18661.866884
851.377743 18590.680568 18266.036998
852.378333 19171.622026 18328.241084
853.506962 18239.842202 18860.659091
854.523879 18692.706868 18505.773960
855.542946 18779.745310 18601.496955
856.574061 19519.807912 18737.439762
857.578058 18101.573247 19371.034504
858.639251 19297.031320 18661.349229
859.787686 18614.005045 19063.156150
860.951333 18847.020352 18810.258697
862.080154 18996.556099 18809.508038
863.198151 18875.283869 18930.662597
864.199252 18924.966762 18916.759079
865.203786 18746.072079 18936.700688
866.341456 18338.863745 18809.566998
867.469507 18661.941240 18424.720173
868.588175 19155.786837 18453.140775
869.621539 19119.248515 18889.935390
870.735447 19172.641304 19147.391818
871.815865 18322.010867 19309.128798
872.918390 18290.317656 18717.902586
873.919547 18298.288461 18299.546643
874.965316 18100.376535 18094.039528
875.967153 19883.464262 17893.914259
876.992439 18559.305162 19182.782989
878.118156 18681.920095 19009.268348
879.118709 19506.045013 18901.981430
880.152048 18800.411437 19411.416326
881.230787 19133.034008 19160.565763
882.231495 19551.473479 19194.568829
883.231652 19067.992022 19510.016260
884.231779 19057.193009 19315.493187
885.256284 18234.752227 19148.257100
886.289325 19712.253508 18425.042447
887.376944 19185.681493 19123.988526
888.400855 18576.844435 19225.598800
889.441963 19756.865294 18809.796816
890.443898 18981.567758 19428.673374
891.444267 18373.671959 19238.686480
892.466348 18257.137929 18623.491504
893.510784 18651.615809 18166.038607
894.542736 19186.616898 18255.945399
895.631763 18843.624752 18801.067215
896.645836 18779.299777 18912.771434
897.776199 19429.734459 18903.093141
898.776599 19225.509260 19355.131666
899.814667 18781.668455 19446.632727
900.909444 18061.594606 19104.221787
901.984041 19204.858079 18312.322598
902.984942 19179.254002 18711.138610
903.985887 18978.804191 19014.773425
905.034372 18617.278177 19057.373619
906.034514 19157.880934 18787.886848
907.093458 18974.985901 19015.943363
908.097834 19022.928305 19028.284738
909.116199 18584.136872 19057.087519
910.247639 19287.519753 18733.855532
911.306457 18909.394662 19062.347034
912.402682 18593.734131 18999.292147
913.424155 19878.348751 18708.544934
914.489199 18348.630449 19497.929592
915.555875 19008.397310 18840.437984
916.653833 18037.796557 18883.565442
917.696545 18972.476436 18208.386574
918.713416 18529.263550 18529.159544
919.813939 19452.789256 18467.965588
920.821393 18832.127514 19145.337380
