126.265423 16260.010431 0.000000
127.382631 18278.375917 16260.010431
128.392183 18266.459451 20296.741403
129.486605 18324.648998 20792.395425
130.607689 19139.481580 20452.380603
131.664491 18792.056685 20361.564727
132.664797 19345.221378 19750.067331
133.664955 19135.728787 19619.689491
136.461442 18556.601424 19328.764100
137.614881 18852.697771 18700.697053
138.643920 18739.606513 18572.711884
139.775322 19241.906547 18493.897327
140.913141 19837.523591 18892.642370
142.060753 18863.058070 19626.043719
143.061229 18586.185825 19314.765221
144.107866 19370.394313 18838.545000
146.462394 18671.351576 19125.501462
147.499810 18953.770551 18805.920852
148.507647 19360.058014 18824.302460
149.637215 19593.518400 19170.575884
150.731341 19046.748593 19566.178418
151.857306 19319.898337 19360.737325
152.866654 19188.436348 19384.381903
153.892323 19110.569839 19281.486809
156.463496 19595.321456 19148.376765
157.476834 20571.938225 19435.933724
158.607491 19046.642431 20352.021713
159.645438 18167.650579 19721.072991
160.661239 19812.961658 18577.747100
161.842442 19279.279855 19137.543334
162.919935 18711.029008 19186.034679
164.026961 18551.608973 18807.403511
165.140168 18802.949833 18474.429275
166.423353 18182.621629 18515.742726
167.476656 19426.945076 18142.955075
168.518934 18739.422386 18899.720474
169.653438 18568.297793 18894.267306
170.654109 19754.160184 18724.486048
171.654260 18706.001255 19489.945148
172.713718 19026.422073 19152.609260
173.781006 18976.388864 19112.604928
174.919840 19126.431292 19033.532142
176.454943 18095.051467 19092.241750
177.492656 15855.794007 18356.609071
178.543949 20060.343814 16243.960235
179.545345 19323.135156 18244.006616
180.645503 19308.880716 19145.207612
181.761743 19055.291031 19629.599166
182.837763 19109.754735 19601.423067
183.840026 18902.160093 19491.649786
185.002921 19593.504660 19185.593402
186.496423 18822.713333 19480.215307
187.686201 18318.904282 19077.755103
188.686638 19427.205065 18434.907771
189.816132 18401.408720 18915.708819
190.912114 19268.658974 18514.636146
192.043143 19257.577737 18936.230644
193.112176 18821.624485 19221.824048
194.214348 19470.459460 19046.594232
195.215900 18705.746015 19389.363119
196.511194 18482.651785 19007.486564
197.558283 18081.322190 18573.792477
198.636610 19243.442288 18033.163064
199.736094 19128.749331 18646.478213
200.773979 18393.035993 19016.357088
201.817535 18746.728304 18677.609583
202.817660 18526.812358 18702.361666
203.829440 18940.360487 18560.892408
204.921909 18695.627059 18791.798863
206.482851 30288.770053 18760.842425
207.483322 19326.580108 27423.917611
208.653676 18572.725041 24250.025855
209.715717 18747.103150 20866.827240
210.885828 18578.167183 18732.485965
211.999787 18550.843499 17542.267648
213.123404 18630.261094 17185.640611
214.176740 19361.546741 17408.191010
215.177228 19083.605430 18373.447966
216.501948 18907.994598 18894.645154
217.501953 19504.851463 19070.775694
218.502411 18853.663260 19565.788338
219.594850 18576.799032 19309.669290
220.595202 18765.256825 18859.960087
221.596235 18920.753714 18705.658566
222.738759 18399.608868 18760.030038
223.809953 18705.255261 18436.538058
224.820770 18904.740033 18494.794565
225.820887 18910.832077 18726.151572
226.949674 19175.169579 18891.046223
227.950432 19124.516902 19176.693139
229.064724 18913.673436 19281.146199
231.486435 19386.591983 19136.082806
232.635811 18874.554486 19362.637677
233.736203 19938.228240 19097.875566
234.762681 19262.516372 19707.419556
235.817342 19438.664768 19563.109821
236.953229 18194.442400 19547.917889
238.063443 18744.122209 18579.841866
239.071308 18702.400301 18411.713845
240.113639 19116.692942 18379.460495
241.160002 18927.750173 18754.788252
242.253021 19812.084929 18891.221226
243.378715 19178.190374 19631.821017
244.508079 18060.521703 19571.765974
245.537820 18500.533432 18605.093049
246.634294 18171.457435 18315.622547
247.715292 18711.077820 17970.308020
248.871629 18877.568757 18252.653398
250.030793 18440.606029 18633.300396
251.068921 18537.363875 18556.968939
252.250508 19770.790999 18562.280867
253.330778 18586.581496 19483.777926
254.331009 19295.000701 19128.122597
255.460731 19197.932268 19346.224061
256.502078 18577.268927 19369.667628
257.665818 19066.327631 18872.958066
258.834520 18712.757063 18917.475028
259.835748 18867.303381 18711.768734
261.503921 19395.771676 18725.072407
262.605437 18703.793133 19163.633209
263.741052 18822.605190 18921.964319
264.744073 19063.283745 18835.696121
265.775423 19023.294973 18969.798205
266.775481 19112.604511 19030.229053
267.775850 18702.025688 19125.693111
268.776130 18511.603791 18862.218873
269.786508 18984.703134 18547.617034
271.454824 24341.157026 18736.137312
272.465068 19116.496591 22909.879325
273.478640 18865.110035 21436.074431
274.491480 18703.141925 19930.737607
275.567800 18437.659067 18790.186219
276.569036 18835.018044 17999.037309
277.609516 18502.088564 18011.137526
278.727750 19235.305895 17973.460654
279.865642 18942.033347 18636.692193
281.052524 18968.161056 18898.006978
282.159753 17171.590405 19059.266744
283.246669 19046.347933 17769.692217
284.357605 19008.682035 18381.447646
285.445924 19020.433396 18825.301009
286.563018 19193.594558 19101.886468
287.650462 18830.887716 19349.686801
288.715096 18921.008630 19162.533775
289.717869 19741.400546 19053.636433
290.840982 19110.424381 19581.324748
291.918439 17677.728577 19411.955732
292.919247 18036.208499 18177.366533
293.919822 19621.349034 17704.022385
294.984284 19509.703433 18739.252242
296.125734 18440.468770 19393.657167
297.175543 19771.370939 18947.945199
298.297024 19310.134395 19596.396735
299.351373 18884.595465 19618.438646
301.474925 19395.129806 19233.229341
302.535606 18746.471784 19336.366975
303.536572 18563.289452 18916.132983
304.537399 19628.105612 18526.213939
305.600319 18832.373295 19139.135415
306.689763 19650.499285 18971.039464
307.812434 19017.265112 19465.919439
308.909680 19254.218258 19284.578758
311.445409 19109.050995 19304.794866
312.539690 17224.567050 19193.383320
313.540043 18805.572645 17703.231507
314.570533 19018.853847 18024.243683
315.638800 19668.983995 18540.042913
316.800985 19418.893462 19405.242873
317.805213 18629.628426 19716.210233
318.861509 19589.767902 19205.415944
320.040781 18855.902600 19526.176527
321.455859 13122.794511 19152.055685
322.455900 19121.703941 14591.125927
323.524234 18979.180724 16442.760266
324.659512 18546.374209 17931.420941
325.660472 18557.035285 18613.086338
326.660738 18843.340284 18945.236812
327.797362 18535.975465 19228.990416
328.797518 18860.778612 19043.931071
329.871822 19006.086372 19068.014857
330.979801 18493.940818 19137.228509
332.058882 18388.871218 18754.940635
333.165379 19330.340689 18419.744544
334.243835 19025.706683 18950.530270
335.401651 18816.629795 19082.400233
336.455439 19689.045168 18977.354161
337.480734 19492.187802 19538.961564
338.535775 18733.277091 19709.643142
339.536035 19224.851853 19171.437063
340.537217 19505.239425 19161.475102
341.703228 17715.916536 19382.628988
342.796807 19375.133285 18181.866374
343.798634 19559.689969 18709.410169
344.951450 18752.282413 19278.030359
345.964194 18979.342076 19027.199689
346.965746 18831.917617 19003.349782
347.967777 19829.575214 18874.854558
349.002789 19042.421388 19548.115909
350.003003 19113.949931 19364.746041
351.476909 18803.767998 19246.126351
352.575983 18558.207283 18921.135951
353.637458 19051.699794 18545.128226
354.654654 19560.223625 18730.513512
355.832460 19009.205676 19284.895598
356.941641 18629.443970 19217.655186
358.085531 19080.287786 18847.101323
359.085963 19354.421837 18945.542915
360.090463 19054.227783 19234.050467
361.466214 18937.404061 19183.251546
362.475257 19870.527404 19037.978352
363.555148 18731.499715 19640.040690
364.672427 18817.228504 19144.422771
365.690754 18652.141288 18857.679639
366.797720 18673.581855 18580.379877
367.839946 19372.870870 18475.750774
368.859608 18717.368268 18997.360754
369.896566 18605.929237 18860.416321
371.100133 18253.220433 18672.602818
372.137405 20301.863162 18297.496069
373.244438 20102.246408 19635.355832
374.354837 18925.445490 20321.199980
375.354950 18856.193577 19726.782973
376.355905 18646.401985 19177.301164
377.357495 19173.399636 18664.939669
378.437140 18437.196921 18799.372738
379.522222 18753.067716 18407.943961
381.457633 18848.385534 18456.445909
382.460298 19636.815673 18626.340698
383.589558 18749.444099 19358.121906
384.590178 18368.700856 19128.157271
385.590508 18890.696666 18632.939229
386.669660 18794.662705 18710.767472
387.784142 19020.622504 18722.638421
388.955170 18943.953722 18916.049816
390.093419 18879.252325 18981.397099
391.507176 20076.580044 18956.183848
392.565161 19673.079013 19822.340132
393.581686 18444.153124 20016.352478
394.676913 19002.541153 19105.845869
395.694653 18521.262190 18903.960399
396.737674 18829.581427 18466.703631
397.740407 19024.202272 18492.954314
398.802483 18798.034467 18736.202068
399.865925 19338.076006 18760.200142
401.477698 18665.250634 19186.688915
402.608445 18695.116736 18933.161045
403.616718 19364.136984 18761.819083
404.700020 19691.868460 19161.237702
405.700191 18976.538084 19657.470438
406.814744 18565.355366 19377.688530
407.907061 19246.664319 18829.122926
408.978098 18854.860075 18999.879949
410.108831 18967.537092 18853.101370
411.485008 18176.252779 18864.659519
412.598298 18727.800401 18302.694752
413.606184 18101.801018 18403.762592
414.691051 19843.159810 18065.806427
415.694275 18747.694798 19211.846086
416.705543 18985.077075 19121.095588
417.873351 18981.302459 19160.406849
418.910519 18448.600689 19133.399074
419.947829 19207.381795 18682.344705
421.493477 19100.436489 18967.467347
422.517215 19982.893801 19089.798300
423.517884 18827.366125 19815.466308
424.552445 19936.666318 19353.511428
425.577176 18744.759876 19822.972807
426.591018 19080.470423 19192.197043
427.591299 19004.375829 19016.732779
428.694473 19065.897268 18887.864113
429.811441 19217.312179 18898.698788
430.979023 19351.830366 19059.476929
432.087682 19872.463359 19280.213452
433.090779 18773.738724 19798.960687
434.208156 18649.584783 19252.666496
435.259447 18918.064402 18766.672002
436.342973 18559.681523 18695.762664
437.524591 19172.582954 18447.096271
438.652439 19409.950430 18810.585460
439.790605 18656.825762 19260.855035
440.793965 18689.418593 18958.420171
441.869896 20545.407382 18756.248760
442.904059 19378.595719 20030.447104
443.904163 19244.544369 19921.177598
445.052508 19140.674373 19630.358864
446.161374 19266.457672 19310.593376
447.188963 18436.174569 19202.568355
448.324614 18938.618026 18541.815847
449.480364 18508.192567 18561.861866
450.553901 19043.054472 18343.254822
451.702073 20546.553808 18676.332164
452.850231 19131.427364 20062.175915
453.959068 19140.771494 19814.847430
454.959621 19194.394158 19527.336269
456.050772 18611.123343 19327.156493
457.225854 18603.696055 18756.422909
458.378500 19046.739579 18429.160760
459.417869 19046.157030 18641.446152
460.499248 18930.443581 18848.475293
461.511544 18647.669603 18914.625211
462.569316 18227.833556 18739.574279
463.628144 19127.353436 18314.195609
464.705110 19092.340527 18754.555670
465.761842 19291.507958 19041.675460
466.804543 19379.874311 19347.277196
467.839641 19089.869297 19552.410519
468.874488 18622.255288 19394.339368
471.477160 18579.126929 18888.475768
472.591394 18617.837048 18536.642579
473.640518 19567.954351 18400.379661
474.640564 18241.416272 19099.200526
475.676999 18381.817469 18570.895856
476.769112 18807.614353 18329.674522
477.883387 18929.708742 18541.447255
478.885144 18825.038307 18805.446188
479.973547 18574.440981 18890.008466
481.503397 19089.580073 18728.099072
482.575796 18275.311948 18995.084171
483.674128 17321.449211 18541.499602
484.678240 19691.078198 17532.763352
485.678320 18975.302401 18752.788431
486.742239 18964.263444 19060.541565
487.743345 19095.331981 19184.829123
488.886907 18710.264932 19290.132886
491.442798 19198.509826 19005.284254
492.443401 17968.489390 19155.288778
493.444337 18760.204074 18318.580975
494.520583 19013.983290 18406.490190
495.596158 19017.930065 18729.207680
496.603782 19064.414237 18964.720410
497.769596 18281.191298 19130.642317
498.770173 18983.272265 18609.629046
499.831303 19007.398491 18793.573699
500.831842 18995.652583 18951.065337
501.918679 18602.704410 19035.085013
503.025096 18981.538205 18772.525614
504.116566 19181.936094 18882.915960
505.247139 19420.608794 19113.065111
506.248586 19777.041891 19424.361957
507.259384 19305.129169 19846.396912
508.361995 18364.819605 19686.141093
509.384407 18276.160809 18805.528030
510.430556 18007.672033 18188.550294
511.491786 14978.020426 17700.597473
512.510201 17700.861193 15261.150997
513.542918 19938.225969 16012.775692
514.599272 19318.462828 18488.632996
515.641462 18836.817137 19624.137536
516.676974 18536.719665 19754.236861
517.677352 17801.410595 19364.858488
518.677651 19151.940300 18411.652793
519.802576 19317.010849 18795.386675
520.838801 19400.398651 19200.194934
522.005849 19000.009355 19494.343893
523.006314 18616.009827 19317.640091
524.141122 19118.938222 18861.880860
526.504966 18574.543149 18949.729783
527.577854 19917.633676 18627.660049
528.632465 19229.300100 19460.663852
529.665788 19138.129687 19475.158028
530.713145 18497.593924 19352.562824
531.713679 19095.533045 18757.255115
532.854456 19241.510102 18843.140304
533.910025 18800.808420 19058.663877
536.456359 19128.644603 18881.610957
537.458622 17539.227934 19018.761001
538.459170 18329.560537 17922.744421
539.477873 19432.212899 17871.606462
540.572498 18526.625531 18787.515273
541.711019 18737.692650 18727.453558
542.818769 19493.782451 18805.516034
543.942780 18961.991627 19394.658776
544.960104 18594.597578 19315.167948
546.435663 18711.047418 18911.582917
547.435898 19050.230907 18717.881447
548.497833 18746.310208 18873.709821
549.603137 18997.310749 18767.813756
550.603503 19051.265809 18897.740242
551.613668 19093.247835 19028.062407
552.655687 19730.023932 19130.510859
553.663392 18802.297504 19650.001402
554.663971 18919.326603 19233.957485
556.468790 18352.136613 19005.792355
557.585288 19068.361181 18444.700860
558.632679 18586.987809 18678.182477
559.633351 19583.883753 18531.437932
560.728873 18556.461280 19219.625087
561.823008 19540.248044 18884.216476
562.824246 18951.417133 19372.413445
563.855333 18498.384761 19216.847396
564.913256 19058.340261 18732.932526
565.921264 19670.602296 18852.304775
566.997113 18967.142420 19422.696297
568.160385 18665.047749 19242.273652
569.160471 19227.142479 18856.708517
570.283562 18574.289591 19037.581806
571.502711 18853.902044 18685.768952
572.516236 18656.016449 18691.702025
573.662025 19191.523891 18586.804370
574.709410 18756.076065 18953.289144
575.809945 18695.974072 18869.504348
576.828389 18646.177452 18754.178384
577.834596 18040.095833 18644.616859
578.996922 18803.290686 18135.665031
580.087845 19544.465702 18429.692957
581.256832 19183.039910 19225.987614
582.257411 18709.169648 19432.685121
583.258749 19048.587536 19118.219875
584.290285 18763.952017 19113.288111
586.505617 18145.926212 18881.170446
587.592477 17813.884923 18272.287653
588.652516 19298.046660 17687.224929
589.652770 19074.333200 18539.479868
590.699113 18348.594824 18987.463941
591.802469 18275.415520 18688.869510
592.836990 18656.720768 18399.619145
593.850601 18769.634656 18509.921992
596.473318 19712.733262 18686.458526
597.562558 19115.328485 19502.844780
598.570466 19105.398861 19515.456444
599.624576 18569.993778 19414.283069
600.691443 19505.308303 18884.921517
601.743451 19016.200268 19242.994700
602.928114 19140.131879 19120.778666
603.929670 18004.535486 19126.474757
604.973674 18359.500737 18281.039789
606.505100 19170.834286 18055.420167
607.505698 18866.945945 18627.130660
608.635464 17737.277325 18820.995557
609.635744 18456.478644 18082.164138
610.756823 18158.417179 18165.927714
611.864074 19002.655829 18056.901136
612.974162 19421.662815 18660.945845
613.980219 19418.295946 19362.650935
616.487896 18512.495662 19725.731298
617.656044 18422.402585 19151.062429
618.656275 19192.751622 18636.516495
619.658510 18346.418544 18903.476828
620.708409 18797.672383 18474.525885
621.708779 18290.711340 18566.463957
622.788541 18967.124841 18290.014318
623.790705 19047.665341 18659.273879
624.872396 19110.959455 18981.271775
626.501923 18957.503653 19206.339700
627.572212 19392.952043 19179.936750
628.641995 18647.981593 19437.713293
629.720909 18825.604036 18996.683414
630.787100 18783.386436 18822.209852
631.832296 19077.550728 18704.158417
632.832437 18940.732620 18885.562923
633.938501 19517.954163 18921.648546
635.070973 19119.183624 19377.378534
636.268115 18730.450601 19341.309531
637.429572 18621.918472 18976.193785
638.429615 18898.409485 18650.801020
639.454270 18404.957139 18688.252260
641.499176 17798.937832 18389.427927
642.518844 18261.099873 17789.383583
643.638517 17886.730403 17838.371504
644.643926 18935.354906 17687.770454
645.660332 19163.573678 18448.678294
646.728387 18825.821451 19121.965446
647.730573 18720.532336 19215.696910
648.783708 18745.180225 19086.126941
649.942310 19052.374844 18948.429222
650.946503 18247.584573 19059.164078
651.992071 18356.081596 18509.241494
653.024403 18897.626025 18250.238739
654.159176 18501.996803 18553.356398
655.160264 19165.135346 18494.260717
656.462700 19323.221989 18964.000806
657.525586 18864.793875 19367.719467
658.579221 17595.935382 19214.633343
659.702649 19406.964514 18098.986544
660.703718 18892.664607 18773.672203
661.835995 19586.186540 18883.613180
662.851456 19472.127398 19460.987975
664.003201 18317.632042 19695.430658
665.003765 19150.013260 18890.954667
666.033082 18954.384210 18969.671928
667.163753 18602.326549 18907.394105
668.229591 18899.293577 18623.959474
669.231732 19186.013657 18699.559198
670.370303 19287.874870 19002.332715
671.505847 35865.562581 19276.035619
672.506121 20471.116080 31849.112666
673.520956 18649.441874 27593.928794
674.587776 19061.184319 22319.378024
675.589020 18394.194376 19073.425436
676.607578 18950.124940 16947.146405
677.650664 18704.920083 16662.716805
678.653560 19141.372611 16908.450397
679.680903 18883.194473 17807.774010
681.442997 34073.114294 18397.201863
682.443155 20097.556836 30205.853808
683.494536 17718.963828 26595.326808
684.495436 18067.671275 21381.676059
685.496140 18270.736003 18120.703213
686.525081 18340.557870 16629.257351
687.577208 18804.526118 16346.270483
688.703910 18138.481978 17051.325082
689.815455 19001.809908 17342.619535
690.995210 18868.900777 18334.728320
692.015328 18222.826777 18897.871261
693.122492 18475.593995 18687.644611
694.254972 18954.699016 18655.902241
695.288937 19234.550415 18954.282760
696.375354 19109.313511 19313.465633
697.459790 18780.871456 19379.400587
698.604317 19375.618410 19098.514754
699.677617 18995.977621 19324.721228
700.678040 18893.323795 19165.818169
701.796055 18975.487390 18966.916133
702.841306 18615.140527 18910.689727
703.841495 18717.577438 18628.515792
704.948591 18882.409570 18560.912692
706.504699 19375.030584 18689.901427
707.529638 18617.774137 19171.988591
708.654498 19134.490714 18895.850336
709.661742 18347.423834 19075.799591
710.709704 18297.620200 18590.146839
711.765149 19212.395786 18249.286987
712.823862 18655.903151 18777.022054
713.878171 18893.680964 18732.363544
714.879607 18900.998136 18869.252550
716.449393 19275.612540 18949.292036
717.503427 18600.126912 19258.199107
718.662412 18794.329054 18910.391779
719.663484 19945.125527 18804.573505
720.700948 18940.835147 19612.200610
721.898813 18518.924821 19346.027607
722.923642 18321.865767 18795.210246
724.056147 18608.419169 18302.935919
725.206936 18772.893685 18276.446268
726.451717 18855.757622 18469.550556
727.605536 19550.319226 18704.086435
728.664565 18750.620056 19380.193374
729.722951 18121.134670 19161.003929
730.862944 18917.842845 18476.699199
731.913868 19428.759317 18643.186833
732.999148 18726.137348 19178.282007
734.107941 18806.239958 18981.482444
735.252523 18986.785018 18879.323346
736.253521 18970.261291 18945.381745
737.311768 18381.361862 18976.368968
738.312080 18510.038796 18548.661088
739.316546 19361.599424 18389.490042
741.505559 18500.693944 18978.712178
742.573182 17580.900553 18723.365948
743.574254 18929.647941 17850.179788
744.600603 18903.180989 18357.827441
745.603386 18463.513132 18734.756178
746.604455 19293.424878 18635.575857
747.604622 18815.428162 19165.403825
748.608841 19560.841198 19103.825535
749.677800 19325.612490 19559.996824
751.473521 20652.631030 19611.872031
752.495870 19533.569442 20561.508654
753.496699 18592.351129 20219.811368
754.505219 18289.700871 19171.488509
755.505530 19075.051856 18275.555041
756.506346 18745.935612 18420.138003
757.673414 20343.961938 18409.320765
758.788516 18870.242409 19686.585601
759.849811 18650.778451 19384.272457
761.494172 19393.548140 18940.010405
762.659352 19517.079908 19202.648657
763.696930 18766.338965 19474.341479
764.770167 18877.310287 19057.816790
765.803823 18920.380580 18859.913481
766.806448 19401.022858 18797.613748
767.806730 19170.136618 19157.637297
768.837080 18382.375704 19225.330783
769.960355 18881.117537 18654.558299
770.967317 19381.471768 18675.182783
772.008332 16907.490626 19112.244387
773.078085 19311.347637 17542.596177
774.078549 18650.693863 18401.888443
775.141110 18810.385567 18563.409044
776.241153 18419.929835 18785.759327
777.270959 18651.985486 18610.249229
778.395454 19088.710489 18648.956070
779.396303 18164.398301 18996.610597
780.503416 18711.601831 18500.228692
781.588469 19383.715603 18578.482790
782.754526 19110.614301 19154.974928
783.934839 18697.932928 19295.580189
784.936003 19009.534680 19010.130318
786.508830 19111.519766 19023.057349
787.510137 18103.295023 19102.629012
788.696946 18990.508781 18388.468975
789.742414 19124.818153 18625.505787
790.840535 18683.513399 18936.006970
791.845423 18470.444156 18807.481792
792.845988 18922.185143 18552.425172
793.846502 18025.868977 18743.207349
794.864188 19475.782614 18211.105761
795.889923 18255.270834 18986.180999
796.890218 18684.245860 18580.735186
797.985057 19144.046274 18618.377462
799.089553 19162.185003 18998.516010
801.485483 18431.754096 19238.571897
802.622828 18541.182370 18791.679937
803.754059 18404.668877 18560.323702
804.811074 19125.997462 18337.475132
805.811289 19211.226307 18783.845722
806.915608 18516.943648 19156.490585
807.996356 19895.778244 18835.784953
809.030382 18888.144416 19629.847758
810.031498 19251.825702 19337.636411
811.103907 18436.424056 19351.918703
812.218319 18854.203350 18722.485364
813.266101 19076.954847 18649.587838
814.332201 19110.225222 18831.356576
816.452794 19112.655937 19008.593294
817.617703 19833.739894 19124.442671
818.618549 18916.857103 19720.233644
819.756990 18602.867125 19358.843600
820.867353 18169.646629 18832.159470
821.867532 18962.163190 18186.578946
822.978140 19078.594878 18453.943026
824.077980 19531.349687 18802.003873
825.078438 18918.589315 19384.748154
826.146919 18799.313604 19253.200399
827.191826 19732.696804 19014.316968
828.196692 18399.976852 19541.161811
829.214214 18351.374950 18852.928016
830.350263 19117.370521 18359.121902
831.443351 17248.067461 18684.778785
832.616709 18153.734489 17553.777865
833.666749 19238.774987 17591.100075
834.803946 19286.216829 18564.200157
835.897395 19246.745423 19254.975287
836.960652 17747.132369 19578.569683
838.014065 19242.204562 18532.701025
839.131564 19416.401343 18934.678677
840.132996 19219.680064 19343.196560
841.206220 19049.103798 19418.215738
842.337323 17906.158911 19278.159209
843.445563 18454.092324 18293.658426
844.448774 19363.342814 18115.483216
846.506563 18807.859854 18792.985755
847.510509 20018.985095 18857.714069
848.548696 19308.402681 19785.958604
849.556364 18041.280119 19775.400683
850.562291 18788.169571 18703.030301
851.574715 19581.835031 18561.574653
852.622710 19213.823276 19142.744654
853.623349 18846.004129 19267.093432
854.635812 18965.764197 19040.085922
856.486443 19510.333860 18967.881770
857.601262 19715.797091 19339.677547
858.632605 19452.964047 19722.336938
859.634346 18170.076128 19714.906889
860.637645 19602.294811 18683.540214
861.695275 17967.245357 19113.654868
862.755235 18242.665805 18224.585090
863.888199 19246.408489 17922.280604
864.976077 19335.920062 18604.031674
866.482664 18674.921466 19172.635093
867.657811 18740.331197 19002.009098
868.770115 19617.775732 18883.981490
869.815599 18476.253306 19447.138514
870.864416 19531.896133 18915.234511
871.950696 19435.354651 19331.269329
873.102298 18408.405398 19517.037327
874.212741 19112.285316 18819.288718
875.385562 18803.695902 18895.603521
876.456874 18982.001895 18756.489311
877.615053 18592.361479 18832.463349
878.620370 18148.488107 18615.604692
879.734855 18340.932217 18168.459532
881.502613 18930.614848 18084.227178
882.503350 19346.252515 18548.549234
883.524578 19253.765026 19187.954916
884.525069 18798.704428 19477.866540
885.529222 18957.753890 19225.501525
886.530299 18293.956748 19111.906839
887.599616 18366.878771 18518.723403
888.603195 18928.204802 18220.631538
889.603247 18827.598672 18529.141938
891.426897 19347.649407 18707.708256
892.526027 19615.859906 19217.002070
893.579624 19756.355017 19705.468686
894.631955 19205.307310 20032.671132
895.716955 18477.967488 19713.907546
896.717712 19109.689797 18881.870828
897.828775 17457.799893 18838.668366
899.009140 18757.882963 17645.905064
900.084191 19052.721894 17977.559423
901.155684 19121.054542 18559.596686
902.281614 18914.287266 19025.146105
903.281854 19227.779190 19126.822467
904.388994 19210.942758 19359.645791
906.480521 19082.029989 19430.463478
907.588796 18974.722087 19314.307565
908.588837 18550.018923 19117.679288
909.589904 19055.088127 18665.098476
910.589913 18058.214858 18788.840085
911.650165 19203.983317 18169.617949
912.650720 18542.083037 18691.482451
913.685322 19241.094082 18584.114709
914.747518 19227.453330 19044.181204
916.455569 18834.893909 19313.212106
917.475271 19290.653051 19131.868298
918.519163 19148.748678 19308.772153
919.524542 18985.884793 19286.266025
920.647447 19000.725172 19118.485711
921.670811 18805.311243 19012.575608
922.685914 18438.231973 18810.097501
923.691994 18866.568430 18432.352431
924.777429 19230.922798 18566.202123
926.461726 15823.317917 18981.484323
927.548976 18593.810867 16695.781380
928.550185 18391.031703 17412.683756
929.550430 19556.261278 17914.332348
930.714206 17974.655097 19158.253665
931.743965 19792.752900 18693.511590
932.746799 19267.331272 19644.999782
933.755061 18499.485927 19763.615936
934.806785 19348.942105 19122.968838
935.807057 18279.858432 19283.866696
936.897981 18255.652459 18578.771721
937.976134 19259.893492 18133.341432
939.023710 19610.792467 18694.384819
940.057792 18315.380311 19379.457912
941.130083 18965.446315 18808.268980
942.130508 18532.586700 18887.001850
943.132314 18980.415550 18621.334690
944.197214 19100.776474 18802.185750
946.461090 18949.997113 19027.439423
947.490909 19291.912393 19045.316002
948.494571 19885.066896 19286.861029
949.500007 19608.432052 19853.762261
950.501837 18779.553763 19937.562903
951.670410 17861.346785 19275.521794
952.775684 19381.730513 18131.853998
953.775756 18674.764385 18632.681094
956.388543 18788.727224 18540.132400
957.388976 18934.461564 18612.988178
958.389265 18972.613472 18802.651584
961.389666 18961.273557 18959.049713
962.392915 19057.880982 19032.134781
963.393466 18861.069491 19123.417577
966.426649 19316.707987 19005.066208
967.469236 18567.890537 19251.620217
968.560934 19358.917237 18829.556076
969.670159 18937.217047 19146.377646
970.807981 19373.493780 19041.648186
971.841309 19653.930789 19290.383221
972.842493 18540.352394 19645.856136
973.870316 18915.988430 18990.427459
976.430143 19563.625160 18831.921382
977.525478 18635.368423 19259.412653
978.530340 18398.558784 18853.018862
979.564556 18751.291834 18417.802128
981.406818 18895.291811 18459.932712
982.408278 18354.586984 18661.837767
986.328259 18714.386439 18415.625186
991.299997 19122.393116 18547.108936
996.299997 19151.644679 18960.675194
1001.299997 18976.221196 19229.826476
1006.299997 19131.083877 19213.289055
1011.299997 19271.293585 19261.900391
