2.000658 17998.871227 0.000000
3.000956 19165.993271 17998.871227
4.001204 18820.577360 20333.115316
5.001670 18700.692251 20365.833894
6.140853 18849.854951 19905.965217
7.141381 18842.023682 19486.584663
11.140853 19153.870499 19111.838506
12.141523 19082.495659 19090.896834
16.140853 18756.836973 19042.638284
17.141005 18861.665418 18784.229339
21.140853 18696.175330 18726.798108
22.141459 18997.319333 18607.681755
26.140853 18469.529209 18796.104974
27.141244 18854.414474 18544.777580
31.140853 18968.895580 18688.965739
32.141109 19052.037425 18888.282832
36.163586 19017.407508 19070.450949
37.164207 18537.155871 19130.959189
38.164535 18713.205571 18772.636661
39.165014 18895.618332 18666.642474
41.178989 18473.258050 18762.095726
42.181960 18297.496667 18526.432792
43.182147 19283.414691 18263.486602
46.176596 18753.912753 18879.954542
47.178123 18713.201215 18891.927095
51.173805 18865.721060 18832.876133
52.174018 18951.158593 18887.821806
56.168597 18679.107076 18973.847606
57.169052 18280.832110 18807.149615
61.179912 18909.968465 18393.083760
62.180097 18719.096538 18629.840186
66.200291 18772.014012 18675.096524
67.225277 19005.908620 18748.412802
68.228844 18713.852408 18966.392199
69.233620 18789.946418 18866.218844
70.263379 18916.052704 18835.111066
71.299659 18670.366645 18902.845728
72.339894 18844.328724 18755.750259
73.341880 19126.566990 18791.328181
74.359628 19058.257913 19034.045977
76.227356 18504.391187 19127.303320
77.249051 18968.385543 18741.270596
78.249349 19038.990107 18837.030148
79.249835 18985.872742 18970.702196
81.159177 19130.243001 19014.772174
82.159201 18725.016869 19137.859999
83.159436 18748.041127 18893.580063
86.170742 18947.586482 18746.567490
87.171408 18894.487909 18823.088629
91.161520 18768.861893 18852.649732
92.161813 18744.911670 18783.670316
96.203147 18772.938529 18727.515835
97.203782 19901.858200 18724.807697
98.258545 19004.903596 19582.176089
99.258610 18969.610853 19418.064860
100.273800 19033.700270 19206.249372
101.273823 18907.645511 19089.249061
102.279933 18872.608185 18922.320639
103.346946 19271.727497 18808.909651
104.396507 19313.324031 19067.468275
105.442843 19012.860617 19279.009793
106.444266 19007.769375 19168.011551
107.524523 18892.738941 19069.906265
108.526343 18510.998743 18919.046574
109.558001 19103.681834 18550.734672
110.558674 18733.870662 18801.157056
111.574601 19220.288281 18724.641064
112.575243 18581.089205 19053.503682
113.670932 18283.800048 18780.231834
114.673218 18559.899122 18370.843385
115.737839 18642.972348 18351.462631
116.754755 19012.614491 18456.186297
117.760526 18847.398490 18832.476249
118.862454 18910.541415 18941.743785
119.863579 18825.766410 19020.148423
120.863682 18819.142670 18968.367737
121.894139 19512.108352 18901.859257
122.896195 18600.665866 19367.650132
123.908390 19197.432442 18953.078260
124.908800 18698.638021 19105.264157
125.909671 18374.874150 18830.303361
126.927658 18992.299728 18417.083725
127.944310 19151.926509 18662.990697
128.971885 18621.356939 18987.991526
129.973872 18835.436479 18793.548509
131.110828 18803.069805 18813.838763
132.113023 19118.071759 18805.108313
133.113059 18982.901924 19036.484927
134.175477 19244.601703 19071.192565
135.176555 19094.487436 19262.748559
136.185664 19317.157016 19241.404141
137.197325 18944.319916 19361.004941
138.223800 18765.122196 19130.215535
139.335577 18562.739801 18833.948637
140.335626 18750.885552 18516.821782
141.335749 19186.386425 18510.847172
142.372145 18837.522137 18894.495117
143.376925 19227.467328 18897.643700
144.477122 18610.471129 19176.646495
145.477366 18925.970205 18866.105951
146.487442 19510.382719 18883.551280
147.488732 18835.326994 19341.188062
148.488793 18669.984226 19106.013324
149.496225 18777.574601 18796.747296
150.536133 18926.634598 18691.116296
151.552398 18440.632962 18771.710370
152.558744 18896.431550 18486.237237
153.559428 18772.188499 18673.948543
154.559552 19670.695807 18730.242659
155.565697 18626.166733 19442.756658
156.567880 19291.443963 19072.601640
157.605954 18753.548123 19274.873326
158.752052 18957.131897 18976.729948
159.773034 18789.792708 18924.550634
160.782859 18743.330229 18781.101901
161.797396 19386.634336 18676.703376
162.800643 18904.197256 19123.638908
163.885901 18793.320690 19051.027721
165.059787 18435.072859 18894.857086
166.087977 18929.838855 18522.701797
167.093887 18600.651641 18685.791414
168.171267 19028.045766 18581.457673
169.234076 19387.568461 18854.634888
170.263308 19170.862732 19304.218236
171.268567 19038.108133 19387.318169
172.407175 18943.061303 19275.188328
173.450901 18998.613378 19088.568235
174.451381 19163.052516 19000.545512
175.452752 19294.945945 19079.380471
176.458023 19003.818767 19238.636033
177.458258 18924.047597 19113.995909
178.464565 19453.283725 18964.303184
179.464831 18572.234545 19276.320021
180.465278 19098.878353 18815.782480
181.528648 18584.767522 18919.609582
182.570026 18839.892026 18630.757202
183.618442 19419.682273 18666.176970
184.693993 18584.869146 19162.158303
185.696455 19105.087255 18848.420117
186.708265 18947.508429 19015.826863
187.785464 18671.291890 19003.661215
188.809929 18754.302849 18776.377790
189.827575 19314.166471 18698.722822
190.828989 19121.131258 19093.688061
191.959284 18780.602127 19201.513874
193.072543 18785.568874 18979.934277
194.176439 19158.852611 18823.036502
195.367990 18641.620905 19015.183510
196.467039 19720.340564 18759.250510
197.526032 18921.071053 19410.916353
198.593052 18290.298632 19214.653194
199.593322 19027.490442 18570.046764
200.597623 19370.981391 18730.700373
201.597896 19157.552739 19142.842906
202.749353 20021.565200 19245.877306
203.805733 18685.412275 19923.322709
204.871530 19644.484779 19284.491340
205.914610 19821.153812 19534.610267
206.944004 18599.834401 19819.640133
207.944198 18915.661488 19046.543928
208.956356 18413.739762 18785.188759
209.999785 18123.726899 18310.688063
211.165686 19233.090921 17881.690992
212.196943 19400.405856 18559.724449
213.198274 19215.823382 19192.568998
214.202208 18428.916526 19422.513631
215.202718 19343.037330 18895.633243
216.258932 19651.092646 19201.104473
217.259104 19254.369529 19620.364789
218.323296 19375.027933 19540.134574
219.468126 19056.350122 19519.072008
220.614015 19051.334421 19233.521348
221.665776 19398.803059 19042.691436
222.737113 18684.354569 19210.038704
223.762484 19564.927195 18805.067060
224.774343 18471.260913 19232.832584
225.813672 18470.109977 18709.489288
226.919396 19566.173385 18387.397344
227.920244 19122.272014 19069.077086
228.951852 19348.175371 19201.265004
229.994119 18880.566436 19417.038233
231.029932 18909.666385 19157.002431
232.042209 18588.362688 18979.700492
233.042851 18675.621405 18632.563224
234.170006 18042.257360 18513.388493
235.171042 19403.455500 18019.336322
236.171159 18858.116697 18798.939101
237.171606 19445.091675 18930.865488
238.294852 18879.085623 19418.872717
239.306987 18962.119697 19244.926532
240.315971 18971.478701 19128.768768
241.316809 19299.327777 19036.046871
242.404993 18946.513956 19219.430687
243.522953 19446.830365 19066.486501
244.699784 19351.288400 19335.258579
245.840591 19385.313117 19425.881091
246.841341 19117.766804 19478.062712
247.849122 18762.159100 19280.306389
248.917151 18812.805050 18874.087553
250.083120 19088.765688 18680.980484
251.112121 18892.709537 18824.353570
252.112438 19031.229749 18815.101029
253.176720 18870.786367 18933.767045
254.177335 18185.403106 18897.133192
255.178411 18631.624494 18358.192114
256.220186 18881.029003 18380.190363
257.273855 19356.726024 18641.101403
258.455413 19368.383702 19188.311588
259.455730 19206.918918 19512.763548
260.548889 19161.388321 19517.795979
261.642867 19069.556188 19408.444981
262.643072 19061.965605 19223.131218
263.643618 18840.215681 19086.387641
264.643622 19183.167972 18845.597901
265.663573 18979.509240 18981.071694
266.736266 19136.982431 18946.588611
267.737329 19523.799299 19055.682120
268.759154 18731.120188 19420.666603
269.781142 18504.282894 19034.432686
270.782945 19412.327516 18595.359632
271.788597 18749.775524 19034.087387
272.844468 19680.314838 18851.097303
273.845218 18914.395266 19432.176301
274.845572 20044.490724 19210.310756
275.954167 18887.144465 19872.970705
276.958265 19531.470164 19379.170989
277.992647 19078.639880 19492.508775
278.992699 18706.837004 19219.295302
280.165854 18321.914885 18768.672553
281.259692 19246.859464 18239.210702
282.277995 18561.339279 18688.864256
283.278583 19428.801311 18539.049697
284.343409 18144.395052 19120.311337
285.433279 18988.348444 18524.759956
286.442920 18361.825087 18764.858084
287.451744 19309.199463 18470.887219
288.523180 18648.297333 19007.167036
289.523302 18216.264821 18855.138454
290.647892 18867.841770 18403.389499
291.669826 18867.697589 18619.416564
292.709112 19774.366417 18789.428261
293.710741 18638.675935 19574.003063
294.725979 18344.687722 19164.613441
295.796298 18823.514966 18607.943094
296.819312 18988.977266 18622.914510
297.935535 19062.657827 18804.647057
299.048548 19067.266464 18996.856304
300.051403 18970.116845 19112.867786
301.072953 18946.987973 19086.610981
302.116090 18458.759154 19027.012391
303.170894 19357.428274 18611.035378
304.191891 19043.407880 19038.979655
305.268896 19394.004167 19097.048653
306.347939 18631.210640 19375.620174
307.348481 18889.989061 18947.406787
308.349924 19072.338098 18848.334873
309.411660 18837.741625 18945.974241
310.412147 18411.300624 18850.437534
311.413416 18844.876257 18479.664453
312.413814 18984.865369 18602.368680
313.471935 19343.231643 18829.339521
314.474312 19101.159544 19250.481110
315.559131 19154.369843 19302.685463
316.640217 18560.108469 19318.313884
317.676279 19445.806830 18839.446054
318.708549 19569.606925 19194.451513
319.710542 19180.363252 19527.643144
320.711993 19258.221514 19412.797149
321.741775 18719.872125 19355.659374
322.741882 19089.759026 18898.968980
323.820304 18446.284438 18903.264745
324.820437 18503.353088 18469.430257
325.914689 19150.663415 18289.528046
326.953152 18699.434593 18738.515945
327.953393 19096.507468 18727.625146
329.030125 18683.728214 19012.936765
330.194020 19278.810741 18866.900810
331.273311 19152.669873 19194.401579
332.273716 19130.694561 19284.648602
333.337070 19141.675518 19280.295948
334.438407 19417.803056 19248.954991
335.438712 19649.185343 19413.560299
336.449677 19013.585966 19670.460357
337.452264 18147.159336 19316.892099
338.454601 18966.493463 18414.461465
339.619085 18825.140866 18510.921211
340.623448 19402.385504 18567.029699
341.623993 19360.657715 19092.545213
342.646955 18647.597400 19401.467201
343.647608 18934.070012 19010.930588
344.648435 18639.973362 18939.683443
345.690710 18928.389972 18682.084025
346.703805 18527.506967 18759.069108
347.703831 18577.870660 18539.229612
348.705716 19018.684330 18464.151972
349.719485 19032.149708 18785.653077
350.759244 19147.723173 19014.760476
351.759513 19007.224923 19220.341582
352.872898 18734.406553 19199.603846
353.943189 19082.715533 18936.526469
354.956232 18987.820330 19015.689537
355.976558 18795.033371 19000.856167
357.045464 19558.526621 18845.590304
358.045629 19265.468092 19327.938077
359.201178 19290.043299 19406.965202
360.374520 18665.533084 19429.535893
361.402267 18747.783989 18937.565428
362.407186 20096.825104 18685.260289
363.499850 18066.899030 19586.519481
364.617085 18701.472714 18642.280927
365.658931 18408.655522 18502.246439
366.849865 19175.178959 18262.422870
367.933922 18951.108115 18753.961826
369.062186 19002.200045 18936.982454
370.062243 18448.978887 19070.343131
371.097387 18899.806522 18705.071830
372.150174 18858.765764 18796.533669
373.262949 18792.081746 18837.302234
374.312442 19099.017660 18813.039385
375.319956 18715.676949 19025.870486
376.328690 18857.139493 18863.067297
377.333102 18767.643430 18850.915024
378.334349 18915.443106 18779.272957
379.337011 19079.658851 18851.394299
380.375937 18822.716346 19026.628981
381.453420 19031.001211 18934.796910
382.453771 19445.727799 19017.074383
383.454242 19382.284279 19372.739767
384.481233 19054.823555 19521.236827
385.577394 19212.669279 19315.151677
386.725024 20134.978025 19265.411365
387.849948 18531.334030 19919.087247
389.015429 18216.895887 19097.164886
390.126108 18701.771229 18308.917384
391.126771 19030.200578 18255.444765
392.152762 19111.096950 18586.612084
393.263182 19529.738272 18923.765146
394.419745 18919.556825 19453.155619
395.453765 18882.472459 19279.360433
396.454502 18780.476001 19074.698664
397.454528 18883.816990 18847.813885
398.521501 19281.653954 18795.042766
399.719219 18990.400821 19089.228486
400.725581 18693.296366 19065.987863
401.753343 18829.737306 18812.642450
402.755964 19518.190533 18758.463927
403.756105 18396.226088 19265.532931
404.814438 19332.130172 18740.758500
405.897544 18796.540195 19094.166244
406.899479 19481.619923 18928.668616
407.997899 19283.683018 19326.697492
409.071296 19910.049402 19415.989859
410.146102 19292.117063 19897.334121
411.147643 18851.003333 19677.735817
412.311084 19285.141276 19140.696680
413.349928 19069.480422 19125.357231
414.412744 18355.439343 18995.887878
415.414062 19253.066218 18414.020528
416.414490 19554.551646 18781.661713
417.434881 19163.679428 19309.447503
418.435206 18919.514897 19341.462270
419.435450 19447.651185 19129.900545
420.527383 18966.046454 19367.625487
421.627590 19209.279050 19145.290833
422.668662 19125.342900 19171.736859
423.677549 18929.108612 19131.393307
424.694164 18724.824217 18962.533213
425.768999 18395.586789 18716.533720
426.890232 19392.552832 18348.678526
428.030342 19433.273256 18924.202528
429.113882 18490.846413 19359.592423
430.127560 18801.266234 18888.887446
431.169783 19364.771198 18786.839565
432.348975 18467.210675 19162.051015
433.434184 18837.284519 18727.166394
434.596408 18822.160291 18722.290536
435.614836 18733.506866 18737.257932
436.723343 19058.687677 18699.477151
437.866327 18914.746115 18932.979797
439.003198 19237.402334 18973.201919
440.003410 18689.153659 19220.691193
441.083365 19448.582553 18937.427109
442.180441 19181.380907 19303.298375
443.181758 18739.578325 19322.153818
444.181826 18998.904095 18965.036375
445.252919 18580.468649 18924.607469
446.328065 19026.376062 18609.140588
447.329059 19735.713529 18778.669722
448.425922 19203.065377 19457.363975
449.549397 19415.871409 19466.812376
450.565123 19671.115304 19565.204350
451.568039 18812.037800 19768.500024
452.762151 19175.604680 19201.493553
453.875955 18656.593870 19093.301539
454.882377 19292.469999 18670.523210
455.967411 19140.129529 18932.558807
456.972680 19181.722000 19039.299051
458.043307 19068.828607 19149.071146
459.063609 19217.434805 19127.449862
460.183792 18793.619808 19213.438555
461.281065 19111.932910 18939.570716
462.319692 19503.253521 19004.883896
463.422858 19181.255915 19357.793198
464.425326 19077.901914 19329.114725
465.445188 18842.060647 19200.295285
466.465067 19039.462353 18928.406272
467.566949 19424.470398 18918.926639
468.567851 19438.759943 19233.076785
469.594727 19163.032394 19448.717420
470.595080 18961.279524 19347.252706
471.667870 19521.184309 19099.150619
472.668824 18752.936736 19360.560391
473.683415 18351.761639 18955.235576
474.683692 19363.905817 18401.117136
475.747898 18910.631145 18870.827175
476.871340 18364.976779 18888.995851
477.992834 19940.064211 18494.248238
478.993147 19396.487424 19445.872141
480.081930 19124.333285 19637.549519
481.082498 18964.888763 19469.007081
482.112927 18973.847788 19178.984021
483.154850 18732.702925 18987.167945
484.187981 18975.266219 18707.071221
485.271323 18663.220744 18755.353255
486.305965 18937.589564 18600.438407
487.357576 19023.458842 18744.453182
488.358233 18629.833582 18929.146624
489.362139 18978.105468 18749.852454
490.457842 18584.642951 18891.404566
491.475824 19278.940468 18688.758959
492.475909 19150.550282 19082.130292
493.481842 19289.428698 19231.725863
494.588939 18479.246728 19390.388565
495.697421 18729.563613 18836.843472
496.840383 19822.748140 18658.409403
497.893075 19570.016975 19406.869316
498.893394 18696.640240 19695.520605
499.936046 18480.472732 19153.437790
500.937398 19119.409364 18606.071364
501.937743 19209.705149 18780.190967
503.005914 19252.851271 19019.777207
504.006730 19129.181336 19219.411903
505.084918 19413.523775 19234.836642
506.085214 19120.131818 19429.392015
507.085543 18641.722509 19302.658673
508.129738 19931.198632 18834.853307
509.136074 19119.264372 19519.775016
510.136310 18877.428704 19356.141080
511.211356 19361.853393 19033.728184
512.220150 19649.495007 19196.765382
513.279343 19693.197701 19535.287195
514.345119 18710.085059 19765.877075
515.359530 18866.811885 19125.667689
516.492804 18602.534064 18819.212459
517.629305 19463.692679 18479.676334
518.629615 18680.689041 18986.491666
519.728812 18739.120775 18771.946856
520.748224 19762.054434 18685.683798
521.752703 18391.100777 19423.111758
522.891612 19653.468873 18848.346164
524.078606 19023.249819 19393.428092
525.160679 18742.880337 19258.314961
526.160991 18347.434005 18921.714998
527.161423 19175.802210 18412.121603
528.236256 18880.337386 18762.429159
529.337372 19303.322623 18819.327582
530.446604 19026.011833 19180.268173
531.454488 18988.848908 19183.518987
532.455183 18771.474404 19117.895413
533.503703 18866.563972 18889.791122
534.505353 18991.429978 18817.476972
535.532459 19302.129561 18887.241152
536.571346 19276.427993 19181.195135
537.601647 19433.470821 19339.129558
538.604363 19077.164003 19520.203499
539.658245 18671.275901 19321.827186
540.658366 18430.729721 18857.057158
541.713280 18308.448831 18397.817194
542.856591 18441.250755 18084.714677
544.014040 18983.086395 18083.698400
545.015262 19256.360484 18578.955080
546.015822 18950.015912 19132.571816
547.016018 19446.680362 19210.568921
548.131285 19662.532020 19556.927559
549.233527 18843.449492 19864.433822
550.233553 18828.716048 19353.399608
551.235105 19023.260776 18959.344888
552.236136 18830.161957 18875.568865
553.402498 19139.149260 18725.779716
554.428218 18773.503144 18908.721180
555.504493 18693.436992 18783.564344
556.510351 18650.636000 18658.421013
557.524508 19259.549710 18572.502598
558.524793 19139.115001 19005.762023
559.638950 18645.278246 19195.512626
560.780537 19028.505746 18905.910955
561.814724 18971.260777 18983.372567
562.817338 18333.220992 18990.452941
563.881824 18369.605956 18510.665248
564.978592 19147.740576 18253.699061
565.990888 18913.054672 18737.793656
567.022219 18893.853456 18906.313255
568.034320 19398.964696 18977.857497
569.034502 19299.228369 19371.462038
570.036519 18545.279884 19500.337728
571.173172 19137.877387 18949.036869
572.173521 19462.852423 19016.895321
573.273210 18426.153127 19324.801340
574.372961 19377.048819 18735.742648
575.422567 19139.251412 19076.987692
576.424318 19050.612407 19144.277440
577.499299 18659.319430 19110.186553
578.607938 18951.653239 18784.777840
579.705384 19057.905935 18809.959238
580.846872 18678.068674 18937.662959
581.850654 19178.789038 18746.697618
582.851382 18331.749980 19009.597984
584.007322 18925.541000 18548.066638
585.024779 18574.029937 18708.565065
586.029411 18856.223704 18579.424965
587.072357 18690.343944 18725.151483
588.184565 18905.462097 18706.372977
589.190710 18991.752971 18854.315081
590.254651 18428.748586 19005.791042
591.300664 18622.552178 18655.766216
592.401138 18839.208711 18569.352089
593.402235 18861.282839 18701.937448
594.430561 18840.933583 18819.103539
595.430719 18786.763322 18872.969468
596.431156 19055.071994 18851.265765
597.477077 18723.229796 19025.519807
598.477263 18803.405242 18871.153226
599.530774 19004.383947 18817.120662
600.540420 18224.316149 18937.409554
601.540813 19315.812729 18429.246750
602.604152 19000.724752 18942.555133
603.604398 19125.447125 19056.207740
604.652682 19210.287173 19192.705077
605.694752 19218.872375 19307.769293
606.696152 19418.838738 19347.369773
607.696585 19221.941804 19485.020435
608.812281 19265.117437 19389.627642
609.868165 18868.717681 19332.391511
610.878440 19451.730634 18989.655110
611.897706 19202.204600 19225.312266
612.963429 19624.611158 19212.600911
613.963754 18436.108278 19520.451074
614.963775 19349.988155 18809.039017
616.004382 19390.310619 19045.510211
617.122098 19123.749304 19270.107142
618.148061 19159.471563 19212.535491
619.213346 18150.241725 19188.344813
620.332370 19123.358732 18412.108783
621.433536 19212.303017 18688.361759
622.591689 19381.157077 19001.945704
623.591886 18905.872190 19337.967550
624.698748 18996.527404 19160.312189
625.698985 19079.161933 19075.865920
626.732355 18871.775584 19075.784052
627.844240 18659.539494 18921.047827
628.943520 19383.104239 18672.184586
630.013725 19028.076155 19087.265251
631.070863 18960.954032 19102.494268
632.252182 20135.340828 19041.162656
633.391586 18789.466985 19871.234791
634.541218 18710.317395 19342.891985
635.663055 18819.956736 18881.002140
636.797919 18899.128187 18689.615537
637.809555 18526.197654 18685.886124
638.987718 19447.985922 18457.634033
640.031976 18550.360697 19051.990094
641.039987 18543.706506 18774.948163
642.077137 18829.117848 18575.289688
643.077146 19266.362967 18681.623161
644.195564 19510.284478 19099.597408
645.268626 19140.819927 19533.217055
646.269895 19083.319949 19467.195321
647.281854 19017.059931 19309.465622
648.321723 18918.169229 19124.369340
649.425877 19013.009003 18930.825821
650.465429 18611.066436 18902.019744
651.506671 18546.260630 18613.907095
652.555681 19317.659982 18420.536252
653.608921 18512.782844 18933.831438
654.609756 18562.058247 18682.778314
655.706412 18440.211384 18551.709436
656.715223 19040.653059 18397.377054
657.715556 18549.481954 18781.250701
658.785923 19554.021712 18669.659785
659.914294 19141.769129 19337.224688
661.024507 19452.634812 19416.016958
662.141624 18425.470585 19620.000398
663.197611 19180.032549 18909.777551
664.197972 18881.838958 18999.510859
665.292683 18385.461347 18865.862743
666.475348 18776.815412 18430.749530
667.476614 19244.473217 18495.386427
668.477063 19028.689846 18948.805475
669.479071 18287.712161 19087.594407
670.507390 18211.627220 18586.529468
671.541918 18395.762978 18204.228966
672.615458 19073.072499 18153.030097
673.617137 19092.007880 18696.096024
674.634384 18386.279387 19076.074642
675.648994 18521.212000 18740.750890
676.732959 18416.401094 18585.670599
677.818970 18432.920120 18413.407623
678.822437 18399.647246 18340.413773
679.823954 18491.884670 18302.088779
680.872379 19508.363725 18376.493967
681.875175 18542.032044 19204.903528
682.875208 19106.988939 18970.224597
683.919661 19083.041853 19169.554665
684.928410 18888.435140 19235.617953
685.928907 19122.407075 19084.550537
686.929179 18940.474411 19135.466931
687.972112 18698.185992 19021.210666
689.033663 18715.860829 18762.182156
690.046723 18771.172930 18629.924987
691.067923 19355.342891 18626.764439
692.148261 18612.770641 19099.413759
693.249147 19180.812316 18842.791514
694.383307 18335.945699 19083.006430
695.464664 18803.476908 18593.915397
696.517110 18997.198585 18635.525862
697.634311 19057.713418 18843.610114
698.636370 18473.488077 19031.435483
699.639394 18528.521381 18693.748645
700.639394 18985.979202 18511.115062
701.727504 18760.668452 18767.243216
702.895460 19001.216985 18781.008227
703.896066 19176.831004 18963.217188
704.992415 19543.938199 19195.532133
706.018193 19015.327188 19582.344719
707.018282 19345.426150 19369.691124
708.038439 19112.557438 19422.347563
709.061718 18835.701377 19254.793896
710.155170 19310.450021 18927.815902
711.186633 19178.058309 19097.359757
712.208857 18963.984615 19136.110467
713.258924 19321.032276 19005.417511
714.383368 18851.336313 19197.498555
715.383541 19075.828912 18972.150536
716.409304 18602.339758 18997.642419
717.445298 18831.178582 18674.818119
718.445680 19125.266997 18666.915496
719.445684 18961.849087 18924.596268
720.446485 18865.656172 18981.040903
721.446564 18833.159152 18932.320581
722.446750 19066.062535 18866.921552
723.557837 18559.751666 19000.458975
724.663808 18735.502540 18703.895425
725.664431 18243.553266 18651.390865
726.765336 18898.604829 18277.204549
727.785570 19230.690958 18572.987242
728.858234 19302.225662 19051.347582
729.931969 19230.575744 19389.014624
731.017581 18795.456342 19482.413466
732.135718 18483.225764 19139.813905
733.163844 18644.733121 18648.251801
734.317318 18927.764889 18482.344757
735.466364 18973.105312 18652.262152
736.592104 19027.981007 18840.101851
737.737392 19219.390736 19008.429337
738.884739 18717.354046 19241.038295
740.035963 19316.892360 18975.403366
741.036279 19204.825602 19227.727307
742.036427 18342.761344 19292.130472
743.037856 18227.935618 18655.957644
744.038434 19381.485080 18173.452860
745.041424 19157.030625 18810.983254
746.061863 19299.456212 19104.033067
747.062271 18955.607410 19370.626553
748.150605 19037.883550 19228.244109
749.231273 19352.358666 19150.600817
750.239814 19048.296614 19319.456191
751.297493 18847.659777 19184.062958
752.298850 19114.375029 18931.947128
753.300633 19382.761512 18984.853814
754.301208 19122.901453 19244.977323
755.407153 19232.620423 19214.590081
756.474238 19041.246998 19258.763530
757.626380 18482.602902 19130.784409
758.744400 18928.899063 18625.427424
759.823075 19367.385680 18671.764921
760.961492 18758.918692 19088.082168
762.084974 18096.264133 18909.716429
763.131626 19077.439265 18285.843206
764.199152 19691.183005 18662.393175
765.239040 18589.236943 19414.737487
766.310260 18473.497856 19033.561476
767.422990 19231.570496 18645.088022
768.438372 19179.335176 18976.508233
769.561893 18617.502707 19166.807415
770.599427 18869.662728 18843.714594
771.702737 19062.613652 18814.735228
772.707814 19623.999767 18958.690613
773.707914 18399.813694 19477.688651
774.810119 18377.650840 18855.625895
775.810410 19118.638277 18414.019326
776.896461 19040.668433 18739.864497
777.983079 18972.713291 18939.003146
779.118057 18705.583673 19013.022435
780.118132 18809.848262 18839.607580
781.133167 18848.109787 18797.592618
782.133359 18847.206270 18808.345191
783.187450 17973.901475 18822.984989
784.369458 19140.782266 18181.381612
785.462841 18796.961385 18683.870482
786.463168 18746.673778 18791.477203
787.463527 19795.986065 18808.935903
788.468692 18472.857065 19589.083937
789.468778 18678.542297 19038.536736
790.529143 18918.100973 18776.107142
791.531836 19143.890714 18800.170141
792.553124 19244.120698 19011.026654
793.563712 18999.402812 19224.843413
794.683425 19180.364005 19153.032699
795.861936 18503.321829 19214.440766
797.020999 19075.345903 18728.843977
798.141254 19414.239349 18858.683101
799.191864 18630.356346 19231.938448
800.304021 19454.385573 18876.229095
801.378718 18535.659602 19254.928151
802.380967 18941.883383 18805.097557
803.446089 18583.431695 18817.490606
804.446457 19395.053727 18585.946559
805.532693 18532.141524 19078.262344
806.552864 18985.594155 18756.433930
807.689777 18522.961379 18879.536094
808.786080 18843.223481 18620.627110
809.794187 18799.624235 18706.952761
810.798475 18869.654100 18751.483833
811.884909 18612.274921 18838.306867
812.955617 19339.022632 18696.520809
813.965511 18835.501500 19149.627091
814.966322 18126.142471 19045.888268
815.996672 18801.325676 18409.402893
817.059043 19271.995396 18526.732504
818.108383 18682.436496 19007.047892
819.155026 18760.854680 18871.273287
820.167434 18812.972577 18814.990425
821.183196 18747.844407 18812.403480
822.192454 18997.697895 18762.406155
823.245163 18702.494267 18921.157171
824.355726 19303.329544 18798.265139
825.357904 18959.674862 19163.502863
826.403429 19128.595077 19123.337383
827.403541 19624.516600 19189.029174
828.404043 19076.355736 19578.707688
829.568433 19154.254105 19373.878524
830.696025 18624.498341 19255.507023
831.736571 18805.032026 18773.691219
832.745530 19035.625288 18630.885361
833.810923 18477.015998 18775.964045
834.948061 19451.366432 18494.461730
836.010027 18640.605847 19080.111965
837.070394 18494.816196 18857.680261
838.105513 20050.474379 18582.853567
839.216348 18671.634458 19590.174515
840.216444 19328.369438 19174.780014
841.261258 18427.883370 19333.847609
842.391019 19247.852822 18736.647313
843.483658 19167.621145 18975.833268
844.484450 18401.022034 19103.257377
845.559349 18740.362748 18608.111039
846.559627 18869.802970 18563.271155
847.560332 19202.560247 18682.204277
848.564322 19153.522356 19038.138470
849.571875 19339.342321 19220.432592
850.572497 19440.005257 19434.217068
851.572824 18943.156483 19592.887821
852.574247 19290.924682 19261.365976
853.574366 19499.037321 19276.878830
854.579774 19122.141478 19444.231199
855.583774 19010.454142 19258.937032
856.594421 19259.756831 19048.325558
857.717807 18833.997859 19120.528983
858.789480 18303.311855 18872.118429
859.789952 19593.346091 18340.368507
860.900924 19529.584020 19032.755059
862.028564 19335.960043 19471.274541
863.145658 18487.820341 19559.893668
864.295612 18911.223439 18912.115049
865.387994 19229.964142 18799.704386
866.388048 18803.317448 19010.434345
867.403298 19164.007701 18850.696754
868.517903 19076.765851 19029.500821
869.566946 18518.121405 19087.098187
870.693266 18625.296458 18694.330451
871.742725 19004.759638 18534.275612
872.798960 18652.379284 18761.600788
873.800359 18756.816935 18671.767824
874.869402 19436.354378 18700.332445
875.869914 18594.899005 19238.388960
876.870284 19091.358256 18925.817042
878.008054 19476.800093 19059.146012
879.190665 19053.797874 19422.944936
880.190863 18284.823486 19301.056523
881.293078 18904.962620 18601.566863
882.310305 18620.686382 18637.740540
883.443512 19305.436772 18509.425719
884.465747 19213.003257 18986.646267
885.466094 18572.757030 19235.629032
886.471457 18870.903295 18874.279299
887.548771 18683.394004 18841.833565
888.549047 18856.521753 18692.246162
889.666593 18957.350577 18745.085233
890.743619 18734.367160 18874.985516
891.814024 19553.466396 18793.289361
892.814733 18465.910680 19352.035160
893.853289 19058.866842 18866.099081
894.926694 19264.385768 18967.801063
895.962774 18483.935561 19195.557693
896.963070 18897.158425 18741.305371
898.094553 18748.011986 18759.753906
899.094790 19513.643742 18691.469474
900.126625 18549.097820 19245.686702
901.212918 18232.815581 18866.375135
902.325510 18925.778975 18360.188343
903.326478 18663.721460 18594.974303
904.414266 19256.268809 18598.525314
905.417277 18528.798495 19061.010368
906.455073 19016.231544 18795.464770
907.456426 18850.659921 18961.600189
908.457076 18935.389526 18934.147020
909.476848 18939.738938 18963.095864
910.476867 19138.062686 18973.905761
911.522406 18584.719652 19119.511814
912.522741 18795.715868 18781.945284
913.532400 18617.074557 18722.102772
914.579520 19049.921075 18576.603807
915.585335 18795.229894 18838.606901
916.694382 17920.823261 18831.418605
917.750015 19014.026978 18162.972305
918.750271 19052.966748 18588.114681
919.789843 18890.847517 18936.368771
920.828636 18228.722401 19018.055887
921.855529 18554.208872 18530.503516
922.890633 18366.980239 18455.396905
923.986202 19268.174127 18302.125116
924.994939 19031.477993 18917.598419
925.999913 18694.959260 19135.456897
927.110985 19242.845979 18966.002360
928.115481 18351.354906 19224.429356
929.166872 18530.235461 18689.628704
930.253872 18732.857320 18471.820345
931.257933 18921.098880 18529.486339
932.258664 19081.346145 18750.343251
933.358060 19109.370633 19023.646063
934.413290 18589.068558 19195.740855
935.413381 19102.230641 18869.969140
936.521085 18795.271462 19021.729699
937.527159 19286.718393 18887.515830
938.551204 19720.372842 19165.933002
939.592842 18701.978572 19660.578772
940.604759 19069.074161 19159.054472
941.720645 19075.060105 19069.345039
942.741800 19426.352557 19028.912061
943.743771 18619.049696 19283.701922
944.814931 18877.585533 18841.282366
945.847590 19009.065233 18758.416298
946.847903 19284.625581 18845.385348
947.891098 19582.040132 19136.460105
948.892731 18189.049189 19542.099766
949.893724 19010.542096 18710.161480
950.894705 18769.109467 18780.033945
951.994866 19219.324981 18691.522744
952.996810 18649.431372 19004.325459
954.013672 18744.494795 18787.056491
955.084680 19427.926121 18715.313294
956.085307 19263.030055 19199.310565
957.085684 18644.148951 19374.791041
958.085816 18547.329922 18970.430204
959.107799 17612.039425 18614.065200
960.115379 19109.565152 17717.731007
961.122920 19560.716627 18366.285309
962.161012 18901.428436 19214.746027
963.957813 18630.886746 19231.002893
965.021269 18779.090533 18953.831444
966.077037 19341.406438 18845.662385
967.077584 19279.724930 19196.671822
968.124556 18268.310370 19362.099063
969.131081 18727.637806 18665.658230
970.131226 18589.530792 18562.596426
971.145888 19077.785894 18448.745608
972.146569 18883.622598 18793.207822
973.995185 19093.065015 18890.960974
975.052635 19753.149957 19095.084769
976.053482 19410.669295 19691.705435
977.102405 19023.511443 19748.516401
978.129841 19444.381158 19402.091719
979.130619 18406.753584 19449.886595
980.150728 18643.016716 18694.186993
981.151301 18878.272204 18421.676189
983.937209 18600.192765 18517.197535
984.937463 19104.646701 18446.667295
985.937659 18092.239605 18828.123995
988.934005 18549.814226 18328.677700
989.935298 18970.165716 18363.025994
990.935489 18581.321715 18742.160816
993.935558 19257.680887 18697.096452
994.937128 19092.635864 19152.889964
995.937809 18727.260936 19283.200684
998.936082 19097.548592 19026.683643
999.936971 19231.171834 19101.285187
1000.937523 19143.296503 19237.869242
1003.933941 18854.902997 19238.580420
1004.934531 18734.867219 18998.819899
1005.934710 19116.661457 18752.933580
1008.934060 19078.808519 18911.819509
1009.934846 18859.636853 19014.083257
1010.935485 18827.228525 18917.017697
1013.934245 19398.024325 18829.833460
1014.935012 19291.809776 19213.686958
1015.935555 19490.346996 19372.037137
