11.140853 10049.956723
21.140853 5562.518400
31.140853 5562.518400
41.141016 14234.020411
51.141146 12855.221814
61.141579 11124.555289
71.142103 18761.258446
81.142612 18907.085270
91.142663 17574.730642
101.142777 18778.976659
111.143195 18931.736331
121.143303 18962.294003
131.143862 18989.340852
141.144185 18906.919842
151.144689 19079.804431
161.144711 18997.559177
171.145696 18957.756877
181.146422 19004.814410
191.146684 19016.767915
201.147110 18956.653036
211.147533 18982.685476
221.148003 18955.570692
231.148100 19069.980846
241.148301 19065.588686
251.148795 18972.024345
261.149099 18969.830618
271.149167 18963.787085
281.149240 19008.154796
291.150228 18913.639652
301.150540 18946.311606
311.150577 18960.711772
321.150651 19011.410290
331.150890 18994.215967
341.151242 19033.647646
351.151601 18925.682024
361.151693 18997.103026
371.151988 18942.688979
381.152107 18960.075717
391.152495 18994.894743
401.153581 18966.831243
411.153796 19009.235926
421.153878 18962.439868
431.154307 18975.311644
441.154941 18902.620046
451.155187 18974.268070
461.155556 18965.805882
471.155927 18984.657967
481.155955 18973.391537
491.156771 18994.203708
501.157309 19001.489764
511.158161 19024.080103
521.158369 18954.419413
531.159164 18858.395165
541.159319 18867.615845
551.159421 18899.844571
561.159899 18919.547431
571.160230 18862.733676
581.160716 18885.877436
591.161595 18868.057838
601.161725 18913.355859
611.162410 18969.014866
621.163197 18952.448085
631.163817 18916.207658
641.164252 18825.459759
651.164357 18961.554599
661.164568 18916.144252
671.164952 18919.594386
681.165138 18832.353989
691.165209 18923.672575
701.165491 18847.094276
711.165564 18927.128932
721.165887 18963.919907
731.167386 18854.295816
741.168587 18894.737223
751.168760 18941.504058
761.168974 18967.322272
771.169422 18946.311123
781.169724 18846.761316
791.169873 18837.918311
801.170341 18955.024419
811.170585 18884.753973
821.171142 18923.336161
831.171559 18910.651789
841.171758 18900.441439
851.172081 18904.110984
861.173623 18947.469723
871.173863 18886.250258
881.174958 18815.853292
891.175087 18900.118147
901.175538 18870.836418
911.176826 18949.883452
921.177059 18864.695486
931.177455 18800.538853
941.177789 18904.934231
951.177794 18887.982189
961.178164 18892.009617
971.178192 18885.036064
981.178375 18931.765755
991.178619 17516.979758
1001.179167 15275.372430
1011.180402 15330.766940
1022.868777 10556.202483
1032.868777 7509.409600
1042.868777 5562.518400
