# WEMAClient mimuroto
94.121058 0.109142 5863.913000 5120
97.983018 3.811960 6715.704000 5120
101.906273 3.923255 4567.636000 4352
106.546043 4.639770 4414.011000 4352
111.106709 4.560666 4490.572000 4352
115.987140 4.880431 4458.622000 4352
120.857053 4.869913 4468.252000 4352
125.887842 5.030789 4325.365000 4096
131.045168 5.157326 3474.669000 3328
135.991406 4.946238 3622.955000 3584
141.019940 5.028534 3563.663000 3328
146.009853 4.989913 3591.244000 3584
151.136424 5.126572 3495.513000 3328
156.243884 5.107459 3508.593000 3328
160.960680 4.716796 2985.076000 2816
165.698258 4.737578 2971.982000 2816
170.490431 4.792173 2938.124000 2816
175.323557 4.833126 2913.228000 2816
180.004758 4.681201 3007.774000 2816
184.869541 4.864783 2894.271000 2816
189.659954 4.790413 2939.203000 2816
194.510147 4.850193 2902.977000 2816
199.365253 4.855107 2900.039000 2816
204.171759 4.806505 2929.363000 2816
208.905873 4.734114 2974.157000 2816
213.654738 4.748866 2964.918000 2816
218.486045 4.831307 2914.325000 2816
223.173971 4.687926 3003.460000 2816
227.940617 4.766647 2953.858000 2816
232.602130 4.661513 3020.478000 2816
237.421131 4.819000 2921.767000 2816
242.162416 4.741285 2969.659000 2816
246.912392 4.749976 2964.225000 2816
251.761450 4.849058 2903.656000 2816
256.518438 4.756988 2959.856000 2816
261.285295 4.766857 2953.728000 2816
266.084862 4.799567 2933.597000 2816
270.914035 4.829173 2915.613000 2816
275.634210 4.720175 2982.940000 2816
280.408419 4.774210 2949.179000 2816
285.207947 4.799528 2933.621000 2816
289.971468 4.763521 2955.796000 2816
294.700723 4.729255 2977.213000 2816
299.452080 4.751357 2963.364000 2816
304.151896 4.699817 2995.861000 2816
308.860463 4.689405 3002.513000 2816
313.871657 4.700599 2995.362000 2816
318.877754 4.706696 2991.482000 2816
323.886771 4.715713 2985.762000 2816
328.835720 4.664662 3018.439000 2816
333.753295 4.582237 3072.735000 3072
339.329014 5.157956 2977.923000 2816
344.462566 5.133552 2992.080000 2816
349.643356 5.180790 2964.798000 2816
354.795063 5.151707 2981.535000 2816
359.964750 5.169687 2971.166000 2816
365.106175 5.141425 2987.498000 2816
370.222384 5.116209 3002.222000 2816
375.335097 5.112713 3004.275000 2816
380.463363 5.128265 2995.164000 2816
385.609902 5.146540 2984.529000 2816
390.763395 5.153492 2980.503000 2816
395.954835 5.191440 2958.716000 2816
401.018035 5.063200 3033.654000 2816
406.058886 5.040852 3047.104000 2816
411.115215 5.056329 3037.777000 2816
416.190456 5.075241 3026.457000 2816
421.295537 5.105081 3008.767000 2816
426.422728 5.127191 2995.792000 2816
431.482080 5.059353 3035.961000 2816
436.523779 5.041699 3046.591000 2816
441.612698 5.088919 3018.322000 2816
446.709679 5.096981 3013.548000 2816
451.753266 5.043587 3045.451000 2816
456.859000 5.105734 3008.382000 2816
461.862885 5.003885 3069.614000 2816
467.023906 5.161020 2976.155000 2816
472.167613 5.143707 2986.173000 2816
477.306996 5.139384 2988.685000 2816
482.424912 5.117915 3001.221000 2816
487.573836 5.148924 2983.147000 2816
492.724577 5.150741 2982.094000 2816
497.812023 5.087446 3019.196000 2816
503.019359 5.207336 2949.684000 2816
508.239662 5.220303 2942.358000 2816
513.497871 5.258209 2921.146000 2816
518.591552 5.093681 3015.500000 2816
523.717302 5.125750 2996.634000 2816
528.789620 5.072318 3028.201000 2816
533.791129 5.001509 3071.073000 2816
538.895664 5.104535 3009.088000 2816
544.094670 5.199006 2954.411000 2816
549.329456 5.234786 2934.217000 2816
554.418546 5.089090 3018.221000 2816
559.592845 5.174299 2968.518000 2816
564.792677 5.199832 2953.941000 2816
569.957548 5.164871 2973.937000 2816
575.160244 5.202697 2952.315000 2816
580.261717 5.101472 3010.895000 2816
585.417917 5.156200 2978.938000 2816
590.561001 5.143084 2986.534000 2816
595.741030 5.180030 2965.233000 2816
600.971049 5.230018 2936.892000 2816
606.128709 5.157660 2978.094000 2816
610.872071 4.743362 2968.358000 2816
615.504948 4.632876 3039.148000 2816
620.210961 4.706014 2991.916000 2816
624.882739 4.671778 3013.842000 2816
629.523511 4.640772 3033.978000 2816
634.253583 4.730072 2976.698000 2816
638.892150 4.638567 3035.419000 2816
643.633430 4.741280 2969.662000 2816
648.406560 4.773130 2949.846000 2816
653.124313 4.717753 2984.471000 2816
657.850647 4.726334 2979.052000 2816
662.506716 4.656069 3024.010000 2816
667.182876 4.676160 3011.017000 2816
671.811938 4.629062 3041.652000 2816
676.542406 4.730468 2976.449000 2816
681.296316 4.753910 2961.772000 2816
686.068924 4.772608 2950.168000 2816
690.766242 4.697317 2997.455000 2816
695.500023 4.733781 2974.366000 2816
700.245182 4.745159 2967.234000 2816
705.014743 4.769562 2952.053000 2816
709.819360 4.804617 2930.514000 2816
714.550957 4.731597 2975.739000 2816
719.280577 4.729620 2976.983000 2816
724.033377 4.752800 2962.464000 2816
728.875496 4.704438 2992.918000 2816
733.888298 4.717240 2984.796000 2816
738.837084 4.666026 3017.556000 2816
743.764057 4.592999 3065.535000 2816
748.743862 4.572804 3079.073000 3072
754.192103 5.021045 3059.124000 2816
759.151632 4.959529 3097.068000 3072
764.181361 5.010303 3065.682000 2816
769.149578 4.968217 3091.652000 3072
774.169862 4.998804 3072.734000 3072
779.233179 5.062121 3034.301000 2816
784.252954 5.019775 3059.898000 2816
789.092759 4.839805 3173.681000 3072
794.118695 4.947637 3104.512000 3072
799.181493 5.010435 3065.602000 2816
804.170393 4.988900 3078.834000 3072
809.106069 4.935011 3112.454000 3072
814.089006 4.917948 3123.254000 3072
819.206547 5.035489 3050.349000 2816
824.286896 5.080348 3023.414000 2816
829.272348 4.985453 3080.964000 3072
834.246999 4.974651 3087.654000 3072
839.259328 5.012330 3064.443000 2816
844.188384 4.929056 3116.215000 3072
849.154903 4.966519 3092.709000 3072
854.052463 4.881405 3146.634000 3072
859.071077 4.900019 3134.681000 3072
864.092731 4.921673 3120.889000 3072
869.044923 4.873865 3151.502000 3072
874.151756 4.980698 3083.905000 3072
879.121088 4.950030 3103.011000 3072
884.191235 5.020177 3059.652000 2816
888.405479 4.214243 3644.782000 3584
893.066762 3.895704 4599.939000 4352
899.205197 5.034139 4322.487000 4096
904.521256 5.316059 4093.257000 3840
909.902356 5.381100 4043.783000 3840
915.190812 5.288456 4114.622000 4096
920.047200 4.856388 4480.696000 4352
923.752304 3.705104 5872.979000 5120
927.886756 3.715698 5856.234000 5120
931.443929 2.272871 9573.793000 5120
935.614433 1.443375 15075.777000 5120
940.575320 1.404263 15495.678000 5120
945.588727 1.417669 15349.138000 5120
950.586016 1.414958 15378.546000 5120
955.612715 1.441657 15093.742000 5120
960.609632 1.438574 15126.094000 5120
965.598856 1.427798 15240.251000 5120
970.601003 1.429945 15217.368000 5120
975.585762 1.414704 15381.311000 5120
