# AndroidClient mimuroto
125.191529 0.183968 3478.868011 3328
129.931392 4.689863 3548.077850 3328
133.271972 3.340579 3448.503867 3328
137.302862 4.030891 3493.024518 3328
142.018680 4.715817 3528.550601 3328
146.752444 4.733764 3515.172799 3328
151.392914 4.640470 3585.843698 3328
156.076011 4.683097 3553.204062 3328
161.688653 5.612642 2964.735694 3328
167.337893 5.649240 2945.528961 3328
172.930274 5.592381 2975.476596 3328
177.282128 4.351853 2941.275721 3072
182.481510 5.199382 2954.197300 3072
187.656116 5.174607 2968.341448 3072
192.983215 5.327099 2883.370533 3072
198.097413 5.114198 3003.403535 3072
203.253015 5.155601 2979.283820 3072
208.444182 5.191167 2958.872036 3072
212.732152 4.287970 2985.095681 3072
217.407955 4.675803 3011.247259 3072
222.198734 4.790779 2938.979201 3072
227.448303 5.249569 2925.954639 3072
232.717263 5.268960 2915.186067 3072
237.940342 5.223079 2940.794249 3072
243.131117 5.190774 2959.096042 3072
248.268841 5.137724 2989.650447 3072
253.441437 5.172596 2969.495160 3072
257.343190 3.901753 2952.519358 3072
262.532689 5.189499 2959.823178 3072
267.769772 5.237083 2932.930675 3072
272.984991 5.215219 2945.226114 3072
278.126832 5.141841 2987.256907 3072
283.241195 5.114363 3003.306313 2816
287.046887 3.805692 3027.044894 2816
291.725397 4.678510 3009.505037 2816
296.509015 4.783618 2943.378940 2816
301.283018 4.774003 2949.306923 2816
305.949794 4.666775 3017.072553 2816
310.544018 4.594225 3064.717351 2816
315.120033 4.576015 3076.913137 2816
319.711190 4.591157 3066.764804 2816
324.400916 4.689726 3002.307795 2816
329.082780 4.681864 3007.348955 2816
333.766675 4.683894 3006.045614 2816
338.343751 4.577077 3076.199333 2816
342.994818 4.651067 3027.262475 2816
347.717792 4.722974 2981.172534 2816
352.425379 4.707587 2990.916625 2816
357.200312 4.774933 2948.732699 2816
361.904044 4.703733 2993.367358 2816
366.628819 4.724775 2980.036392 2816
371.453302 4.824483 2918.447613 2816
376.214361 4.761059 2957.325089 2816
381.036817 4.822457 2919.673761 2816
385.761893 4.725075 2979.846704 2816
390.480410 4.718517 2983.988380 2816
395.129153 4.648743 3028.775682 2816
399.871196 4.629667 3041.255419 2816
404.996855 4.755326 2960.890834 2816
409.955032 4.713503 2987.162438 2816
414.926219 4.684690 3005.535324 2816
419.971674 4.730145 2976.653041 2816
425.049796 4.808267 2928.289944 2816
429.885685 4.644156 3031.767335 2816
435.039678 4.798149 2934.464895 2816
439.958622 4.717093 2984.889501 2816
445.007987 4.766457 2953.975793 2816
449.889945 4.648416 3028.988957 2816
454.919075 4.677546 3010.125430 2816
459.905162 4.663633 3019.105775 2816
464.945704 4.704175 2993.085758 2816
469.989828 4.748299 2965.272389 2816
475.023945 4.782416 2944.118881 2816
479.980181 4.738652 2971.309103 2816
485.008044 4.766514 2953.940466 2816
489.986642 4.745113 2967.263642 2816
495.023061 4.781532 2944.662792 2816
500.018762 4.777233 2947.312911 2816
504.990065 4.748536 2965.124257 2816
510.016473 4.774944 2948.725747 2816
515.167376 4.925847 2858.391599 2816
519.937069 4.695540 2998.590288 2816
524.899892 4.658363 3022.520800 2816
530.001168 4.759638 2958.207871 2816
535.060437 4.818908 2921.824005 2816
540.065590 4.824061 2918.702566 2816
544.992032 4.750503 2963.896641 2816
550.008788 4.767258 2953.479465 2816
554.964450 4.722921 2981.205893 2816
559.999371 4.757842 2959.325049 2816
565.000655 4.759126 2958.526510 2816
570.006031 4.764502 2955.188432 2816
575.077809 4.836280 2911.328490 2816
579.965299 4.723770 2980.670232 2816
585.091249 4.849720 2903.260666 2816
590.037719 4.796190 2935.663755 2816
594.988574 4.747045 2966.055946 2816
600.004524 4.762995 2956.123169 2816
604.987805 4.746276 2966.536444 2816
609.967449 4.725920 2979.314319 2816
614.914872 4.673343 3012.832880 2816
619.984542 4.743013 2968.577333 2816
624.934254 4.692725 3000.388852 2816
630.112794 4.871265 2890.419917 2816
635.080322 4.838793 2909.816600 2816
640.081956 4.840427 2908.834111 2816
645.062687 4.821158 2920.460353 2816
650.108446 4.866917 2893.002164 2816
655.105738 4.864209 2894.612614 2816
659.956049 4.714520 2986.518244 2816
665.012556 4.771027 2951.146872 2816
670.028210 4.786681 2941.495185 2816
675.054666 4.813137 2925.327016 2816
680.002054 4.760525 2957.656971 2816
684.978849 4.737320 2972.144577 2816
689.997324 4.755795 2960.598694 2816
695.035071 4.793542 2937.285357 2816
700.017406 4.775877 2948.149683 2816
705.009382 4.767853 2953.111352 2816
710.076590 4.835061 2912.062740 2816
714.978822 4.737293 2972.161773 2816
719.974812 4.733283 2974.679367 2816
725.018696 4.777167 2947.353686 2816
729.882893 4.641364 3033.590919 2816
734.945494 4.703965 2993.219514 2816
739.953379 4.711849 2988.210953 2816
744.892219 4.650690 3027.507728 2816
749.810759 4.569230 3081.481941 2816
754.791594 4.550065 3094.461358 2816
759.850495 4.608966 3054.915072 2816
764.745209 4.503680 3126.332206 2816
769.908271 4.666742 3017.094046 2816
774.827286 4.585757 3070.376596 2816
779.706833 4.465304 3153.200670 2816
784.838655 4.597126 3062.783192 2816
789.795989 4.554460 3091.475247 2816
794.837570 4.596041 3063.506493 2816
799.793329 4.551800 3093.281671 2816
804.849620 4.608091 3055.495089 2816
809.751980 4.510451 3121.639309 2816
814.850087 4.608558 3055.185378 2816
819.913595 4.672066 3013.655878 2816
824.851436 4.609907 3054.291787 2816
829.868913 4.627384 3042.755827 2816
834.891919 4.650390 3027.702971 2816
839.856900 4.615371 3050.675514 2816
844.807866 4.566337 3083.434070 2816
849.837763 4.596234 3063.377660 2816
854.782899 4.541370 3100.385883 2816
859.682704 4.441174 3170.332588 2816
864.775542 4.534013 3105.416652 2816
869.873120 4.631591 3039.992192 2816
874.823867 4.582338 3072.667577 2816
879.821800 4.580271 3074.053930 2816
884.825189 4.583660 3071.781106 2816
888.785625 3.544096 3972.804641 2816
893.171372 2.929842 4805.719232 2816
898.537224 3.295695 4272.240517 2816
903.751846 3.510317 4011.033531 2816
908.803723 3.562194 3952.620410 2816
913.804569 3.563040 3951.681622 2816
918.831020 3.589491 3922.562036 2816
922.842129 2.600600 5414.134693 2816
927.723583 2.482054 5672.721478 3072
932.082808 1.841279 8342.026487 3072
936.318577 1.077048 14261.208448 3072
941.296535 1.055006 14559.154314 3072
946.297172 1.055643 14550.369756 3072
951.322779 1.081250 14205.779934 3072
956.350909 1.109380 13845.569076 3072
961.347424 1.105895 13889.202568 3072
966.323933 1.082403 14190.641859 3072
971.352027 1.110498 13831.633120 3328
976.454824 1.213295 13714.721524 3328
981.204591 0.963062 17278.225990 3328
986.206856 0.965327 17237.691080 3328
991.200024 0.958495 17360.546591 3328
996.209039 0.967510 17198.794567 3328
1001.201708 0.960179 17330.104998 3328
1006.198272 0.956743 17392.349559 3584
