157.005855 19079.065402 0.000000
158.006535 19571.111966 19079.065402
159.006805 18659.820006 20063.158530
160.007345 19905.177888 19502.701202
161.008572 20089.981410 19945.770649
162.011313 19567.262939 20295.759824
163.011342 19034.243129 20027.270955
164.013840 18676.604211 19378.259659
165.017357 19908.812799 18699.520690
166.019853 19616.781366 19278.578527
167.022010 19501.274740 19506.642439
168.023571 18216.520840 19561.579157
169.024601 18944.281433 18610.405986
170.024887 19428.794802 18582.168560
171.025335 20085.667682 19021.963091
172.026962 18998.502262 19836.222945
173.029766 20498.786678 19490.339991
174.030093 19090.589950 20319.652394
175.030584 19837.092064 19722.944620
176.032604 19636.050713 19826.378651
177.032697 18615.370804 19729.993007
178.035335 19230.298186 18892.804679
179.037844 19550.820628 18866.047583
180.039021 20228.925411 19184.123517
181.039686 19140.178054 19943.414350
182.043523 19958.193031 19577.877013
183.046295 18597.698234 19899.194838
184.048611 17827.702143 19054.232201
185.053114 19298.471615 17940.120322
186.055766 19468.249997 18458.036942
187.057047 19135.972473 19054.437707
188.058049 19655.955117 19206.883019
189.061711 18881.895378 19655.365021
190.063279 19346.886363 19299.208742
191.065547 19719.399889 19365.545500
192.069549 19152.822404 19673.434240
193.073579 19069.972713 19413.936908
194.073990 19830.701517 19156.772348
195.077092 18917.043690 19577.036762
196.079502 19050.704551 19165.341788
197.082119 18732.566714 18997.665421
198.084385 20213.903908 18688.483643
199.087685 18624.513473 19655.916417
200.090445 18650.911328 19087.086851
201.093474 19072.962227 18706.827115
202.095422 19407.837468 18819.256474
203.096855 18804.540382 19190.054022
204.099335 18957.696440 18977.425843
205.102428 19546.868241 18942.757432
206.103245 18616.880500 19371.036830
207.106460 19037.575130 18931.643575
208.107445 19097.749663 18948.777152
209.109190 18294.129959 19024.674334
210.111791 19972.397489 18478.176980
211.114427 19628.177283 19417.617195
212.115605 19103.251903 19767.867222
213.116423 18809.227628 19514.375716
214.116428 19305.123489 19064.330803
215.118523 20006.156943 19147.454449
216.119341 19648.193640 19754.208622
217.120647 19410.506973 19852.100311
218.121676 18655.294179 19671.804488
219.125016 18582.689287 18949.922602
220.127734 19438.150134 18460.870885
221.129095 19212.447251 18888.395261
222.130607 20154.507933 19070.319006
223.130846 18515.759370 19903.358451
224.132390 19167.408240 19153.604122
225.133674 18829.509129 19108.002422
226.135303 18162.629946 18846.628693
227.137927 19409.435480 18211.502550
228.139786 18584.650671 18816.825479
229.140375 19701.343791 18649.050836
230.140966 18871.460855 19386.583314
231.141103 18928.606877 19211.627470
232.141404 18487.893742 19081.967411
233.144481 19869.533263 18648.262396
234.146307 19576.910861 19427.547366
235.149564 18568.807449 19708.219524
236.152615 19621.413679 19059.650878
237.152937 18917.964207 19402.110370
238.155422 19581.164070 19100.578840
239.156598 20261.845072 19401.559314
240.159009 19630.989355 20107.461491
241.160921 18954.573310 20025.866687
242.161693 19012.655314 19379.037919
243.164016 19881.255430 18993.068885
244.164544 19077.601622 19456.431062
245.167428 19861.090021 19191.577887
246.169610 18603.580467 19618.273532
247.170518 19836.444207 18949.193312
248.173818 19605.301049 19452.897796
249.175118 19316.810503 19627.279272
250.175783 20029.293137 19492.607544
251.179777 18584.459299 19915.684396
252.184408 19008.045917 19071.999629
253.187049 19148.828078 18845.962126
254.188778 18836.193786 18879.050943
255.188804 18974.943879 18728.563916
256.191220 19302.762090 18784.290440
257.191905 19634.399976 19105.680720
258.193163 19176.959904 19564.374617
259.193788 20257.561393 19468.147851
260.197102 19655.403246 20157.688599
261.199398 19768.966176 20075.808561
262.203289 19164.588642 20014.939411
263.204432 19073.334453 19469.728376
264.205937 20197.856318 19052.397284
265.206466 20042.189178 19692.357429
266.209841 19252.371726 20021.961869
267.211581 19922.051832 19599.457827
268.214402 19036.587736 19803.694360
269.215820 19676.095006 19271.303923
270.217631 18755.996917 19426.060110
271.219175 19990.182447 18875.873361
272.221637 19376.463203 19496.450023
273.221736 18791.594804 19469.882027
274.223095 19409.059862 18994.592024
275.223856 19206.334430 19169.296511
276.227478 19026.621962 19164.545518
277.227858 19874.747808 19037.832898
278.230110 18823.805095 19607.768239
279.233657 18786.517622 19171.273767
280.237643 19219.090452 18838.193758
281.239663 19392.528641 18983.164343
282.240379 19418.980927 19244.709804
283.243633 18796.368399 19432.276458
284.247183 20070.440528 19055.776506
285.249776 20182.461902 19758.228601
286.254172 18399.605008 20271.523660
287.255338 19818.618195 19168.763080
288.258922 18861.299672 19489.353162
289.260264 19525.952201 19013.975569
290.262052 19214.940891 19236.607195
291.264324 19301.994220 19187.000777
292.264429 19195.314075 19234.472593
293.266868 19497.656729 19195.078800
294.268394 19171.892310 19402.197712
295.268912 18430.335634 19285.298608
296.281953 18721.571757 18642.329975
297.283073 20571.684636 18486.274165
298.283345 19088.143152 19854.655318
299.283926 19241.226428 19605.447110
300.288242 19663.208606 19466.329474
301.292022 19486.462825 19656.981528
302.293515 19579.281904 19621.304988
303.297242 19780.826954 19639.370487
304.298510 19271.609615 19784.539879
305.299154 19780.109793 19474.283338
306.300605 17685.945329 19649.861771
307.303581 18983.188249 18199.589645
308.304209 18479.681663 18318.974692
309.305034 18669.599049 18167.090666
310.308386 18266.910434 18311.734442
311.311235 18530.466610 18171.506020
312.311356 19316.245735 18322.910045
313.313403 19080.980145 19039.835542
314.314843 20074.074145 19290.951646
315.315400 19727.216793 20108.837323
316.318602 17756.750672 20248.946353
317.321278 19382.786733 18710.718887
318.321788 19716.882472 18922.640146
319.324106 19762.311861 19394.209226
320.329123 19741.626426 19744.734120
321.330594 18212.543961 19908.876926
322.331521 19149.420129 18802.323855
323.333954 19090.733921 18804.259472
324.335849 19010.413683 18847.502789
325.337666 19103.070780 18869.692052
326.340668 18796.611081 18985.459914
327.341729 19014.206582 18842.901787
328.343892 19999.833160 18923.246673
329.344128 19542.569073 19725.379026
330.347228 19315.632391 19852.110671
331.347544 19349.579153 19667.888583
332.348220 19337.158238 19513.173562
333.350379 18645.902643 19385.601763
334.355582 19593.686840 18791.263286
335.357546 18741.234305 19168.592035
336.361308 19842.789920 18824.190709
337.364368 19784.456822 19457.417656
338.366257 19168.612830 19826.624373
339.369473 19408.139476 19538.802849
340.372169 19498.304517 19481.989567
341.375867 20194.978672 19502.744184
342.375993 19208.591892 20034.517192
343.377582 19932.052619 19600.728981
344.380406 19285.064884 19828.396149
345.383711 19179.610346 19482.903049
346.384487 19017.707863 19181.606054
347.386684 19357.706146 18909.031768
348.389099 18420.461127 19054.912361
349.390505 18700.911508 18500.617339
350.391849 19926.782524 18413.768561
351.392549 19523.855523 19361.533171
352.395947 18516.016325 19674.532563
353.400043 19345.498847 19037.483601
354.401878 19751.927864 19210.704192
355.403692 19593.581594 19635.834914
356.407996 19737.344857 19758.663810
357.409457 18952.015182 19886.630151
358.409822 18771.607267 19324.294742
359.410588 19265.453892 18814.751211
360.412757 19559.348549 18919.578428
361.413131 19039.095344 19278.881896
362.416556 19557.498192 19138.460389
363.419484 19138.642959 19432.210510
364.421410 19345.860896 19296.266067
365.425078 18014.714824 19344.301520
366.425286 18995.806848 18370.349538
367.427643 18774.207089 18530.283885
368.428794 19418.333384 18560.431981
369.429307 19447.424321 19112.044527
370.431538 19413.174237 19486.241216
371.433518 18892.468282 19637.947775
372.436383 18981.016498 19267.078203
373.438698 19496.503673 19054.402099
374.440988 19094.584042 19316.333028
375.442007 18489.680506 19190.901431
376.444407 19376.520419 18650.428633
377.446455 19018.079966 19005.135137
378.447805 19896.818998 19006.504369
379.449310 18933.251734 19669.137159
380.450478 19243.069101 19334.698566
381.451266 18751.314647 19299.480587
382.453962 19026.334867 18898.952885
383.455347 19645.778283 18868.044640
384.457471 17983.835215 19356.745636
385.460818 19710.587439 18426.896995
386.462691 19303.632812 19146.271398
387.466365 19505.540039 19341.821639
388.468472 19514.123981 19581.479973
389.469453 18144.808995 19688.762113
390.472605 19878.466360 18671.757411
391.473065 18976.912836 19331.760979
392.476228 17805.277349 19122.273966
393.480386 19783.507397 18102.463561
394.481571 19551.566461 19001.934342
395.482747 19265.932779 19473.107295
396.483878 19416.607909 19514.083301
397.485763 19616.193216 19585.540021
398.486920 20168.751903 19728.724333
399.487081 18652.210562 20186.602726
400.487565 19219.555976 19273.673210
401.490780 18980.320323 19087.351851
402.494374 18680.649235 18847.815463
403.495851 18965.372635 18536.420168
404.496125 19135.567949 18630.322337
405.499210 18693.024520 18888.682482
406.500617 19921.856478 18747.676349
407.502965 19320.634113 19585.134294
408.505434 19117.151593 19637.127039
409.508425 18768.162941 19431.388290
410.512156 19441.760159 18988.218252
411.512720 19857.140353 19216.817319
412.515009 18440.041245 19698.887708
413.517223 19145.837408 18916.661732
414.518545 19338.723319 18935.740745
415.519499 18799.771844 19142.468851
416.520060 18574.813552 18890.682914
417.520267 18435.898344 18573.343459
418.521068 18331.343988 18310.854850
419.522182 19616.439275 18132.455651
420.522740 18422.967654 19056.799601
421.524893 18403.364087 18763.777779
422.526401 18739.644758 18517.361662
423.526688 18770.260288 18617.864712
424.527559 19660.935458 18721.522897
425.529117 19506.192564 19453.542714
426.529550 18235.264238 19755.343638
427.531935 19501.557282 18890.760087
428.532507 19037.482782 19244.314132
429.535589 19252.123653 19137.346068
430.538924 18970.122015 19219.876867
431.539603 20590.783398 19057.702735
432.541837 19918.030372 20170.216526
433.546800 18371.608788 20327.050370
434.549369 18512.934376 19143.396105
435.551147 19288.416820 18464.616334
436.551250 19551.330986 18718.917792
437.552884 19413.132270 19185.628903
438.553872 18876.137050 19406.760941
439.557073 18232.954902 19116.173378
440.560984 19425.520148 18428.483903
441.564926 19229.673566 18930.180850
442.568013 19601.403580 19157.979211
443.571441 19045.777277 19568.599491
444.573818 19295.594674 19365.390926
445.573910 17867.888670 19371.246279
446.577354 19477.508409 18284.481551
447.577748 19447.279286 18844.165771
448.578087 18802.958154 19259.671698
449.580991 19671.806917 19031.085710
450.581781 18793.716941 19511.397399
451.585514 19760.626223 19133.088141
452.586035 19826.321469 19584.272673
453.586764 19453.410851 19903.224761
454.588288 19972.840457 19763.792019
455.591245 19049.767223 20006.052560
456.592159 18714.105403 19426.574879
457.592958 19281.280357 18790.887760
458.594094 19503.042009 18879.229827
459.595883 18403.834975 19190.234732
460.599288 19342.223065 18599.533728
461.601490 18770.161482 18959.049605
462.605948 18196.725034 18805.554722
463.607095 19277.676659 18289.881634
464.609606 19677.110111 18819.469659
465.610892 18952.925464 19498.390510
466.611165 19862.085298 19339.392351
467.615379 19386.067613 19845.146425
468.617153 18978.762239 19745.244917
469.618432 19354.081991 19300.020806
470.620824 19278.634577 19278.583923
471.622771 19207.760625 19230.154438
472.624056 19128.697130 19164.904267
473.624697 18838.091670 19083.695649
474.626683 19569.809312 18836.387615
475.628995 18726.267850 19261.947844
476.631010 20070.685039 18919.037228
477.632795 19461.801986 19707.702468
478.633305 19327.102170 19736.118440
479.633752 18811.500083 19580.722451
480.635132 19760.750312 19052.917821
481.638067 17927.685712 19440.598743
482.639152 19175.901023 18339.678647
483.639898 19083.843166 18622.381848
484.641365 19563.199294 18833.069850
485.644422 19114.653916 19360.624276
486.646797 19370.878972 19338.636210
487.650054 19002.258609 19463.815395
488.651656 18633.034431 19226.705610
489.653291 20212.418727 18775.120833
490.655746 19291.134820 19698.345067
491.659265 19325.902653 19597.512668
492.662491 18603.434690 19496.577881
493.665045 19414.488107 18861.590708
494.667756 18655.553186 19087.848180
495.669096 19179.747439 18713.435707
496.671636 19254.309272 18904.904530
497.673903 19046.733794 19125.271044
498.676800 19350.161225 19112.032249
499.677532 19289.148337 19316.658811
500.680386 18139.465261 19381.588030
501.683489 18556.416796 18528.680409
502.686236 19325.606577 18317.636462
503.688981 18638.702616 18848.701909
504.691925 19167.102450 18718.282828
505.695205 19345.332476 19029.478111
506.698800 19362.238527 19353.154356
507.699656 19481.697696 19525.716547
508.702380 18595.943618 19660.722514
509.703074 20043.031327 19019.153735
510.703820 19554.412160 19677.882598
511.704064 18921.009882 19732.069836
512.707573 18689.421811 19239.697328
513.710805 18827.484387 18740.148159
514.712303 19751.495161 18581.238920
515.716921 19105.335680 19256.353747
516.718759 18944.652182 19233.076904
517.721440 18529.181735 19068.990553
518.721875 18523.031845 18644.259949
519.725580 19259.569698 18398.512676
520.728043 18795.580857 18859.172222
521.731990 19384.661914 18841.609732
522.732104 19446.597421 19263.132062
523.732682 18200.464406 19550.727320
524.735361 19343.131421 18733.892713
525.736331 19306.690483 19049.118594
526.736944 19033.503759 19252.904038
527.739785 19248.671840 19163.353328
528.742444 18891.499737 19247.491642
529.742714 18707.111898 19021.976771
530.745032 19296.144924 18738.309198
531.748368 19405.742712 19030.450856
532.749682 18769.041009 19325.143543
533.753514 20439.606699 19015.113402
534.755060 18954.419963 20051.504500
535.758193 19533.089020 19552.835547
536.761971 18893.264058 19587.898967
537.763064 19339.510452 19111.859469
538.765140 18746.540836 19153.875663
539.765495 18962.733237 18776.565245
540.766772 18842.467951 18742.548235
541.769006 18887.196219 18690.387015
542.773408 19049.837916 18735.872840
543.774990 18843.565277 18918.427870
544.775014 19731.887754 18887.853417
545.776237 18983.051090 19527.736014
546.778252 19011.755074 19337.087749
547.779151 19484.105737 19174.782440
548.780673 18087.852806 19407.135941
549.781020 18899.078530 18495.365442
550.783772 19585.568966 18546.021327
551.786263 18855.667588 19174.481397
552.787323 18215.874604 19044.057291
553.790584 19522.599989 18451.903074
554.793504 18960.638950 19076.862887
555.795988 19314.498605 19079.306289
556.798617 19070.403632 19316.255898
557.801074 19157.987818 19251.220148
558.804519 18713.379844 19239.186284
559.805881 18800.385251 18879.413756
560.806775 18316.551715 18723.273068
561.807477 18776.611006 18301.605619
562.811852 18644.546159 18439.552886
563.815184 18946.188002 18493.742414
564.818501 19239.848803 18784.769497
565.821309 19174.919448 19190.883265
566.821961 20334.097327 19357.484518
567.823154 19341.898562 20264.527286
568.823653 18916.902624 19991.292106
569.823843 19556.533698 19373.579177
570.827509 19039.447215 19430.276880
571.829621 19523.424781 19102.375073
572.832051 18183.739407 19285.675380
573.832344 19236.790412 18431.998853
574.835710 18783.507587 18732.883982
575.839657 19365.905052 18669.341035
576.841394 19624.538816 19102.909298
577.841978 19231.373991 19579.417692
578.842303 19370.743369 19534.078550
579.844738 19094.759863 19540.259874
580.845849 18386.781652 19293.983780
581.849946 19123.238984 18590.056096
582.850182 19265.138975 18739.616642
583.853727 19513.907791 19016.727494
584.853835 19391.394154 19403.962402
585.856147 19114.704940 19533.180975
586.856540 18967.431798 19354.826646
587.858487 19499.349400 19095.164199
588.861022 18625.787102 19332.338076
589.862564 18684.347120 18837.506123
590.865448 19242.501787 18581.080404
591.865845 19205.534570 18897.300224
592.866493 19101.631288 19113.985112
593.868357 18610.673772 19167.287459
594.870524 19230.672404 18809.306453
595.873269 19544.051428 19045.656754
596.875507 18603.937248 19445.120085
597.877435 18772.799200 18964.498951
598.880114 18777.170136 18760.694422
599.883386 19741.099719 18665.096555
600.885213 18548.003413 19368.263203
601.886809 18781.187563 18918.233427
602.888427 19254.925439 18775.549148
603.890580 19553.858863 19060.920019
604.893377 18638.009923 19476.306878
605.894503 20045.390116 19016.501599
606.895667 19063.824905 19747.511185
607.900164 18987.514160 19451.311802
608.903868 18921.608811 19149.107328
609.905343 19383.019763 18908.177787
610.908852 19567.264179 19137.128987
611.909337 19315.462413 19451.260593
612.911905 18905.272391 19448.475968
613.913289 19252.589442 19106.187750
614.916506 18908.947686 19145.302590
615.918349 19835.081008 18933.950406
616.920887 19394.910650 19516.623625
617.925007 19459.753607 19557.446812
618.926504 19353.593249 19585.856583
619.929459 19066.154122 19488.915456
620.929673 18726.711084 19191.034996
621.931228 18323.574385 18756.292268
622.932190 19362.356586 18229.173084
623.935445 18842.728135 18768.300469
624.937261 18728.494632 18796.656851
625.941130 18629.897934 18736.677737
626.941646 19293.023454 18630.694880
627.943514 18738.886085 19074.848355
628.943727 19012.008601 18935.865840
629.944926 20440.341072 19021.971532
630.946138 19465.896985 20133.782998
631.948626 19144.558532 20035.495184
632.949567 18771.124877 19602.947888
633.952635 19041.088273 18992.001660
634.955662 19018.096708 18833.781897
635.959245 19856.007925 18789.254936
636.959759 18620.975968 19452.635311
637.960193 18449.497713 18958.894685
638.960282 18135.355074 18498.936000
639.960512 18923.479571 18020.990108
640.963882 19612.772486 18401.701776
641.967241 19009.457333 19239.471745
642.967608 19359.111210 19299.195550
643.970864 19914.136749 19518.863306
644.973967 18656.599715 20005.028314
645.976025 19225.658727 19282.235152
646.980418 18975.788672 19191.223970
647.982291 18614.892378 18966.924528
648.983078 19129.246624 18586.318622
649.983346 19269.433320 18788.924793
650.984144 19004.145496 19080.448358
651.985463 19735.447019 19074.490513
652.986740 19876.092006 19602.401479
653.989358 19157.417417 20005.102087
654.990724 18821.661822 19635.193928
655.992072 19470.272922 19078.979025
656.994132 19132.558743 19223.000598
657.997784 19866.035167 19103.543831
659.001039 18984.529329 19601.176494
660.002294 18800.579653 19255.078115
661.004268 19059.377188 18876.429472
662.005190 19390.437325 18862.240847
663.005315 19569.984810 19152.725722
664.008694 18724.079080 19492.056675
665.011779 18357.236108 19046.774887
666.013277 19868.562219 18468.327812
667.017369 19113.704965 19284.825932
668.020867 18444.586142 19272.866123
669.024104 19586.149847 18725.256812
670.026040 18371.639699 19237.457268
671.029232 19345.235422 18669.848029
672.031453 18213.182796 19041.688120
673.033881 19050.862563 18454.455521
674.037502 18957.856079 18728.780866
675.037644 19372.649966 18876.709100
676.037659 19372.830838 19282.055377
677.039005 19297.494631 19507.512817
678.041726 19348.529050 19530.068887
679.043509 18391.213821 19521.479172
680.043973 18333.357958 18755.960362
681.045141 18625.569273 18238.622425
682.048748 18818.634948 18222.795825
683.050223 18721.002701 18460.375144
684.054531 19242.736839 18595.505569
685.057895 19230.643109 19085.745668
686.058688 19475.346318 19361.043213
687.060958 18865.225516 19649.619366
688.063853 20030.180966 19292.748579
689.064134 18825.069925 19881.149007
690.065762 18501.212317 19308.773930
691.068787 19906.526990 18658.767184
692.072192 18848.946061 19348.361099
693.073958 18974.883532 19039.513833
694.075547 19872.179453 18931.901360
695.075896 18618.372810 19561.812608
696.079374 20252.937000 19014.004961
697.079773 19566.131376 19867.116241
698.080214 18824.471782 19875.022854
699.086191 19044.031636 19245.508595
700.087425 19255.745743 18990.162152
701.088717 18573.202531 19034.741882
702.090510 18878.701700 18600.375303
703.095317 19155.573644 18605.523197
704.098022 18335.265891 18884.045728
705.100048 18605.371997 18475.958158
706.101450 19849.395391 18439.320886
707.105328 19301.581899 19395.532573
708.108830 19688.315946 19576.244001
709.109476 19165.520452 19887.984725
710.110096 18343.407991 19601.841272
711.112813 19231.145021 18733.104995
712.112976 19534.185453 18867.115378
713.113866 18950.995933 19252.408304
714.114731 19883.977888 19078.106914
715.116841 18693.706895 19658.914941
716.120005 18973.473819 19112.881446
717.120882 19863.019468 18944.896254
718.123384 19394.233693 19535.207285
719.125380 20186.172367 19560.726516
720.127218 19439.780087 20125.816931
721.129375 19124.328293 19863.656788
722.132672 19910.428662 19390.018695
723.132693 18205.943284 19676.352325
724.133811 18991.358011 18599.674191
725.134869 19437.929084 18551.963442
726.135055 18839.982725 18972.885015
727.135801 19457.192612 18851.147049
728.136695 18962.916085 19250.394401
729.137091 19611.103983 19131.010234
730.137985 19691.700607 19515.435537
731.139856 19186.950397 19792.012768
732.141279 18980.815635 19526.660686
733.144642 19218.877338 19154.456001
734.146467 19520.350718 19103.489844
735.147369 19043.739735 19332.958674
736.148239 19050.379736 19137.082863
737.148423 18895.665101 19020.789176
738.153372 18726.456460 18854.003996
739.155304 19561.664348 18654.120202
740.156590 19452.148817 19198.668285
741.159584 19099.349157 19479.554694
742.161178 19531.667176 19348.546685
743.163524 18882.456292 19544.981812
744.165608 18530.934803 19152.962554
745.167749 19585.178971 18625.685243
746.168059 18886.381243 19129.042103
747.170454 20024.620379 18970.656454
748.172048 19250.862588 19724.074179
749.174901 18904.820866 19595.601248
750.178562 19583.124032 19185.648826
751.181927 18606.958048 19419.192999
752.182875 19790.021584 18844.823356
753.184062 19111.291369 19385.469859
754.186548 19616.251262 19247.883381
755.188019 19623.000553 19523.662059
756.191020 18173.930970 19689.760667
757.194500 18232.556997 18669.317755
758.196411 19204.893876 18079.219123
759.197555 18712.979207 18551.756935
760.197698 19597.262089 18582.374075
761.200660 19201.906317 19293.546089
762.202375 19185.134517 19428.544267
763.205072 19760.525725 19426.805019
764.208279 18420.816282 19797.061175
765.211059 19039.380847 18968.273309
766.212402 19200.216885 18880.938543
767.212735 19276.290068 18997.508764
768.213208 19929.218684 19163.525792
769.215126 19188.535401 19764.421837
770.216135 19922.219703 19550.556609
771.217156 19486.791629 19903.381919
772.219569 18790.223025 19757.932965
773.222114 18855.108342 19094.996701
774.222629 19264.793809 18735.999138
775.222927 18308.006981 18893.541757
776.224724 18908.279485 18347.535959
777.225418 18959.494793 18514.855194
778.228150 19182.882633 18735.282364
779.232750 18617.627573 19069.089937
780.232842 19931.601968 18840.500602
781.236810 19189.293635 19655.968474
782.237216 19938.954933 19575.879533
783.238098 19869.670576 20001.434562
784.238688 19101.155815 20146.628902
785.242649 18781.132124 19573.600419
786.244001 18808.117639 18928.957258
787.246395 18008.856133 18589.918531
788.246754 18789.505398 17875.502814
789.248665 19898.917309 18137.120234
790.250802 19181.795404 19263.084169
791.254350 19635.933096 19447.182992
792.256566 20092.126618 19813.488776
793.260459 18514.120278 20294.397889
794.262322 18618.861845 19300.779873
795.265245 19170.839635 18685.862142
796.267515 19093.600603 18775.636544
797.269097 19285.893003 18861.395244
798.272027 19190.400413 19106.545234
799.275993 19760.747293 19202.337729
800.279298 19529.437566 19675.009807
801.280502 19399.585356 19759.297923
802.282677 20027.846433 19646.587734
803.285759 19404.931523 19999.677852
804.286168 19721.697442 19716.078875
805.286453 19380.942109 19734.066987
806.288774 18650.898886 19484.402157
807.289234 19097.831627 18786.172313
808.291905 19735.074934 18738.438590
809.294573 19230.374008 19282.352468
810.295641 19425.607103 19288.964329
811.297888 19653.372219 19424.047500
812.299159 18887.996580 19662.802824
813.299197 20028.472069 19205.791106
814.302302 20655.282170 19753.193231
815.304416 19043.049210 20565.821579
816.307694 19347.563574 19785.326181
817.308745 19365.219296 19437.895012
818.309436 19353.219971 19254.838360
819.312101 18998.779419 19181.905774
820.314070 18973.192565 18922.437616
821.315619 19639.750765 18792.598848
822.316440 18063.115977 19272.746543
823.320549 19962.224022 18422.095355
824.321621 18607.742838 19331.355950
825.321957 19315.085432 18927.842378
826.324282 18808.361739 19176.567652
827.327467 19463.591761 18955.516965
828.331026 19135.315750 19299.625331
829.332749 18869.756984 19266.464114
830.333681 19195.546081 19017.927339
831.336949 19817.164109 19100.958186
832.338040 19445.272213 19632.334104
833.338606 19422.759339 19665.310642
834.339389 20196.501642 19609.904648
835.339401 18373.622809 20115.722051
836.341401 18960.150438 19021.666526
837.343438 19157.895311 18752.523555
838.345353 19327.311389 18818.167446
839.347190 18597.355229 19062.983416
840.350487 18953.872023 18704.006274
841.352911 18565.120670 18765.242538
842.354959 19112.564894 18551.454526
843.356741 18563.855917 18858.560224
844.359750 19263.921898 18664.082508
845.362066 19359.835717 19066.836488
846.363489 18950.784817 19389.420195
847.364723 18505.940323 19236.527754
848.368033 19710.761371 18755.012428
849.370042 18613.034067 19355.602525
850.371183 19394.136607 18921.391807
851.372561 18126.247740 19213.023919
852.375427 19289.292226 18453.201496
853.379627 19526.063065 18863.835210
854.383359 19042.681999 19353.094450
855.385487 18926.257914 19278.430424
856.385843 19405.088196 19094.843241
857.389725 18732.324518 19320.026030
858.391681 19321.689372 18949.310207
859.392597 18964.753792 19151.729514
860.394080 19137.644611 19027.727447
861.396704 18602.466541 19079.651114
862.396926 18921.979018 18718.727769
863.397025 18839.972096 18748.835147
864.398083 20186.821737 18745.669612
865.400720 19371.383965 19777.799697
866.403777 19428.424495 19784.541920
867.403783 19210.387727 19727.403940
868.405357 18374.756850 19460.562513
869.407287 19134.800036 18637.874945
870.407569 19655.366027 18730.784027
871.410164 19110.962451 19268.667063
872.410719 18766.422206 19225.980640
873.410749 19255.928333 18917.477698
874.413580 18332.589257 19092.591949
875.414455 19286.298177 18528.478864
876.415992 19436.023648 18912.731609
877.416754 19305.272990 19310.543727
878.418344 18632.466866 19442.756773
879.422563 18186.121301 18969.887757
880.422701 19610.691163 18314.338853
881.423008 18853.671716 19022.937409
882.425898 19157.614726 18956.410541
883.428648 19297.054614 19125.419658
884.429665 19317.084731 19322.552899
885.432639 19362.400653 19429.767537
886.435505 18296.813062 19489.191096
887.437749 18669.579623 18688.014571
888.439647 19017.520267 18469.200853
889.440533 19469.515422 18670.844168
890.444131 18856.280153 19197.331218
891.444447 19607.898897 19068.694342
892.445493 19633.998639 19514.986414
893.445575 19178.741725 19780.935378
894.446265 18636.474157 19535.732989
895.448477 18433.341366 18917.183303
896.450516 19491.886035 18385.381580
897.451500 19633.583095 18925.379167
898.451652 19273.207955 19443.277473
899.454260 19017.256293 19479.521676
900.456814 19196.070555 19254.101601
901.458791 20437.388899 19216.290933
902.460407 19142.821614 20123.319262
903.460996 17980.421271 19684.425373
904.462816 19633.512288 18457.777231
905.465442 19273.429898 18964.932433
906.467842 18991.381611 19115.593205
907.468189 18892.194539 19018.846549
908.468518 19652.181457 18889.216683
909.469289 19215.506443 19395.136402
910.471740 19053.958337 19384.851264
911.474303 19363.600168 19216.211411
912.475084 19344.595590 19323.559589
913.476070 19406.993872 19372.990390
914.478713 18763.365468 19437.405801
915.480382 18607.459867 18979.289222
916.481375 19264.373159 18579.320793
917.483878 19616.806577 18879.056316
918.485807 18749.081240 19389.578352
919.486871 19353.566701 19050.852423
920.488580 18948.381658 19259.410759
921.489371 19111.270956 19083.340130
922.490896 19420.786224 19083.732171
923.491932 19125.614260 19322.949339
924.493066 18942.357916 19245.638171
925.494033 18843.632946 19039.534351
926.494694 18751.186980 18838.144605
927.494993 19647.986705 18669.487342
928.495765 19134.361380 19278.183415
931.279139 19385.619398 19289.763280
932.279473 18841.121846 19445.146250
936.279612 18765.959721 19099.582859
937.280118 18841.097510 18805.814316
941.279414 19067.102414 18705.319738
942.279569 18781.095312 18858.520570
946.279719 18893.847557 18772.761120
947.280000 18923.425793 18816.529127
951.279016 18365.058171 18879.926415
952.279535 18838.671439 18503.724187
956.279651 19081.509081 18636.166520
957.280190 19219.639452 18935.142147
961.278539 19059.162950 19224.819473
962.278563 18876.841909 19248.005754
966.278386 18585.185111 19075.647413
967.279825 18782.889685 18721.024268
971.279046 18885.133572 18658.031337
972.279301 18942.260785 18734.432373
976.280930 18976.157369 18853.153601
977.281030 18782.652176 18960.213449
981.277049 18773.303029 18872.600458
982.277231 18834.321702 18799.295032
986.277049 18868.507584 18801.908323
987.277073 18877.392451 18836.957725
991.277049 18592.093311 18869.033541
992.277609 18681.964169 18673.186821
996.277049 18816.477826 18622.393227
997.277478 18829.013801 18712.774408
1001.277049 18457.568265 18793.292835
1002.277468 18743.411329 18563.898137
1006.277049 18920.720005 18637.000618
1007.277417 18928.689329 18833.136044
1011.277049 18892.513312 18959.076739
1012.277436 18669.209363 18987.318222
1016.277049 18911.385135 18810.259775
1017.277291 19042.425221 18868.099777
1021.277049 19511.557193 19006.121182
1022.277340 19029.144105 19436.056873
1026.277049 18561.542167 19308.089983
1027.277670 18971.955483 18823.668615
1031.277049 18727.191211 18823.736306
1032.277226 19250.366729 18677.251742
1036.277049 18994.486160 19008.875965
1037.277903 18946.512501 19043.150341
