126.004230 19247.116370 0.000000
127.005729 18799.425743 19247.116370
128.006977 18969.070303 18351.735116
129.007886 19349.327658 18367.045879
130.008736 19059.259493 18810.400384
131.009179 18015.893476 18949.258330
132.011719 18644.390765 18263.663081
133.011795 18451.231802 18330.296023
134.013286 19105.716611 18297.266956
135.014709 18734.052429 18810.107241
136.014713 19151.876516 18861.681590
137.015937 19276.161687 19168.929539
138.016531 18414.398616 19411.504137
139.016797 19397.070527 18852.633520
140.018005 19239.818056 19200.643419
141.018557 18973.679215 19305.815792
142.023839 18748.702962 19142.298414
143.026028 19853.482804 18849.652735
144.028236 18382.234846 19506.677334
145.032648 18937.446593 18818.455032
146.035112 19186.021825 18781.697645
147.035127 19541.357583 18988.687613
148.036140 19058.361504 19408.017968
149.036265 19201.992746 19288.770990
150.037617 19518.971263 19279.268561
151.040272 20192.833471 19492.932280
152.040999 19044.952252 20111.670542
153.041243 19539.854230 19580.419491
154.043127 19005.573351 19552.103639
155.043990 18833.919402 19134.172702
156.046320 18918.659933 18764.316934
157.047937 19015.135143 18660.345065
158.048137 19598.629143 18745.294255
159.051131 19385.201419 19292.849572
160.051507 19208.105691 19483.001330
161.055251 18867.148187 19420.805436
162.056894 19232.452476 19080.814424
163.058446 18835.302208 19131.380576
164.060929 19084.550927 18884.068925
165.064488 19164.257983 18935.157960
166.067638 19284.236586 19057.831012
167.067950 19074.842244 19235.758232
168.069945 19559.833536 19179.795674
169.071615 19281.808658 19489.319507
170.073053 19600.105614 19453.191272
171.075502 18730.728660 19631.004218
172.077230 19465.952918 19060.153325
173.079621 19681.036193 19243.789905
174.083668 18318.888730 19552.461405
175.087414 18948.590023 18717.330255
176.088911 19280.971031 18672.430268
177.091570 19589.291032 18968.305970
178.093386 18957.610469 19425.650086
179.096951 19078.653327 19221.471959
180.097540 20157.370091 19144.199666
181.099649 18760.379497 19898.214508
182.102071 18420.817864 19292.267879
183.104343 19254.691354 18601.651244
184.104925 19288.579640 18836.539699
185.108517 18802.706191 19083.938055
186.109610 19602.397560 18894.392542
187.113504 19786.021620 19376.466725
188.115423 18400.957167 19811.704570
189.118294 18634.578943 18984.104415
190.118541 18129.112520 18599.733858
191.120241 18867.821287 18037.160033
192.122472 19339.278857 18332.892817
193.124318 19078.128430 18968.084505
194.124674 18982.707513 19182.616116
195.128019 19387.357773 19192.194313
196.128650 19659.251003 19448.099406
197.129171 19968.686750 19764.786467
198.129819 19580.464045 20128.822941
199.130215 19478.177321 19979.640102
200.131888 19259.466252 19728.539625
201.134187 18731.633452 19376.365509
202.136260 19832.531437 18775.179036
203.137762 19348.720946 19289.372893
204.137777 18759.707263 19319.401589
205.139859 19794.675715 18899.985514
206.140229 18601.761103 19431.434253
207.144191 19302.438189 18893.283029
208.145866 19087.301497 19076.834750
209.146666 19012.924922 19063.658951
210.148287 19249.168173 19007.199257
211.151769 19976.584646 19157.583264
212.154464 19367.834592 19801.233850
213.157261 20764.546604 19710.334301
214.158891 18387.755683 20626.793609
215.162432 19893.580283 19336.868321
216.163983 19313.508424 19583.995967
217.166488 18654.726603 19349.901975
218.169217 19267.651325 18729.670226
219.169735 18919.821351 18860.511986
220.172306 18235.161078 18766.845221
221.173529 19987.929171 18244.760667
222.175908 19079.998380 19295.894562
223.178763 18760.583664 19313.522068
224.180260 19321.351917 19024.393862
225.183099 18314.933330 19234.453400
226.185120 19492.514713 18606.393858
227.187417 18710.700834 19102.684992
228.188261 19453.675772 18861.927580
229.189638 18921.419193 19260.973391
230.189892 19283.525727 19109.479458
231.190735 18621.147556 19258.297325
232.192696 18228.739150 18842.229731
233.196200 19224.027540 18284.619086
234.196917 19229.349527 18738.310071
235.197497 18746.048431 19090.576422
236.198292 18926.592365 18938.927051
237.199772 19543.188526 18950.290662
238.203050 19001.020655 19412.495013
239.207280 18996.669354 19269.644664
240.208868 18398.702072 19127.800011
241.209573 19974.837128 18575.619559
242.210023 19522.951615 19437.401253
243.211052 19311.459061 19663.736934
244.213060 19266.133358 19583.089030
245.215942 18814.043929 19440.863308
246.217267 20324.021979 18987.000888
247.217899 19240.268817 19849.313976
248.222234 19320.146115 19586.332649
249.225069 19660.474724 19428.234001
250.226871 19488.308117 19577.409162
251.227081 19120.074685 19543.638178
252.229017 18800.919320 19236.745097
253.231844 18449.457447 18814.764430
254.236305 19240.631852 18336.716414
255.237719 19401.123996 18719.258468
256.238592 19370.747116 19161.241949
257.241079 19228.666489 19419.421541
258.243434 19638.699641 19429.782261
259.243895 19014.522068 19692.208542
260.243979 19257.621472 19341.911277
261.246477 18928.358807 19267.239896
262.247677 19013.213476 18980.552600
263.249682 18354.241051 18887.801506
264.249912 18745.424367 18378.549632
265.250658 19038.683263 18411.234038
266.253185 19656.223893 18731.067995
267.253784 19807.555282 19431.044262
268.254797 18583.689925 19950.825846
269.257963 19608.971023 19256.999979
270.260362 18580.763255 19510.720355
271.260689 19273.598612 18890.987384
272.265171 19183.425440 19023.191384
273.266502 18656.508788 19084.265312
274.269258 18797.419348 18744.404819
275.270079 19864.323083 18658.183485
276.270981 20075.706475 19450.059585
277.274656 19558.533302 20108.101053
278.276233 19678.360877 20041.143264
279.276966 19985.701252 19976.882560
280.278453 20292.681221 20100.627068
281.280966 19252.949789 20364.002845
282.281261 18051.701022 19698.061754
283.282818 19733.797527 18352.876642
284.283702 19477.256308 18866.562560
285.284325 20056.588353 19147.808346
286.287446 19230.026208 19805.292263
287.289173 20004.849352 19576.936636
288.290337 19860.758943 19957.148573
289.290736 19629.310461 20051.111929
290.291299 18730.641060 19876.918999
291.291890 19495.971417 19053.918349
292.294067 18030.119617 19135.596470
293.297577 19216.272305 18167.140416
294.298844 19180.792420 18538.271706
295.301996 19274.051758 18866.727587
296.302239 18712.500153 19179.416239
297.303378 18124.256353 18938.255741
298.305037 19696.561346 18320.053745
299.307984 18304.318500 19141.232144
300.310542 19474.095656 18646.471509
301.315244 19372.304659 19190.885806
302.318599 19693.250323 19457.552170
303.321980 19254.014604 19810.282722
304.322300 18869.776959 19627.963109
305.326459 19335.713627 19155.137942
306.328584 19129.989507 19196.837614
307.332582 19037.694233 19098.113363
308.336106 18541.346667 18987.498818
309.338552 19232.208480 18572.479725
310.338869 19037.618890 18875.333274
311.339217 18749.846302 18970.036657
312.339638 19158.025250 18818.454466
313.342533 19998.426046 19031.645540
314.344804 18797.126008 19800.136602
315.348133 19148.236936 19332.979465
316.351780 19905.163526 19228.770728
317.352938 18491.627519 19724.227855
318.355599 19455.581616 18957.038330
319.357144 19237.755757 19180.056438
320.358865 18566.579229 19197.077392
321.359077 18930.217499 18712.375064
322.360764 19665.249215 18706.303644
323.364434 18707.328507 19310.520185
324.365029 18953.204918 18982.870182
325.365915 18862.779764 18934.567070
326.370186 19091.370143 18847.256110
327.370778 18721.478702 18978.924328
328.372989 19851.495499 18795.451310
329.375397 19376.496779 19532.734247
330.378895 19994.206624 19624.816988
331.379390 18485.210375 20072.060690
332.380919 18601.946955 19144.471838
333.383882 19079.319468 18603.414481
334.386545 19279.852737 18690.548306
335.387452 19855.882028 18981.707961
336.390460 19564.062842 19633.845950
337.393601 18859.193936 19796.559575
338.394714 20229.702985 19291.140524
339.396351 18291.403863 19958.326139
340.397615 19896.286071 18906.038816
341.399534 19246.875403 19429.898073
342.400770 19315.494812 19321.366699
343.402702 18408.668882 19299.942745
344.402885 19264.599738 18612.999338
345.406363 18479.107726 18860.393162
346.408463 19732.952815 18496.022709
347.408537 19982.083705 19249.992553
348.408673 19254.231999 19934.565709
349.408830 19398.504404 19742.843006
350.411170 19248.469845 19633.033207
351.414403 18589.529141 19406.970187
352.416980 18596.427030 18760.108064
353.418651 18917.470928 18399.205688
354.420029 18755.759115 18508.842760
355.422246 19403.340174 18544.534477
356.424595 18810.662569 19100.872290
357.425971 19179.972622 19010.149964
358.426095 19404.521191 19191.899491
359.429000 19309.673610 19448.203964
360.432746 19143.236860 19494.299822
361.433856 18666.724439 19346.363636
362.437027 19003.984790 18864.229533
363.438978 19727.052172 18826.731471
364.442031 18935.548645 19394.596306
365.444888 19098.539501 19168.015045
366.444916 19610.486949 19118.850957
367.446761 18791.046657 19473.151634
368.447334 18994.861402 19070.055583
369.448528 17316.223762 18951.616384
370.448609 19183.259776 17644.229809
371.450070 18553.074685 18308.812020
372.450106 19232.951209 18387.076247
373.452100 18496.233469 18977.615362
374.454215 20110.961829 18784.180577
375.456042 18908.320090 19826.522677
376.457348 19180.976586 19516.822211
377.458256 18298.671698 19414.338820
378.458612 18943.419930 18643.027900
379.459466 18955.412838 18654.844563
380.460127 19111.016937 18741.891418
381.463419 19136.777949 18955.498274
382.464655 18845.908622 19120.502127
383.466730 18848.891425 18988.921014
384.468727 19903.951731 18889.614461
385.471898 18847.675593 19621.075656
386.472016 19349.781675 19265.318168
387.472718 18682.895726 19359.608342
388.473405 19334.305469 18904.132300
389.474513 19529.460564 19109.642443
390.477106 18921.808065 19414.929592
391.477908 20167.408638 19140.466535
392.477973 19203.678582 19882.770819
393.481061 19231.015226 19602.284873
394.484010 19850.361841 19382.892811
395.487013 19425.068437 19699.737345
396.490818 19728.335379 19576.845683
397.494005 19688.837889 19704.905747
398.496239 19564.273706 19745.170069
399.497412 18887.240752 19657.796048
400.499180 18139.014142 19082.953736
401.500221 18604.266017 18185.434377
402.501090 19040.546280 18074.008545
403.501215 19380.053823 18478.070194
404.501722 19253.793014 19075.350698
405.502117 18721.646938 19355.471124
406.503344 19359.156466 19071.002253
407.504395 19508.428524 19319.561134
408.507665 19238.242068 19565.693452
409.507813 19190.548345 19471.803536
410.509419 19169.058948 19330.697919
411.511722 18922.088880 19208.990669
412.511803 19222.575573 18952.926563
413.515982 19695.244854 19042.550109
414.516331 19044.206480 19486.870209
415.516745 19498.636706 19272.845139
416.516938 18568.921220 19449.495610
417.516945 18993.000262 18852.819504
418.519951 19261.981081 18801.566162
419.523496 19056.993250 19025.533630
420.527061 18436.025694 19042.888354
421.527125 19214.733685 18589.366272
422.528847 18297.256398 18908.301080
423.532646 19612.458738 18456.268671
424.536712 18368.890783 19176.901153
425.539294 19753.596791 18713.430823
426.542781 19811.767430 19434.090154
427.544946 19319.422528 19917.924459
428.546046 19606.685022 19764.043677
429.549685 18561.958897 19791.394869
430.551972 19416.857443 18975.348410
431.553576 18451.804741 19105.151712
432.555515 18282.201647 18524.190269
433.555599 19128.049646 18088.410845
434.556463 19061.609122 18553.354833
435.559986 19213.658209 18879.670137
436.561956 18932.256857 19202.349350
437.563603 19388.743668 19155.465158
438.564008 19025.422181 19418.586095
439.565896 19409.808568 19270.194841
440.566011 19236.700521 19423.095840
441.566987 18404.313396 19366.393486
442.571487 19104.246436 18681.328724
443.572765 18835.139558 18794.492291
444.574385 18986.021114 18726.682452
445.574756 20480.095261 18833.052976
446.575420 18595.003377 20045.035883
447.578603 19586.248633 19345.973268
448.581472 19438.135082 19552.133429
449.582880 19024.562136 19552.657148
450.584715 20154.125022 19214.108781
451.587252 18671.338962 19844.620101
452.589067 19012.521954 19125.162447
453.592698 19157.472868 18907.864992
454.593570 19582.537401 18934.093691
455.594097 18712.977320 19321.851234
456.596167 19442.959219 18928.731486
457.596755 19740.413669 19225.719496
458.596758 19003.477607 19651.614268
459.598413 19239.525926 19334.059459
460.601114 19183.537981 19269.672830
461.604368 20034.248418 19187.951831
462.608344 19615.501299 19784.020697
463.608968 18754.798029 19830.551721
464.611117 20024.380399 19154.527174
465.614212 19485.745661 19668.769393
466.618109 19164.469583 19610.817200
467.619474 19215.986726 19309.616160
468.619503 18887.483564 19161.366853
469.620548 18907.313697 18854.519797
470.622479 18402.429346 18724.209810
471.624769 19204.209470 18326.167525
472.627431 19457.283479 18747.546931
473.630225 19361.313751 19262.207775
474.632331 19510.991339 19496.329828
475.634255 18790.134793 19691.895026
476.636401 17833.708244 19203.809294
477.637624 19892.080438 18139.027891
478.638645 20378.074159 19074.086423
479.639214 19717.945580 20110.609484
480.641432 19390.507577 20200.640749
481.643532 18445.023041 19879.404087
482.646831 20178.868525 18887.448226
483.649035 18590.311145 19581.248113
484.653299 19128.950699 18886.135124
485.654872 19058.177112 18868.602301
486.655968 19400.870829 18871.842799
487.659328 19438.337662 19177.066913
488.662235 18703.108724 19413.730074
489.663649 19358.630265 18986.791848
490.665160 18560.764809 19194.043110
491.666207 19334.833955 18740.416437
492.669503 19122.400743 19049.242054
493.671925 19555.586820 19115.727928
494.675127 19049.974834 19475.528627
495.675697 18922.996387 19296.234535
496.679127 19753.379032 19049.788728
497.680077 18692.671048 19517.654724
498.682348 19017.401971 19014.987810
499.682463 19746.961201 18926.623355
500.683637 19159.096436 19452.305204
501.686668 19138.153472 19347.911554
502.688010 19837.824027 19232.803727
503.691492 18677.122298 19676.340165
504.692834 18457.910107 19067.953053
505.696934 18985.373117 18501.642665
506.697611 19114.276417 18603.151589
507.702221 19974.809020 18846.138908
508.703144 18851.597950 19680.066397
509.705580 18589.258964 19328.307494
510.706545 17419.212933 18836.496418
511.710279 20197.352376 17651.246993
512.713757 18282.747678 19084.218347
513.713788 17969.574262 18643.034008
514.715374 19244.678468 18097.490194
515.717920 19607.634775 18749.067458
516.721254 19546.523009 19470.976073
517.722830 19145.955470 19820.261232
518.723748 19667.876103 19626.043601
519.726156 19146.002844 19800.353228
520.726991 20102.384267 19462.983816
521.731315 20005.005535 19932.339934
522.733754 19141.567007 20136.495027
523.735264 19467.836178 19558.121305
524.737278 19062.164278 19409.497747
525.738277 19123.827593 19045.516652
526.741814 19425.102290 18913.935496
527.742718 19939.823883 19126.573965
528.744568 18534.573467 19693.566476
529.747839 19341.191323 18984.689271
530.750123 18875.062859 19122.685110
531.752184 19036.060230 18896.713234
532.754184 19130.306358 18899.062731
533.756193 18675.899357 19005.171450
534.760242 18490.775617 18748.704286
535.761099 17936.401690 18463.426666
536.764958 19088.931915 17911.844649
537.768805 19132.500235 18506.590570
538.770382 19375.894464 18982.225106
539.773345 20006.322376 19440.156828
540.773599 19050.926446 20125.878033
541.775269 19068.137049 19722.302773
542.776584 19347.397690 19365.579014
543.776826 19237.910093 19322.302124
544.779102 18609.908755 19224.821872
545.781224 18772.107411 18708.352799
546.783886 19635.023023 18547.156243
547.784791 18789.925439 19169.982466
548.787343 19497.174433 18963.832529
549.788373 18980.689217 19347.717533
550.790677 18791.123979 19189.660348
551.795006 19216.639712 18916.215044
552.799752 19576.449699 19067.356426
553.800064 19748.146536 19450.105428
554.802524 19658.746251 19801.838625
555.802963 19509.784151 19897.231987
556.804359 20121.711627 19773.585659
557.805369 18380.261868 20104.757725
558.806857 18543.293745 18968.494914
559.809020 19106.594042 18375.579155
560.812823 19674.286027 18543.525145
561.814105 18894.340562 19194.034354
562.815552 19059.739454 19054.392777
563.816876 19497.776754 19068.608105
564.817141 18787.856822 19402.026581
565.818821 19287.814265 19060.233413
566.820450 18948.381631 19196.210763
567.821191 19164.571283 19032.525838
568.824130 19300.623590 19091.789563
569.826381 19045.366923 19241.656086
570.828734 18551.963657 19139.888722
571.830674 17968.741031 18695.322142
572.832483 19570.765954 17999.782261
573.833820 19420.336289 18845.770705
574.834775 19026.898998 19337.191491
575.835177 18934.017325 19308.610115
576.835716 19400.754152 19154.230393
577.836638 19711.028923 19372.039885
578.839153 19515.212294 19720.829276
579.841099 18250.457446 19745.911412
580.845092 18679.787675 18752.211565
581.846200 18808.881256 18451.920783
582.847950 18885.734290 18455.562301
583.851252 19034.619133 18603.352574
584.853448 19281.523750 18859.506772
585.857336 18595.882666 19216.540424
586.858280 19343.337545 18897.072269
587.859792 18881.454119 19222.631950
588.862902 19443.677714 19069.175619
589.863806 19382.442553 19367.184776
590.866889 18873.127356 19489.386217
591.867455 19403.660645 19141.764624
592.869635 19484.532977 19298.694478
593.871011 19064.700317 19464.055195
594.872559 18760.321844 19236.980504
595.873980 19142.731992 18852.089257
596.877092 19050.394908 18923.509392
597.879272 19849.363824 18944.772296
598.879538 18881.116434 19581.036088
599.882358 18446.388621 19240.064375
600.884622 20188.062852 18653.795674
601.884905 19595.646536 19615.065233
602.887473 18530.946883 19794.637181
603.888878 19137.239005 19036.150753
604.890901 19077.757191 18985.325664
605.892241 19487.033903 18953.280094
606.893377 19546.282777 19275.334117
607.894609 19660.688834 19533.722731
608.898569 18963.925859 19751.861592
609.898636 18561.699695 19315.565602
610.899274 20197.654838 18707.838048
611.901380 19447.179383 19594.406040
612.901428 19258.504329 19625.645644
613.901690 19560.112279 19455.142590
614.901815 19710.169392 19546.937461
615.901897 18906.497769 19708.671435
616.902140 19053.925271 19187.159194
617.902556 19394.984227 18966.808344
618.905461 19543.815874 19134.206367
619.907094 19042.933290 19394.723579
620.909381 19311.727561 19186.593321
621.910810 19268.030047 19248.208887
622.911998 20100.112227 19262.123204
623.915895 19579.135827 19894.618707
624.918241 19070.033530 19871.507539
625.919350 18934.583916 19405.032304
626.921171 18157.886704 18986.457783
627.922961 19076.693740 18181.679147
628.923332 18484.029702 18462.446995
629.924109 19253.424361 18311.894577
630.926729 19095.970131 18856.698143
631.928899 18575.302719 19110.190808
632.932404 19077.478406 18842.881412
633.934448 18749.939410 19018.963807
634.935114 18766.174120 18875.979407
635.935593 18319.319241 18785.153240
636.938143 19674.701005 18399.854217
637.940116 19323.425431 19203.607285
638.942725 18413.667846 19459.800568
639.945899 19010.306418 18871.485237
640.948275 18586.322901 18910.352153
641.951834 18760.699597 18636.786539
642.954152 19155.426098 18618.170345
643.958082 19219.649319 18940.539436
644.960034 18471.749289 19203.613063
645.963702 18951.668671 18778.233918
646.966161 19379.691390 18848.862724
647.967900 19150.840777 19230.895654
648.968389 17750.299158 19287.473093
649.970310 19423.823800 18231.197519
650.974840 18853.187179 18837.978623
651.977111 18612.926261 18859.853004
652.980420 18563.114231 18688.928050
653.983200 18734.203536 18547.106103
654.984380 18314.354218 18608.514140
655.987867 19630.283883 18355.753519
656.988086 19404.630162 19205.970633
657.991125 19696.776556 19567.917211
658.994102 19809.302611 19927.178534
660.248211 19394.628885 20133.603242
661.250159 18333.801152 19844.735144
662.251785 19439.667813 18792.153730
663.252295 18759.924216 18980.674874
664.253632 19745.185805 18679.875983
665.256981 18753.794515 19288.434788
666.258125 19229.530989 18963.358477
667.259986 19161.826823 19105.231687
668.260883 19266.433123 19156.464993
669.263716 18942.372509 19261.876828
670.266410 18788.041318 19072.676359
671.266530 19747.609318 18829.751769
672.267623 19038.062903 19417.537861
673.270957 18994.791033 19261.788960
674.273798 17968.955572 19095.529092
675.276221 18368.416776 18217.838048
676.279066 19424.836529 18016.367810
677.279740 18457.695477 18795.959747
678.280595 20296.809705 18617.619122
679.284166 19382.004476 19867.803570
680.286140 19523.892973 19914.043405
681.286182 19002.669690 19910.569963
682.289602 19556.252754 19421.246533
683.289832 19825.972220 19487.127904
684.292113 18188.651874 19739.639403
685.293118 19312.780465 18659.488096
686.297336 18335.114838 18844.799831
687.299124 19070.856330 18321.201636
688.299907 19473.958459 18614.686959
689.299995 19931.347390 19177.798560
690.302800 19427.084884 19876.436033
691.306334 18441.250071 19861.285730
692.306531 19608.512976 19005.784257
693.308574 18692.182107 19312.347152
694.310792 19048.829364 18852.421904
695.311799 19437.033914 18849.884774
696.312348 19121.240357 19189.505769
697.312598 18323.823752 19184.353134
698.313556 19448.345056 18567.936169
699.314343 19197.822273 19042.090561
700.314525 19524.806183 19192.839292
701.317429 18938.397215 19514.697336
702.321102 19461.870519 19238.346843
703.322673 18695.183332 19417.789168
704.324539 19082.696272 18943.515278
705.325435 19618.117095 18934.930052
706.327709 18832.011514 19369.144611
707.331275 18380.565084 19058.915825
708.332383 18619.345272 18508.490532
709.333399 19536.470574 18380.381665
710.335934 18401.637793 19063.912110
711.336695 20199.964860 18672.692362
712.339677 18939.877244 19758.064146
713.342282 19382.967789 19466.159505
714.345541 19275.491884 19520.954528
715.348699 18551.397369 19433.248426
716.351023 19778.970898 18806.885353
717.351415 18487.949037 19350.511967
718.352533 19871.921747 18761.173611
719.353922 19936.332420 19436.177822
720.355393 19080.306357 19930.923914
721.355558 18864.981532 19537.629539
722.356471 18681.964781 19065.157937
723.360900 19797.166552 18641.615472
724.362443 18567.723568 19276.332895
725.365223 19577.795042 18801.817782
726.368911 19330.964873 19263.590278
727.370862 19528.561017 19387.905090
728.371973 19397.783689 19584.024550
729.373948 19045.932017 19570.135401
730.375905 18908.054476 19256.214144
731.377490 18897.914733 18943.274828
732.378578 19299.000751 18770.395275
733.382084 19320.872772 19016.649876
734.384103 19636.786908 19226.768912
735.388047 19212.700797 19592.289996
736.389188 18642.596915 19468.110183
737.391615 18821.362193 18914.590019
738.393936 18241.091273 18703.905619
739.396109 19230.085297 18192.724372
740.398775 19561.554445 18690.970993
741.402956 18194.613554 19323.474740
742.405654 18790.578318 18674.040872
743.407011 19313.021906 18676.440681
744.407752 19953.082431 19098.007686
745.410656 20265.448582 19842.590137
746.413332 18970.291712 20476.779050
747.414314 17942.412380 19769.673236
748.415628 20030.180283 18445.365450
749.419405 18573.254723 19223.299216
750.419578 19652.817255 18721.292196
751.423152 19581.970723 19242.951217
752.424081 19695.374298 19553.112338
753.425472 19699.637917 19800.460175
754.428411 19521.899009 19901.060339
755.431685 19494.081899 19767.700635
756.431950 19645.944945 19618.707544
757.434377 18196.119429 19626.951871
758.435431 19455.577305 18548.453166
759.438552 19551.001307 18865.713787
760.442027 19840.443963 19243.377978
761.443383 19685.373707 19726.197898
762.444624 20062.870507 19879.866682
763.445173 18676.673621 20191.200431
764.446538 19126.026509 19275.137160
765.449200 18506.620486 19004.504305
766.452166 19004.233075 18435.013912
767.454033 18350.910089 18541.379800
768.457317 19340.846138 18220.283823
769.457700 19273.398203 18834.844438
770.457791 19322.611621 19218.039220
771.461250 19027.736326 19460.386420
772.464861 20291.216794 19325.959849
773.466363 18729.334837 20131.801033
774.469253 18425.132598 19403.164098
775.471551 20444.022674 18642.236636
776.474701 19425.504069 19721.664452
777.477056 20106.730785 19678.078963
778.479028 19057.183737 20104.062531
779.480136 19128.883379 19530.561093
780.481969 21048.244181 19179.240766
781.485758 19173.342800 20430.511857
782.488106 17970.679977 19804.404448
783.490470 18791.668605 18431.588215
784.492834 19448.907166 18245.694509
785.493826 19351.188747 18782.170101
786.494502 19218.475911 19143.803349
787.495737 19974.068777 19276.931696
788.500575 18875.126587 19895.576572
789.503859 18294.046680 19400.315419
790.506523 19705.457524 18585.577705
791.507551 19904.123039 19163.884224
792.507862 18384.704637 19737.429945
793.507881 19246.558352 18926.312277
794.508578 19160.907422 19031.741820
795.508942 18752.830769 19073.922527
796.509603 20172.659359 18810.701614
797.510068 19204.535274 19729.494889
798.511772 19721.041660 19573.589580
799.512197 19169.049871 19790.753139
800.514510 18633.530529 19467.913207
801.516892 19755.898522 18830.137900
802.521878 19111.600540 19303.874399
803.524281 18719.578176 19170.525192
804.527293 19267.591650 18795.102653
805.528943 19509.702837 18999.520370
806.529890 19616.134805 19350.330438
807.532518 19533.730255 19645.402548
808.534307 19724.000180 19723.818255
809.535361 18742.663212 19858.206552
810.535841 19048.549816 19155.846381
811.539626 19188.741597 18930.785457
812.543319 19530.783945 18952.839920
813.543890 18641.074174 19279.374332
814.544766 18369.401037 18838.211613
815.545740 18665.401409 18364.591041
816.548990 18513.913608 18350.983533
817.552631 19135.143263 18309.168397
818.554168 19166.407839 18805.369373
819.555253 19620.672943 19159.361766
820.556949 19105.888639 19678.818308
821.559748 19056.158518 19537.922010
822.561153 19366.921596 19322.167927
823.563837 19183.030740 19380.860843
824.564470 18596.239902 19268.804346
825.565602 18710.651245 18751.239568
826.567815 18949.266961 18539.515770
827.571816 19541.638030 18655.399527
828.572893 19158.976241 19231.086565
829.575848 18931.951366 19309.571609
830.577350 18785.584335 19140.896632
831.577440 18999.585393 18894.547555
832.578428 18564.745360 18904.633004
833.580532 19324.716965 18607.283802
834.582701 19869.892168 19017.953294
835.585272 19366.765904 19708.860360
836.587628 19235.518279 19717.227147
837.590083 19210.536365 19535.359510
838.591563 19135.745722 19350.728949
839.592661 19325.444090 19167.272540
840.594693 19196.920965 19209.936407
841.597301 19845.606932 19163.752918
842.598465 19534.152246 19635.467660
843.601684 18867.557870 19690.268834
844.602516 19301.979306 19178.694493
845.606635 18934.857290 19170.939243
846.608039 18974.275800 18924.480122
847.608508 19561.471870 18833.408736
848.610183 18962.400472 19263.486861
849.613291 19028.487187 19103.718628
850.616627 19938.068136 19038.070009
851.616880 18492.439924 19685.035705
852.621223 19307.625341 18987.555502
853.624656 19422.995649 19126.425569
854.625602 18261.154131 19327.688276
855.628600 20212.531442 18580.765335
856.629445 20127.243001 19590.934046
857.632818 19795.592664 20187.451421
858.634121 19360.246157 20221.920250
859.635426 19688.323025 19806.062888
860.638646 19459.963955 19732.737675
861.640652 19760.775150 19513.702103
862.641122 18955.998422 19616.358176
863.641764 18830.115233 19100.207911
864.642237 19637.330137 18711.668014
865.642990 18499.034443 19152.421048
866.645923 19225.732400 18640.303067
867.647250 18216.277690 18893.950388
868.649661 19489.836394 18346.628520
869.650916 19102.210113 18995.548906
870.654256 18612.036030 19152.861260
871.657490 19169.302069 18851.224088
872.660079 19673.395005 19058.558017
873.661764 19270.210568 19567.980696
874.664294 19502.941224 19546.657285
875.665094 18678.443045 19641.431893
876.667319 19848.776873 19035.822895
877.667525 19606.628362 19521.423804
878.668169 18899.204156 19664.451143
879.671967 19358.539729 19190.940962
880.673181 19748.345458 19225.753350
881.675130 18655.810125 19568.710436
882.677874 18695.076499 18965.696234
883.678331 19080.079164 18616.167387
884.679526 19758.273989 18749.882240
885.680452 19271.397274 19407.935016
886.681771 19815.101950 19459.388611
887.681939 20282.410316 19845.896082
888.682046 19364.784767 20381.932559
890.245977 21571.489950 19936.851074
891.247030 18499.780839 21226.322642
892.249168 18923.384924 19653.568420
895.248813 18623.831232 18896.447478
896.251126 18953.068667 18299.956099
897.252487 19821.772125 18329.607270
898.252754 18211.651053 19151.825798
900.247389 20252.914163 18522.830839
901.248634 19406.990064 19661.485746
902.249294 19336.495389 19744.227229
903.249950 20118.936176 19648.417674
905.246520 19823.467245 20109.362915
906.248321 19444.929327 20120.627152
907.250636 19134.587333 19768.065856
908.252842 19403.093478 19278.244580
910.247173 19529.566799 19198.799239
911.249453 19509.252326 19305.005119
912.252003 19529.750891 19399.012624
913.252248 19443.057653 19488.950226
915.247162 18177.188073 19479.099264
916.248259 19255.401430 18515.761196
917.249691 19055.149141 18758.108899
918.250853 19413.770385 18853.416666
920.246435 19068.948555 19220.469602
921.247368 18737.862978 19193.704892
922.248088 18607.494600 18900.819271
925.245097 19566.564971 18615.861103
926.245718 18756.250053 19190.593172
927.248458 19265.809977 18964.215967
930.247069 18309.893638 19181.205829
931.248209 18738.652948 18593.914543
935.243844 19411.804653 18550.833156
936.244278 18909.442300 19081.111189
940.243758 19853.930198 19052.151807
941.243814 18865.499378 19710.360663
945.243277 18998.707172 19334.034359
946.243572 18991.076370 19128.643308
950.244365 19445.651754 18987.740646
951.244788 18727.801262 19259.054785
955.245226 19267.184607 18902.973227
956.245379 18733.338787 19085.676966
960.243772 19656.925455 18822.021381
961.244112 18590.268043 19360.712940
965.245203 18496.858537 18904.118790
966.245399 18894.797473 18527.301898
970.244767 18566.065949 18629.736814
971.244847 18730.756216 18500.670794
975.243923 18029.845690 18576.004273
976.243929 18902.615612 18126.676104
980.242699 18361.596987 18532.381857
985.242699 18854.300758 18422.029204
990.242699 18685.839824 18721.272652
995.242699 18883.412219 18777.805701
1000.242699 18696.068721 18931.260053
1005.242699 18824.657928 18855.517647
