2 5120 2.603822 0.167638 1.000000 0.000000 2.718282 2.718282 2.718282
# threash 5120000 5120000 5120000 5120000 5120000
3 5120 4.076522 0.100742 1.000000 0.000000 2.718282 2.718282 2.718282
# threash 5120000 5120000 5120000 5120000 5120000
4 5120 6.139879 0.083498 1.000000 0.000000 2.718282 2.718282 2.718282
# threash 5120000 5120000 5120000 5120000 5120000
5 5120 11.139879 0.090595 1.000000 0.000000 2.718282 2.718282 2.718282
# threash 5120000 5120000 5120000 5120000 5120000
6 5120 16.139879 0.092121 1.000000 0.000000 2.718282 2.718282 2.718282
# threash 5120000 5120000 5120000 5120000 5120000
7 5120 21.139879 0.092271 1.000000 0.000000 2.718282 2.718282 2.718282
# threash 5120000 5120000 5120000 5120000 5120000
8 5120 26.139879 0.091045 1.000000 0.000000 2.718282 2.718282 2.718282
# threash 5120000 5120000 5120000 5120000 5120000
9 5120 31.139879 0.090870 1.000000 0.000000 2.718282 2.718282 2.718282
# threash 5120000 5120000 5120000 5120000 5120000
10 5120 36.140430 0.179040 1.000000 0.000000 2.718282 2.718282 2.718282
# threash 5120000 5120000 5120000 5120000 5120000
11 5120 41.139879 0.178292 1.000000 0.000000 2.718282 2.718282 2.718282
# threash 5120000 5120000 5120000 5120000 5120000
12 5120 46.139879 0.186562 1.000000 0.000000 2.718282 2.718282 2.718282
# threash 5120000 5120000 5120000 5120000 5120000
13 5120 51.139879 0.188388 1.000000 0.000000 2.718282 2.718282 2.718282
# threash 5120000 5120000 5120000 5120000 5120000
14 5120 56.139879 0.178106 1.000000 0.000000 2.718282 2.718282 2.718282
# threash 5120000 5120000 5120000 5120000 5120000
15 5120 61.139879 0.184471 1.000000 0.000000 2.718282 2.718282 2.718282
# threash 5120000 5120000 5120000 5120000 5120000
16 5120 66.140157 0.272210 1.000000 0.000000 2.718282 2.718282 2.718282
# threash 5120000 5120000 5120000 5120000 5120000
17 5120 71.140690 0.264122 1.000000 0.000000 2.718282 2.718282 2.718282
# threash 5120000 5120000 5120000 5120000 5120000
18 5120 76.139879 0.276787 1.000000 0.000000 2.718282 2.718282 2.718282
# threash 5120000 5120000 5120000 5120000 5120000
19 5120 81.140561 0.264654 1.000000 0.000000 2.718282 2.718282 2.718282
# threash 5120000 5120000 5120000 5120000 5120000
20 5120 86.139879 0.274649 1.000000 0.000000 2.718282 2.718282 2.718282
# threash 5120000 5120000 5120000 5120000 5120000
21 5120 91.139879 0.273169 1.000000 0.000000 2.718282 2.718282 2.718282
# threash 5120000 5120000 5120000 5120000 5120000
22 5120 96.140121 0.352156 1.000000 0.000000 2.718282 2.718282 2.718282
# threash 5120000 5120000 5120000 5120000 5120000
23 5120 101.141090 0.354374 1.000000 0.000000 2.718282 2.718282 2.718282
# threash 5120000 5120000 5120000 5120000 5120000
24 5120 106.958614 0.390303 1.000000 0.000000 2.718282 2.718282 2.718282
# threash 5120000 5120000 5120000 5120000 5120000
25 5120 112.630472 0.397454 1.000000 0.000000 2.718282 2.718282 2.718282
# threash 5120000 5120000 5120000 5120000 5120000
26 5120 118.372916 0.443828 1.000000 0.000000 2.718282 2.718282 2.718282
# threash 5120000 5120000 5120000 5120000 5120000
27 5120 124.132749 0.451738 1.000000 0.000000 2.718282 2.718282 2.718282
# threash 5120000 5120000 5120000 5120000 5120000
28 5120 131.111262 0.595593 0.850000 0.000000 0.783877 0.783877 0.783877
# threash 4352000 4352000 4352000 4352000 4352000
29 5120 137.125323 0.624749 0.850000 1.080984 0.772566 0.772566 0.772566
# threash 4352000 4352000 4352000 4352000 4352000
30 5120 143.326869 0.582837 0.650000 1.095518 0.183140 0.183140 0.183140
# threash 3328000 3328000 3328000 3328000 3328000
31 5120 148.035144 0.525833 0.650000 2.266719 0.157678 0.157678 0.057533
# threash 3328000 3584000 3328000 3328000 3584000
32 5120 152.662083 0.505314 0.650000 2.344987 0.136599 0.136599 0.055617
# threash 3328000 3840000 3328000 3328000 3840000
33 5120 157.638694 0.602244 0.650000 2.426590 0.125360 0.125360 0.049022
# threash 3328000 3840000 3328000 3328000 3840000
34 5120 163.308142 0.598947 0.600000 2.512450 0.032198 0.032198 0.032198
# threash 3072000 3072000 3072000 3072000 3072000
35 5120 168.431657 0.643351 0.600000 3.925032 0.027257 0.027257 0.027257
# threash 3072000 3072000 3072000 3072000 3072000
36 5120 173.727325 0.652922 0.600000 4.091608 0.022832 0.022832 0.022832
# threash 3072000 3072000 3072000 3072000 3072000
37 5120 178.854745 0.658380 0.600000 4.268786 0.879295 0.879295 0.879295
# threash 3072000 3072000 3072000 3072000 3072000
38 5120 184.033959 0.679345 0.600000 0.617809 0.939319 0.939319 0.939319
# threash 3072000 3072000 3072000 3072000 3072000
39 5120 189.199884 0.681606 0.600000 0.551775 1.246081 1.246081 1.246081
# threash 3072000 3072000 3072000 3072000 3072000
40 5120 194.355109 0.695967 0.600000 0.269171 1.317292 1.317292 1.317292
# threash 3072000 3072000 3072000 3072000 3072000
41 5120 199.539457 0.581084 0.450000 0.213596 0.867630 0.867630 0.867630
# threash 2304000 2304000 2304000 2304000 2304000
42 5120 203.447088 0.454259 0.450000 0.171741 0.817554 0.817554 1.151332
# threash 2304000 2816000 2304000 2304000 2816000
43 5120 208.154060 0.548714 0.550000 0.261243 1.062756 1.062756 1.168638
# threash 2816000 3072000 2816000 2816000 3072000
44 5120 213.407609 0.609524 0.600000 0.333335 1.190712 1.190712 1.190712
# threash 3072000 3072000 3072000 3072000 3072000
45 5120 218.577924 0.645378 0.600000 0.314623 1.310747 1.310747 1.310747
# threash 3072000 3072000 3072000 3072000 3072000
46 5120 223.769944 0.654174 0.600000 0.218577 1.310747 1.310747 1.310747
# threash 3072000 3072000 3072000 3072000 3072000
47 5120 228.816983 0.651538 0.600000 0.218577 1.310747 1.310747 1.310747
# threash 3072000 3072000 3072000 3072000 3072000
48 5120 233.989183 0.667101 0.600000 0.218577 1.310747 1.310747 1.310747
# threash 3072000 3072000 3072000 3072000 3072000
49 5120 239.230991 0.674424 0.600000 0.218577 1.310747 1.310747 1.310747
# threash 3072000 3072000 3072000 3072000 3072000
50 5120 244.428095 0.560448 0.450000 0.218577 0.559931 0.559931 0.559931
# threash 2304000 2304000 2304000 2304000 2304000
51 5120 248.334804 0.454886 0.450000 0.390717 0.644675 0.644675 0.917934
# threash 2304000 2816000 2304000 2304000 2816000
52 5120 253.134060 0.579543 0.550000 0.487793 1.014814 1.014814 1.014814
# threash 2816000 2816000 2816000 2816000 2816000
53 5120 257.799261 0.548821 0.550000 0.387458 1.096658 1.096658 1.206771
# threash 2816000 3072000 2816000 2816000 3072000
54 5120 262.931290 0.566999 0.600000 0.301226 1.304602 1.304602 1.304602
# threash 3072000 3072000 3072000 3072000 3072000
55 5120 268.178817 0.619480 0.600000 0.223277 1.304602 1.304602 1.304602
# threash 3072000 3072000 3072000 3072000 3072000
56 4864 273.307712 0.665367 0.631579 0.223277 1.373265 1.373265 1.373265
# threash 3072000 3072000 3072000 3072000 3072000
57 4864 278.597189 0.648238 0.631579 0.223277 1.373265 1.373265 1.373265
# threash 3072000 3072000 3072000 3072000 3072000
58 4864 283.826498 0.671622 0.631579 0.223277 1.373265 1.373265 1.373265
# threash 3072000 3072000 3072000 3072000 3072000
59 4864 289.030456 0.588641 0.526316 0.223277 1.024183 1.024183 1.024183
# threash 2560000 2560000 2560000 2560000 2560000
60 4864 293.369358 0.513644 0.526316 0.334251 0.912103 0.912103 1.038175
# threash 2560000 2816000 2560000 2560000 2816000
61 4864 298.032589 0.532325 0.578947 0.415992 1.042390 1.042390 1.132554
# threash 2816000 3072000 2816000 2816000 3072000
62 4608 303.145145 0.639068 0.666667 0.415992 1.452770 1.452770 1.452770
# threash 3072000 3072000 3072000 3072000 3072000
63 4608 308.217828 0.640935 0.666667 0.221063 1.463278 1.463278 1.463278
# threash 3072000 3072000 3072000 3072000 3072000
64 4608 313.158404 0.588506 0.666667 0.213856 1.556737 1.556737 1.556737
# threash 3072000 3072000 3072000 3072000 3072000
65 4608 318.132980 0.571748 0.666667 0.151943 1.556737 1.556737 1.556737
# threash 3072000 3072000 3072000 3072000 3072000
66 4608 323.243756 0.620606 0.666667 0.151943 1.556737 1.556737 1.556737
# threash 3072000 3072000 3072000 3072000 3072000
67 4608 328.335952 0.618607 0.666667 0.151943 1.556737 1.556737 1.556737
# threash 3072000 3072000 3072000 3072000 3072000
68 4608 333.410990 0.590542 0.666667 0.151943 1.556737 1.556737 1.556737
# threash 3072000 3072000 3072000 3072000 3072000
69 4608 338.437248 0.614892 0.666667 0.151943 1.556737 1.556737 1.556737
# threash 3072000 3072000 3072000 3072000 3072000
70 4352 343.619959 0.648101 0.705882 0.151943 1.733943 1.733943 1.733943
# threash 3072000 3072000 3072000 3072000 3072000
71 4352 348.803712 0.657394 0.705882 0.101295 1.874788 1.874788 1.874788
# threash 3072000 3072000 3072000 3072000 3072000
72 4352 353.912339 0.680097 0.705882 0.023198 1.918787 1.918787 1.918787
# threash 3072000 3072000 3072000 3072000 3072000
73 4352 358.997568 0.641604 0.705882 0.000000 1.918787 1.918787 1.918787
# threash 3072000 3072000 3072000 3072000 3072000
74 4352 364.107743 0.689253 0.705882 0.000000 1.918787 1.918787 1.918787
# threash 3072000 3072000 3072000 3072000 3072000
75 4352 369.207658 0.665944 0.705882 0.000000 1.918787 1.918787 1.918787
# threash 3072000 3072000 3072000 3072000 3072000
76 4352 374.440185 0.549749 0.529412 0.000000 1.341039 1.341039 1.341039
# threash 2304000 2304000 2304000 2304000 2304000
77 4352 378.194600 0.433327 0.529412 0.070566 1.016933 1.016933 1.666225
# threash 2304000 3072000 2304000 2304000 3072000
78 4352 383.277285 0.612562 0.705882 0.141133 1.666225 1.666225 1.666225
# threash 3072000 3072000 3072000 3072000 3072000
79 4352 388.334126 0.641202 0.705882 0.141133 1.666225 1.666225 1.666225
# threash 3072000 3072000 3072000 3072000 3072000
80 4352 393.439723 0.610372 0.705882 0.141133 1.666225 1.666225 1.666225
# threash 3072000 3072000 3072000 3072000 3072000
81 4096 398.579493 0.643620 0.750000 0.141133 1.770364 1.770364 1.770364
# threash 3072000 3072000 3072000 3072000 3072000
82 4096 403.599689 0.607835 0.750000 0.141133 1.770364 1.770364 1.770364
# threash 3072000 3072000 3072000 3072000 3072000
83 4096 408.626155 0.656831 0.750000 0.141133 1.770364 1.770364 1.770364
# threash 3072000 3072000 3072000 3072000 3072000
84 4096 413.701197 0.622114 0.750000 0.141133 1.770364 1.770364 1.770364
# threash 3072000 3072000 3072000 3072000 3072000
85 4096 418.707850 0.637344 0.750000 0.141133 1.770364 1.770364 1.770364
# threash 3072000 3072000 3072000 3072000 3072000
86 4096 423.856921 0.635104 0.750000 0.141133 1.770364 1.770364 1.770364
# threash 3072000 3072000 3072000 3072000 3072000
87 4096 428.941919 0.676950 0.750000 0.141133 1.899805 1.899805 1.899805
# threash 3072000 3072000 3072000 3072000 3072000
88 4096 434.074385 0.681758 0.750000 0.070566 2.038711 2.038711 2.038711
# threash 3072000 3072000 3072000 3072000 3072000
89 4096 439.059781 0.679345 0.750000 0.000000 2.038711 2.038711 2.038711
# threash 3072000 3072000 3072000 3072000 3072000
90 4096 444.033865 0.661926 0.750000 0.000000 2.038711 2.038711 2.038711
# threash 3072000 3072000 3072000 3072000 3072000
91 4096 449.160389 0.596320 0.625000 0.000000 1.621383 1.621383 1.621383
# threash 2560000 2560000 2560000 2560000 2560000
92 4096 453.391824 0.525775 0.625000 0.046717 1.455262 1.455262 1.688788
# threash 2560000 2816000 2560000 2560000 2816000
93 4096 458.089005 0.553133 0.687500 0.101295 1.679303 1.679303 1.679303
# threash 2816000 2816000 2816000 2816000 2816000
94 4096 462.745016 0.520806 0.687500 0.106928 1.539476 1.539476 1.736595
# threash 2816000 3072000 2816000 2816000 3072000
95 4096 467.894115 0.566163 0.750000 0.160392 1.736595 1.736595 1.736595
# threash 3072000 3072000 3072000 3072000 3072000
96 4096 472.966022 0.598597 0.750000 0.160392 1.736595 1.736595 1.736595
# threash 3072000 3072000 3072000 3072000 3072000
97 3840 478.102012 0.627707 0.800000 0.160392 1.852368 1.852368 1.852368
# threash 3072000 3072000 3072000 3072000 3072000
98 3840 483.254222 0.617860 0.800000 0.160392 1.852368 1.852368 1.852368
# threash 3072000 3072000 3072000 3072000 3072000
99 3840 488.510663 0.643081 0.800000 0.160392 1.852368 1.852368 1.852368
# threash 3072000 3072000 3072000 3072000 3072000
100 3840 493.627839 0.642006 0.800000 0.160392 1.852368 1.852368 1.852368
# threash 3072000 3072000 3072000 3072000 3072000
101 3840 498.791292 0.664647 0.800000 0.160392 1.852368 1.852368 1.852368
# threash 3072000 3072000 3072000 3072000 3072000
102 3840 503.967476 0.634056 0.800000 0.160392 1.954098 1.954098 1.954098
# threash 3072000 3072000 3072000 3072000 3072000
103 3840 508.981446 0.690492 0.800000 0.106928 2.107199 2.107199 2.107199
# threash 3072000 3072000 3072000 3072000 3072000
104 3584 514.013826 0.684645 0.857143 0.031497 2.276528 2.276528 2.276528
# threash 3072000 3072000 3072000 3072000 3072000
105 3584 519.198883 0.694708 0.857143 0.023198 2.329956 2.329956 2.329956
# threash 3072000 3072000 3072000 3072000 3072000
106 3584 524.407626 0.565538 0.642857 0.000000 1.628405 1.628405 1.628405
# threash 2304000 2304000 2304000 2304000 2304000
107 3584 528.171928 0.460248 0.642857 0.070566 1.321977 1.321977 1.846183
# threash 2304000 2816000 2304000 2304000 2816000
108 3584 532.885208 0.525079 0.785714 0.145718 1.693256 1.693256 1.872496
# threash 2816000 3072000 2816000 2816000 3072000
109 3584 538.017142 0.605917 0.857143 0.218577 1.872496 1.872496 1.872496
# threash 3072000 3072000 3072000 3072000 3072000
110 3328 543.168069 0.624010 0.923077 0.218577 2.016534 2.016534 2.016534
# threash 3072000 3072000 3072000 3072000 3072000
111 3328 548.367753 0.600000 0.923077 0.218577 2.016534 2.016534 2.016534
# threash 3072000 3072000 3072000 3072000 3072000
112 3328 553.491849 0.621988 0.923077 0.218577 2.016534 2.016534 2.016534
# threash 3072000 3072000 3072000 3072000 3072000
113 3328 558.576470 0.645243 0.923077 0.218577 2.016534 2.016534 2.016534
# threash 3072000 3072000 3072000 3072000 3072000
114 3328 563.653264 0.648238 0.923077 0.218577 2.016534 2.016534 2.016534
# threash 3072000 3072000 3072000 3072000 3072000
115 3072 568.808950 0.654313 1.000000 0.218577 2.184579 2.184579 2.184579
# threash 3072000 3072000 3072000 3072000 3072000
116 3072 573.991602 0.677398 1.000000 0.218577 2.184579 2.184579 2.184579
# threash 3072000 3072000 3072000 3072000 3072000
117 3072 579.189710 0.597991 0.833333 0.218577 1.764586 1.764586 1.764586
# threash 2560000 2560000 2560000 2560000 2560000
118 3072 583.430557 0.498928 0.833333 0.249762 1.681880 1.681880 2.335105
# threash 2560000 3072000 2560000 2560000 3072000
119 3072 588.583271 0.664647 1.000000 0.151943 2.475805 2.475805 2.475805
# threash 3072000 3072000 3072000 3072000 3072000
120 3072 593.771685 0.653617 1.000000 0.093434 2.475805 2.475805 2.475805
# threash 3072000 3072000 3072000 3072000 3072000
121 3072 598.967592 0.666811 1.000000 0.093434 2.475805 2.475805 2.475805
# threash 3072000 3072000 3072000 3072000 3072000
122 3072 604.080425 0.656410 1.000000 0.093434 2.475805 2.475805 2.475805
# threash 3072000 3072000 3072000 3072000 3072000
123 3072 609.257267 0.560584 0.750000 0.093434 1.592437 1.592437 1.592437
# threash 2304000 2304000 2304000 2304000 2304000
124 2816 613.162002 0.456599 0.818182 0.247052 1.357326 1.357326 1.948352
# threash 2304000 2816000 2304000 2304000 2816000
125 2816 617.873966 0.539670 1.000000 0.333016 2.500940 2.500940 2.500940
# threash 2816000 3072000 2816000 2816000 2816000
126 2816 622.573325 0.539464 1.000000 0.334251 2.500940 2.500940 2.500940
# threash 2816000 3072000 2816000 2816000 2816000
127 2816 627.278876 0.463234 1.000000 0.332794 2.193974 2.193974 2.193974
# threash 2816000 3584000 2816000 2816000 2816000
128 2816 632.078698 0.521578 1.000000 0.328607 2.193974 2.193974 2.193974
# threash 2816000 3584000 2816000 2816000 2816000
129 2816 636.759173 0.447410 1.000000 0.241181 2.193974 2.193974 2.193974
# threash 2816000 3584000 2816000 2816000 2816000
130 2816 641.509008 0.452224 1.000000 0.147406 2.193974 2.193974 2.193974
# threash 2816000 3584000 2816000 2816000 2816000
131 2816 646.243494 0.442628 1.000000 0.143192 2.193974 2.193974 2.193974
# threash 2816000 3584000 2816000 2816000 2816000
132 2816 651.064677 0.452952 1.000000 0.137015 2.193974 2.193974 2.193974
# threash 2816000 3584000 2816000 2816000 2816000
133 2816 655.749220 0.436319 1.000000 0.128565 2.082009 2.082009 2.082009
# threash 2816000 3840000 2816000 2816000 2816000
134 2816 660.513719 0.425957 1.000000 0.117296 2.082009 2.082009 2.082009
# threash 2816000 3840000 2816000 2816000 2816000
135 2816 665.298206 0.416753 1.000000 0.051030 2.082009 2.082009 2.082009
# threash 2816000 3840000 2816000 2816000 2816000
136 2816 670.066279 0.402458 1.000000 0.000000 1.988737 1.988737 1.988737
# threash 2816000 4096000 2816000 2816000 2816000
137 2816 674.816019 0.384070 1.000000 0.000000 1.909915 1.909915 1.909915
# threash 2816000 4352000 2816000 2816000 2816000
138 2816 679.564277 0.390948 1.000000 0.000000 1.909915 1.909915 1.909915
# threash 2816000 4352000 2816000 2816000 2816000
139 2816 684.306133 0.357905 1.000000 0.000000 1.842477 1.842477 1.842477
# threash 2816000 4608000 2816000 2816000 2816000
140 2816 688.910999 0.356185 1.000000 0.000000 1.842477 1.842477 1.842477
# threash 2816000 4608000 2816000 2816000 2816000
141 2816 693.632028 0.356365 1.000000 0.000000 1.842477 1.842477 1.842477
# threash 2816000 4608000 2816000 2816000 2816000
142 2816 698.409998 0.340343 1.000000 0.000000 1.784159 1.784159 1.784159
# threash 2816000 4864000 2816000 2816000 2816000
143 2816 703.094392 0.352705 1.000000 0.000000 1.784159 1.784159 1.784159
# threash 2816000 4864000 2816000 2816000 2816000
144 2816 707.667060 0.326304 1.000000 0.000000 1.733253 1.733253 1.733253
# threash 2816000 5120000 2816000 2816000 2816000
145 2816 712.400646 0.338706 1.000000 0.000000 1.733253 1.733253 1.733253
# threash 2816000 5120000 2816000 2816000 2816000
146 2816 717.178954 0.320839 1.000000 0.000000 1.733253 1.733253 1.733253
# threash 2816000 5120000 2816000 2816000 2816000
147 2816 721.866293 0.298463 1.000000 0.000000 1.733253 1.733253 1.733253
# threash 2816000 5120000 2816000 2816000 2816000
148 2816 726.624955 0.325248 1.000000 0.000000 1.733253 1.733253 1.733253
# threash 2816000 5120000 2816000 2816000 2816000
149 2816 731.219164 0.276458 1.000000 0.000000 1.733253 1.733253 1.733253
# threash 2816000 5120000 2816000 2816000 2816000
150 2816 736.140928 0.299606 1.000000 0.000000 1.733253 1.733253 1.733253
# threash 2816000 5120000 2816000 2816000 2816000
151 2816 741.141156 0.305821 1.000000 0.000000 1.733253 1.733253 1.733253
# threash 2816000 5120000 2816000 2816000 2816000
152 2816 746.141504 0.288613 1.000000 0.000000 1.733253 1.733253 1.733253
# threash 2816000 5120000 2816000 2816000 2816000
153 2816 751.141985 0.287376 1.000000 0.000000 1.733253 1.733253 1.733253
# threash 2816000 5120000 2816000 2816000 2816000
154 2816 756.139992 0.316725 1.000000 0.000000 1.733253 1.733253 1.733253
# threash 2816000 5120000 2816000 2816000 2816000
155 2816 761.140562 0.290369 1.000000 0.000000 1.733253 1.733253 1.733253
# threash 2816000 5120000 2816000 2816000 2816000
156 2816 766.140499 0.286383 1.000000 0.000000 1.733253 1.733253 1.733253
# threash 2816000 5120000 2816000 2816000 2816000
157 2816 771.139879 0.295178 1.000000 0.000000 1.733253 1.733253 1.733253
# threash 2816000 5120000 2816000 2816000 2816000
158 2816 776.140456 0.291632 1.000000 0.000000 1.733253 1.733253 1.733253
# threash 2816000 5120000 2816000 2816000 2816000
159 2816 781.139879 0.292967 1.000000 0.000000 1.733253 1.733253 1.733253
# threash 2816000 5120000 2816000 2816000 2816000
160 2816 786.139879 0.304531 1.000000 0.000000 1.733253 1.733253 1.733253
# threash 2816000 5120000 2816000 2816000 2816000
161 2816 791.139879 0.297329 1.000000 0.000000 1.733253 1.733253 1.733253
# threash 2816000 5120000 2816000 2816000 2816000
162 2816 796.140087 0.292056 1.000000 0.000000 1.733253 1.733253 1.733253
# threash 2816000 5120000 2816000 2816000 2816000
163 2816 801.139879 0.297958 1.000000 0.000000 1.733253 1.733253 1.733253
# threash 2816000 5120000 2816000 2816000 2816000
164 2816 806.141496 0.298273 1.000000 0.000000 1.733253 1.733253 1.733253
# threash 2816000 5120000 2816000 2816000 2816000
165 2816 811.139879 0.306921 1.000000 0.000000 1.733253 1.733253 1.733253
# threash 2816000 5120000 2816000 2816000 2816000
166 2816 816.141185 0.298463 1.000000 0.000000 1.733253 1.733253 1.733253
# threash 2816000 5120000 2816000 2816000 2816000
167 2816 821.139898 0.292784 1.000000 0.000000 1.733253 1.733253 1.733253
# threash 2816000 5120000 2816000 2816000 2816000
168 2816 826.140369 0.294715 1.000000 0.000000 1.733253 1.733253 1.733253
# threash 2816000 5120000 2816000 2816000 2816000
169 2816 831.141511 0.297643 1.000000 0.000000 1.733253 1.733253 1.733253
# threash 2816000 5120000 2816000 2816000 2816000
170 2816 836.139879 0.296859 1.000000 0.000000 1.733253 1.733253 1.733253
# threash 2816000 5120000 2816000 2816000 2816000
171 2816 841.140751 0.283985 1.000000 0.000000 1.733253 1.733253 1.733253
# threash 2816000 5120000 2816000 2816000 2816000
172 2816 846.140095 0.290429 1.000000 0.000000 1.733253 1.733253 1.733253
# threash 2816000 5120000 2816000 2816000 2816000
173 2816 851.140218 0.295364 1.000000 0.000000 1.733253 1.733253 1.733253
# threash 2816000 5120000 2816000 2816000 2816000
174 2816 856.140458 0.294437 1.000000 0.000000 1.733253 1.733253 1.733253
# threash 2816000 5120000 2816000 2816000 2816000
175 2816 861.140372 0.291421 1.000000 0.000000 1.733253 1.733253 1.733253
# threash 2816000 5120000 2816000 2816000 2816000
176 2816 866.139879 0.292237 1.000000 0.000000 1.733253 1.733253 1.733253
# threash 2816000 5120000 2816000 2816000 2816000
177 2816 871.141001 0.300951 1.000000 0.000000 1.733253 1.733253 1.733253
# threash 2816000 5120000 2816000 2816000 2816000
178 2816 876.139955 0.290699 1.000000 0.000000 1.733253 1.733253 1.733253
# threash 2816000 5120000 2816000 2816000 2816000
179 2816 881.141206 0.293364 1.000000 0.000000 1.733253 1.733253 1.733253
# threash 2816000 5120000 2816000 2816000 2816000
