2 2816 160.976960 0.576577 0.727273 0.000000 1.688181 1.688181 1.688181
# threash 2048000 2048000 2048000 2048000 2048000
3 2816 164.387437 0.493613 0.727273 0.157895 1.511799 1.511799 1.702386
# threash 2048000 2304000 2048000 2048000 2304000
4 2816 168.249424 0.476427 0.818182 0.267299 1.465058 1.465058 1.822658
# threash 2304000 2816000 2304000 2304000 2816000
5 2816 172.986956 0.523323 1.000000 0.399704 2.500940 2.500940 2.500940
# threash 2816000 3072000 2816000 2816000 2816000
6 2816 177.644397 0.533131 1.000000 0.379472 2.500940 2.500940 2.500940
# threash 2816000 3072000 2816000 2816000 2816000
7 2816 182.355928 0.474074 1.000000 0.358129 2.330665 2.330665 2.330665
# threash 2816000 3328000 2816000 2816000 2816000
8 2816 187.152538 0.480628 1.000000 0.338520 2.330665 2.330665 2.330665
# threash 2816000 3328000 2816000 2816000 2816000
9 2816 191.874852 0.454780 1.000000 0.321260 2.193974 2.193974 2.193974
# threash 2816000 3584000 2816000 2816000 2816000
10 2816 196.624898 0.467386 1.000000 0.306206 2.193974 2.193974 2.193974
# threash 2816000 3584000 2816000 2816000 2816000
11 2816 201.415071 0.460356 1.000000 0.292768 2.193974 2.193974 2.193974
# threash 2816000 3584000 2816000 2816000 2816000
12 2816 206.182856 0.446701 1.000000 0.281000 2.193974 2.193974 2.193974
# threash 2816000 3584000 2816000 2816000 2816000
13 2816 210.988382 0.418861 1.000000 0.270399 2.082009 2.082009 2.082009
# threash 2816000 3840000 2816000 2816000 2816000
14 2816 215.722113 0.401884 1.000000 0.180266 1.988737 1.988737 1.988737
# threash 2816000 4096000 2816000 2816000 2816000
15 2816 220.485942 0.418612 1.000000 0.051030 1.988737 1.988737 1.988737
# threash 2816000 4096000 2816000 2816000 2816000
16 2816 225.205319 0.410855 1.000000 0.000000 1.988737 1.988737 1.988737
# threash 2816000 4096000 2816000 2816000 2816000
17 2816 230.041840 0.383494 1.000000 0.000000 1.909915 1.909915 1.909915
# threash 2816000 4352000 2816000 2816000 2816000
18 2816 234.813541 0.369845 1.000000 0.000000 1.909915 1.909915 1.909915
# threash 2816000 4352000 2816000 2816000 2816000
19 2816 239.551715 0.352705 1.000000 0.000000 1.842477 1.842477 1.842477
# threash 2816000 4608000 2816000 2816000 2816000
20 2816 244.227070 0.369166 1.000000 0.000000 1.842477 1.842477 1.842477
# threash 2816000 4608000 2816000 2816000 2816000
21 2816 248.933933 0.347654 1.000000 0.000000 1.842477 1.842477 1.842477
# threash 2816000 4608000 2816000 2816000 2816000
22 2816 253.684102 0.360333 1.000000 0.000000 1.842477 1.842477 1.842477
# threash 2816000 4608000 2816000 2816000 2816000
23 2816 258.433534 0.336721 1.000000 0.000000 1.784159 1.784159 1.784159
# threash 2816000 4864000 2816000 2816000 2816000
24 2816 263.100377 0.333807 1.000000 0.000000 1.784159 1.784159 1.784159
# threash 2816000 4864000 2816000 2816000 2816000
25 2816 267.740494 0.315377 1.000000 0.000000 1.733253 1.733253 1.733253
# threash 2816000 5120000 2816000 2816000 2816000
26 2816 272.436215 0.313900 1.000000 0.000000 1.733253 1.733253 1.733253
# threash 2816000 5120000 2816000 2816000 2816000
27 2816 277.204538 0.318012 1.000000 0.000000 1.733253 1.733253 1.733253
# threash 2816000 5120000 2816000 2816000 2816000
28 2816 281.957340 0.306387 1.000000 0.000000 1.733253 1.733253 1.733253
# threash 2816000 5120000 2816000 2816000 2816000
29 2816 286.636840 0.306120 1.000000 0.000000 1.733253 1.733253 1.733253
# threash 2816000 5120000 2816000 2816000 2816000
30 2816 291.391174 0.296359 1.000000 0.000000 1.733253 1.733253 1.733253
# threash 2816000 5120000 2816000 2816000 2816000
31 2816 296.276206 0.308501 1.000000 0.000000 1.733253 1.733253 1.733253
# threash 2816000 5120000 2816000 2816000 2816000
32 2816 301.276808 0.285512 1.000000 0.000000 1.733253 1.733253 1.733253
# threash 2816000 5120000 2816000 2816000 2816000
33 2816 306.276810 0.287171 1.000000 0.000000 1.733253 1.733253 1.733253
# threash 2816000 5120000 2816000 2816000 2816000
34 2816 311.276956 0.314075 1.000000 0.000000 1.733253 1.733253 1.733253
# threash 2816000 5120000 2816000 2816000 2816000
35 2816 316.277107 0.272472 1.000000 0.000000 1.733253 1.733253 1.733253
# threash 2816000 5120000 2816000 2816000 2816000
36 2816 321.276206 0.280394 1.000000 0.000000 1.733253 1.733253 1.733253
# threash 2816000 5120000 2816000 2816000 2816000
37 2816 326.276901 0.297706 1.000000 0.000000 1.733253 1.733253 1.733253
# threash 2816000 5120000 2816000 2816000 2816000
38 2816 331.277420 0.285627 1.000000 0.000000 1.733253 1.733253 1.733253
# threash 2816000 5120000 2816000 2816000 2816000
39 2816 336.276619 0.303448 1.000000 0.000000 1.733253 1.733253 1.733253
# threash 2816000 5120000 2816000 2816000 2816000
40 2816 341.277677 0.289563 1.000000 0.000000 1.733253 1.733253 1.733253
# threash 2816000 5120000 2816000 2816000 2816000
41 2816 346.276934 0.298179 1.000000 0.000000 1.733253 1.733253 1.733253
# threash 2816000 5120000 2816000 2816000 2816000
42 2816 351.276702 0.287699 1.000000 0.000000 1.733253 1.733253 1.733253
# threash 2816000 5120000 2816000 2816000 2816000
43 2816 356.276316 0.282930 1.000000 0.000000 1.733253 1.733253 1.733253
# threash 2816000 5120000 2816000 2816000 2816000
44 2816 361.276479 0.292237 1.000000 0.000000 1.733253 1.733253 1.733253
# threash 2816000 5120000 2816000 2816000 2816000
45 2816 366.276206 0.315660 1.000000 0.000000 1.733253 1.733253 1.733253
# threash 2816000 5120000 2816000 2816000 2816000
46 2816 371.278369 0.283728 1.000000 0.000000 1.733253 1.733253 1.733253
# threash 2816000 5120000 2816000 2816000 2816000
47 2816 376.277609 0.307827 1.000000 0.000000 1.733253 1.733253 1.733253
# threash 2816000 5120000 2816000 2816000 2816000
48 2816 381.277458 0.292632 1.000000 0.000000 1.733253 1.733253 1.733253
# threash 2816000 5120000 2816000 2816000 2816000
49 2816 386.276757 0.293425 1.000000 0.000000 1.733253 1.733253 1.733253
# threash 2816000 5120000 2816000 2816000 2816000
50 2816 391.276763 0.291090 1.000000 0.000000 1.733253 1.733253 1.733253
# threash 2816000 5120000 2816000 2816000 2816000
51 2816 396.276378 0.286470 1.000000 0.000000 1.733253 1.733253 1.733253
# threash 2816000 5120000 2816000 2816000 2816000
52 2816 401.276340 0.299862 1.000000 0.000000 1.733253 1.733253 1.733253
# threash 2816000 5120000 2816000 2816000 2816000
53 2816 406.277271 0.302600 1.000000 0.000000 1.733253 1.733253 1.733253
# threash 2816000 5120000 2816000 2816000 2816000
54 2816 411.276206 0.294069 1.000000 0.000000 1.733253 1.733253 1.733253
# threash 2816000 5120000 2816000 2816000 2816000
55 2816 416.276206 0.301112 1.000000 0.000000 1.733253 1.733253 1.733253
# threash 2816000 5120000 2816000 2816000 2816000
56 2816 421.276920 0.300662 1.000000 0.000000 1.733253 1.733253 1.733253
# threash 2816000 5120000 2816000 2816000 2816000
57 2816 426.277626 0.280255 1.000000 0.000000 1.733253 1.733253 1.733253
# threash 2816000 5120000 2816000 2816000 2816000
58 2816 431.276206 0.297486 1.000000 0.000000 1.733253 1.733253 1.733253
# threash 2816000 5120000 2816000 2816000 2816000
59 2816 436.276413 0.305821 1.000000 0.000000 1.733253 1.733253 1.733253
# threash 2816000 5120000 2816000 2816000 2816000
60 2816 441.280709 0.298621 1.000000 0.000000 1.733253 1.733253 1.733253
# threash 2816000 5120000 2816000 2816000 2816000
61 2816 446.276587 0.317905 1.000000 0.000000 1.733253 1.733253 1.733253
# threash 2816000 5120000 2816000 2816000 2816000
62 2816 451.276304 0.295923 1.000000 0.000000 1.733253 1.733253 1.733253
# threash 2816000 5120000 2816000 2816000 2816000
63 3072 456.277269 0.293272 0.916667 0.000000 1.588815 1.588815 1.822119
# threash 2816000 5120000 2816000 2816000 3072000
64 2816 461.432921 0.301596 1.000000 0.024939 1.733253 1.987766 1.733253
# threash 2816000 5120000 2816000 3072000 2816000
65 2816 466.627676 0.286383 1.000000 0.033382 1.733253 1.987766 1.733253
# threash 2816000 5120000 2816000 3072000 2816000
66 2816 471.711595 0.305092 1.000000 0.038490 1.733253 1.987766 1.733253
# threash 2816000 5120000 2816000 3072000 2816000
67 2816 476.869808 0.293915 1.000000 0.041599 1.733253 1.987766 1.733253
# threash 2816000 5120000 2816000 3072000 2816000
68 2816 481.972872 0.332625 1.000000 0.043192 1.733253 1.987766 1.733253
# threash 2816000 5120000 2816000 3072000 2816000
69 2816 487.138313 0.305589 1.000000 0.043478 1.733253 1.987766 1.733253
# threash 2816000 5120000 2816000 3072000 2816000
70 2816 492.255334 0.309349 1.000000 0.042565 1.733253 1.987766 1.733253
# threash 2816000 5120000 2816000 3072000 2816000
71 2816 497.439403 0.319383 1.000000 0.040414 1.733253 1.987766 1.733253
# threash 2816000 5120000 2816000 3072000 2816000
72 2816 502.658343 0.346414 1.000000 0.036852 1.733253 1.987766 1.733253
# threash 2816000 5120000 2816000 3072000 2816000
73 2816 507.802864 0.316333 1.000000 0.031497 1.733253 1.987766 1.733253
# threash 2816000 5120000 2816000 3072000 2816000
74 2816 512.921071 0.345056 1.000000 0.023198 1.733253 1.987766 1.733253
# threash 2816000 5120000 2816000 3072000 2816000
75 2816 518.144964 0.350860 1.000000 0.000000 1.733253 1.987766 1.733253
# threash 2816000 5120000 2816000 3072000 2816000
76 2816 523.332241 0.330245 1.000000 0.000000 1.733253 1.987766 1.733253
# threash 2816000 5120000 2816000 3072000 2816000
77 2816 528.483832 0.343415 1.000000 0.000000 1.733253 1.987766 1.733253
# threash 2816000 5120000 2816000 3072000 2816000
78 2816 533.655842 0.354392 1.000000 0.000000 1.733253 1.987766 1.733253
# threash 2816000 5120000 2816000 3072000 2816000
79 2816 538.760581 0.355915 1.000000 0.000000 1.733253 1.987766 1.733253
# threash 2816000 5120000 2816000 3072000 2816000
80 2816 544.000644 0.365762 1.000000 0.000000 1.733253 1.987766 1.733253
# threash 2816000 5120000 2816000 3072000 2816000
81 2816 549.149511 0.386230 1.000000 0.000000 1.909915 2.209782 1.909915
# threash 2816000 4352000 2816000 3072000 2816000
82 2816 554.379028 0.371308 1.000000 0.000000 1.909915 2.209782 1.909915
# threash 2816000 4352000 2816000 3072000 2816000
83 2816 559.533784 0.385753 1.000000 0.000000 1.909915 2.209782 1.909915
# threash 2816000 4352000 2816000 3072000 2816000
84 2816 564.829727 0.381004 1.000000 0.000000 1.909915 2.209782 1.909915
# threash 2816000 4352000 2816000 3072000 2816000
85 2816 569.909644 0.385384 1.000000 0.000000 1.909915 2.209782 1.909915
# threash 2816000 4352000 2816000 3072000 2816000
86 2816 575.085352 0.409183 1.000000 0.000000 1.909915 2.209782 1.909915
# threash 2816000 4352000 2816000 3072000 2816000
87 2816 580.174479 0.397067 1.000000 0.000000 1.909915 2.209782 1.909915
# threash 2816000 4352000 2816000 3072000 2816000
88 2816 585.334901 0.393131 1.000000 0.000000 1.909915 2.209782 1.909915
# threash 2816000 4352000 2816000 3072000 2816000
89 2816 590.544249 0.432101 1.000000 0.000000 1.909915 2.209782 1.909915
# threash 2816000 4352000 2816000 3072000 2816000
90 2816 595.708312 0.420990 1.000000 0.000000 1.909915 2.209782 1.909915
# threash 2816000 4352000 2816000 3072000 2816000
91 2816 600.886605 0.416630 1.000000 0.000000 1.909915 2.209782 1.909915
# threash 2816000 4352000 2816000 3072000 2816000
92 2816 606.089097 0.415278 1.000000 0.000000 1.909915 2.209782 1.909915
# threash 2816000 4352000 2816000 3072000 2816000
93 2816 611.197257 0.429924 1.000000 0.000000 1.909915 2.209782 1.909915
# threash 2816000 4352000 2816000 3072000 2816000
94 2816 616.317328 0.432632 1.000000 0.000000 1.909915 2.209782 1.909915
# threash 2816000 4352000 2816000 3072000 2816000
95 2816 621.418755 0.466921 1.000000 0.000000 2.193974 2.570638 2.193974
# threash 2816000 3584000 2816000 3072000 2816000
96 2816 626.665460 0.476481 1.000000 0.000000 2.193974 2.570638 2.193974
# threash 2816000 3584000 2816000 3072000 2816000
97 2816 631.791555 0.439245 1.000000 0.000000 2.082009 2.427863 2.082009
# threash 2816000 3840000 2816000 3072000 2816000
98 2816 636.935338 0.462929 1.000000 0.000000 2.082009 2.427863 2.082009
# threash 2816000 3840000 2816000 3072000 2816000
99 2816 642.232370 0.480300 1.000000 0.000000 2.082009 2.427863 2.082009
# threash 2816000 3840000 2816000 3072000 2816000
100 2816 647.385009 0.508579 1.000000 0.000000 2.082009 2.427863 2.082009
# threash 2816000 3840000 2816000 3072000 2816000
101 2816 652.566924 0.490421 1.000000 0.000000 2.082009 2.427863 2.082009
# threash 2816000 3840000 2816000 3072000 2816000
102 2816 657.685454 0.520999 1.000000 0.000000 2.500940 2.965398 2.500940
# threash 2816000 3072000 2816000 3072000 2816000
103 2816 662.821594 0.523907 1.000000 0.000000 2.500940 2.965398 2.500940
# threash 2816000 3072000 2816000 3072000 2816000
104 2816 667.993141 0.529522 1.000000 0.000000 2.500940 2.965398 2.500940
# threash 2816000 3072000 2816000 3072000 2816000
105 2816 673.240502 0.566144 1.000000 0.000000 2.500940 2.965398 2.500940
# threash 2816000 3072000 2816000 3072000 2816000
106 2816 678.411543 0.550430 1.000000 0.000000 2.500940 2.965398 2.500940
# threash 2816000 3072000 2816000 3072000 2816000
107 2816 683.700841 0.603644 1.000000 0.000000 2.500940 2.965398 2.500940
# threash 2816000 3072000 2816000 3072000 2816000
108 2816 688.806575 0.563538 1.000000 0.000000 2.500940 2.965398 2.500940
# threash 2816000 3072000 2816000 3072000 2816000
109 2816 693.988919 0.620538 1.000000 0.000000 2.500940 2.965398 2.500940
# threash 2816000 3072000 2816000 3072000 2816000
110 2816 699.081017 0.619582 1.000000 0.000000 2.500940 2.965398 2.500940
# threash 2816000 3072000 2816000 3072000 2816000
111 2816 704.294174 0.545842 0.818182 0.000000 2.072515 2.072515 2.072515
# threash 2304000 2304000 2304000 2304000 2304000
112 2816 708.164387 0.423063 0.818182 0.070566 1.732091 1.732091 2.500940
# threash 2304000 3072000 2304000 2304000 2816000
113 2816 712.905314 0.525471 1.000000 0.145718 2.500940 2.500940 2.500940
# threash 2816000 3072000 2816000 2816000 2816000
114 2816 717.598259 0.496386 1.000000 0.148851 2.330665 2.330665 2.330665
# threash 2816000 3328000 2816000 2816000 2816000
115 2816 722.207115 0.475274 1.000000 0.150613 2.330665 2.330665 2.330665
# threash 2816000 3328000 2816000 2816000 2816000
116 2816 726.922882 0.483932 1.000000 0.151042 2.330665 2.330665 2.330665
# threash 2816000 3328000 2816000 2816000 2816000
117 2816 731.512764 0.444304 1.000000 0.149988 2.193974 2.193974 2.193974
# threash 2816000 3584000 2816000 2816000 2816000
118 2816 736.104244 0.438015 1.000000 0.147406 2.082009 2.082009 2.082009
# threash 2816000 3840000 2816000 2816000 2816000
119 2816 740.745862 0.409005 1.000000 0.143192 1.988737 1.988737 1.988737
# threash 2816000 4096000 2816000 2816000 2816000
120 3072 745.319642 0.440999 1.000000 0.137015 2.117000 1.823009 2.117000
# threash 2816000 4096000 3072000 2816000 3072000
121 3072 750.230988 0.430554 1.000000 0.205522 2.117000 2.117000 2.117000
# threash 3072000 4096000 3072000 3072000 3072000
122 3072 755.193096 0.420649 1.000000 0.205522 2.025633 2.025633 2.025633
# threash 3072000 4352000 3072000 3072000 3072000
123 2816 760.255645 0.393022 1.000000 0.137015 1.909915 2.209782 1.909915
# threash 2816000 4352000 2816000 3072000 2816000
124 3072 765.173499 0.444637 1.000000 0.041599 2.025633 2.025633 2.025633
# threash 3072000 4352000 3072000 3072000 3072000
125 3072 770.099739 0.421457 1.000000 0.043192 2.025633 2.025633 2.025633
# threash 3072000 4352000 3072000 3072000 3072000
126 3072 775.052368 0.440367 1.000000 0.043478 2.025633 2.025633 2.025633
# threash 3072000 4352000 3072000 3072000 3072000
127 2816 780.061076 0.401769 1.000000 0.042565 1.909915 2.209782 1.909915
# threash 2816000 4352000 2816000 3072000 2816000
128 3072 784.943729 0.419042 1.000000 0.040414 2.025633 2.025633 2.025633
# threash 3072000 4352000 3072000 3072000 3072000
129 2816 789.970142 0.382453 1.000000 0.036852 1.909915 2.209782 1.909915
# threash 2816000 4352000 2816000 3072000 2816000
130 3072 794.910136 0.445799 1.000000 0.031497 2.025633 2.025633 2.025633
# threash 3072000 4352000 3072000 3072000 3072000
131 3072 799.857835 0.406134 1.000000 0.023198 2.025633 2.025633 2.025633
# threash 3072000 4352000 3072000 3072000 3072000
132 3072 804.681955 0.404211 1.000000 0.000000 2.025633 2.025633 2.025633
# threash 3072000 4352000 3072000 3072000 3072000
133 3072 809.608892 0.410421 1.000000 0.000000 2.025633 2.025633 2.025633
# threash 3072000 4352000 3072000 3072000 3072000
134 3072 814.441620 0.370522 1.000000 0.000000 1.880578 1.880578 1.880578
# threash 3072000 4864000 3072000 3072000 3072000
135 3072 819.319857 0.414743 1.000000 0.000000 1.880578 1.880578 1.880578
# threash 3072000 4864000 3072000 3072000 3072000
136 3072 824.301735 0.395672 1.000000 0.000000 1.880578 1.880578 1.880578
# threash 3072000 4864000 3072000 3072000 3072000
137 3072 829.273208 0.398754 1.000000 0.000000 1.880578 1.880578 1.880578
# threash 3072000 4864000 3072000 3072000 3072000
138 3072 834.174226 0.388124 1.000000 0.000000 1.880578 1.880578 1.880578
# threash 3072000 4864000 3072000 3072000 3072000
139 2816 839.174720 0.368153 1.000000 0.000000 1.784159 2.051539 1.784159
# threash 2816000 4864000 2816000 3072000 2816000
140 2816 844.240495 0.379208 1.000000 0.000000 1.784159 2.051539 1.784159
# threash 2816000 4864000 2816000 3072000 2816000
141 3072 849.187699 0.391887 1.000000 0.000000 1.880578 1.880578 1.880578
# threash 3072000 4864000 3072000 3072000 3072000
142 3072 854.154979 0.389749 1.000000 0.000000 1.880578 1.880578 1.880578
# threash 3072000 4864000 3072000 3072000 3072000
143 3072 859.104146 0.396489 1.000000 0.000000 1.880578 1.880578 1.880578
# threash 3072000 4864000 3072000 3072000 3072000
144 3072 864.055530 0.405598 1.000000 0.000000 1.880578 1.880578 1.880578
# threash 3072000 4864000 3072000 3072000 3072000
145 3072 868.931326 0.411520 1.000000 0.000000 1.880578 1.880578 1.880578
# threash 3072000 4864000 3072000 3072000 3072000
146 3072 873.873731 0.390691 1.000000 0.000000 1.880578 1.880578 1.880578
# threash 3072000 4864000 3072000 3072000 3072000
147 3072 878.849538 0.394757 1.000000 0.000000 1.880578 1.880578 1.880578
# threash 3072000 4864000 3072000 3072000 3072000
148 3072 883.807128 0.380811 1.000000 0.000000 1.880578 1.880578 1.880578
# threash 3072000 4864000 3072000 3072000 3072000
149 3328 888.162870 0.323948 0.923077 0.000000 1.681956 1.681956 1.915541
# threash 3072000 5120000 3072000 3072000 3328000
150 4352 891.794750 0.381186 1.000000 0.022875 2.339647 1.464825 2.339647
# threash 3328000 5120000 4352000 3328000 4352000
151 4608 896.436621 0.409870 0.944444 0.221509 2.209666 2.209666 2.459603
# threash 4352000 5120000 4352000 4352000 4608000
152 4096 901.820582 0.345683 1.000000 0.471055 2.225541 2.767054 2.225541
# threash 4096000 5120000 4096000 4608000 4096000
153 4096 907.441878 0.391737 1.000000 0.540537 2.225541 2.767054 2.225541
# threash 4096000 5120000 4096000 4608000 4096000
154 4096 913.039500 0.399688 1.000000 0.573656 2.225541 2.767054 2.225541
# threash 4096000 5120000 4096000 4608000 4096000
155 3840 918.748676 0.323641 1.000000 0.582136 2.117000 2.951524 2.117000
# threash 3840000 5120000 3840000 4608000 3840000
156 5120 922.852540 0.394149 1.000000 0.571547 0.011091 0.034384 0.011091
# threash 4608000 5120000 5120000 4608000 5120000
157 5120 926.520119 0.339148 0.900000 4.164790 0.039292 0.039292 0.013218
# threash 4608000 5120000 4608000 4608000 5120000
158 5120 931.276397 0.317596 0.900000 4.031371 0.044633 0.044633 0.015631
# threash 4608000 5120000 4608000 4608000 5120000
159 5120 936.276419 0.323937 0.900000 3.903920 0.050425 0.050425 0.018356
# threash 4608000 5120000 4608000 4608000 5120000
160 5120 941.276527 0.332756 0.900000 3.781900 0.192322 0.192322 0.071886
# threash 4608000 5120000 4608000 4608000 5120000
161 5120 946.276289 0.247237 0.900000 2.443224 0.672784 0.672784 0.256487
# threash 4608000 5120000 4608000 4608000 5120000
162 5120 951.276278 0.244716 0.900000 1.190971 2.213643 2.213643 0.839562
# threash 4608000 5120000 4608000 4608000 5120000
163 5120 956.276782 0.248839 0.900000 0.000000 2.213643 2.213643 0.839562
# threash 4608000 5120000 4608000 4608000 5120000
164 5120 961.276206 0.237808 0.900000 0.000000 2.213643 2.213643 0.839562
# threash 4608000 5120000 4608000 4608000 5120000
165 5120 966.276237 0.242144 0.900000 0.000000 2.213643 2.213643 0.839562
# threash 4608000 5120000 4608000 4608000 5120000
166 5120 971.276853 0.249729 0.900000 0.000000 2.213643 2.213643 0.839562
# threash 4608000 5120000 4608000 4608000 5120000
167 5120 976.278176 0.163341 0.900000 0.000000 2.213643 2.213643 0.839562
# threash 4608000 5120000 4608000 4608000 5120000
168 5120 981.276206 0.163317 0.900000 0.000000 2.213643 2.213643 0.839562
# threash 4608000 5120000 4608000 4608000 5120000
169 5120 986.276206 0.164149 0.900000 0.000000 2.213643 2.213643 0.839562
# threash 4608000 5120000 4608000 4608000 5120000
170 5120 991.276206 0.163213 0.900000 0.000000 2.213643 2.213643 0.839562
# threash 4608000 5120000 4608000 4608000 5120000
171 5120 996.276206 0.166276 0.900000 0.000000 2.213643 2.213643 0.839562
# threash 4608000 5120000 4608000 4608000 5120000
172 5120 1001.276206 0.163735 0.900000 0.000000 2.213643 2.213643 0.839562
# threash 4608000 5120000 4608000 4608000 5120000
173 5120 1006.276206 0.082808 0.900000 0.000000 2.213643 2.213643 0.839562
# threash 4608000 5120000 4608000 4608000 5120000
174 5120 1011.276206 0.080792 0.900000 0.000000 2.213643 2.213643 0.839562
# threash 4608000 5120000 4608000 4608000 5120000
175 5120 1016.276206 0.082053 0.900000 0.000000 2.213643 2.213643 0.839562
# threash 4608000 5120000 4608000 4608000 5120000
176 5120 1021.276206 0.080767 0.900000 0.000000 2.213643 2.213643 0.839562
# threash 4608000 5120000 4608000 4608000 5120000
177 5120 1026.276206 0.079358 0.900000 0.000000 2.213643 2.213643 0.839562
# threash 4608000 5120000 4608000 4608000 5120000
178 5120 1031.276206 0.082365 0.900000 0.000000 2.213643 2.213643 0.839562
# threash 4608000 5120000 4608000 4608000 5120000
179 5120 1036.276206 0.080792 0.900000 0.000000 2.213643 2.213643 0.839562
# threash 4608000 5120000 4608000 4608000 5120000
