2 5120 65.531713 0.522609 1.000000 0.000000 2.718282 2.718282 2.718282
# threash 5120000 5120000 5120000 5120000 5120000
3 5120 68.201102 0.410059 1.000000 0.000000 2.718282 2.718282 2.718282
# threash 5120000 5120000 5120000 5120000 5120000
4 5120 71.509402 0.342429 1.000000 0.000000 2.718282 2.718282 2.718282
# threash 5120000 5120000 5120000 5120000 5120000
5 5120 75.321376 0.307415 1.000000 0.000000 2.718282 2.718282 2.718282
# threash 5120000 5120000 5120000 5120000 5120000
6 5120 78.533414 0.276264 1.000000 0.000000 2.718282 2.718282 2.718282
# threash 5120000 5120000 5120000 5120000 5120000
7 5120 83.158863 0.262699 1.000000 0.000000 2.718282 2.718282 2.718282
# threash 5120000 5120000 5120000 5120000 5120000
8 5120 88.159624 0.282280 1.000000 0.000000 2.718282 2.718282 2.718282
# threash 5120000 5120000 5120000 5120000 5120000
9 5120 93.158577 0.263171 1.000000 0.000000 2.718282 2.718282 2.718282
# threash 5120000 5120000 5120000 5120000 5120000
10 5120 98.161228 0.368028 1.000000 0.000000 2.718282 2.718282 2.718282
# threash 5120000 5120000 5120000 5120000 5120000
11 5120 103.907240 0.387028 1.000000 0.000000 2.718282 2.718282 2.718282
# threash 5120000 5120000 5120000 5120000 5120000
12 5120 109.689162 0.400877 1.000000 0.000000 2.718282 2.718282 2.718282
# threash 5120000 5120000 5120000 5120000 5120000
13 5120 115.576848 0.445489 1.000000 0.000000 2.718282 2.718282 2.718282
# threash 5120000 5120000 5120000 5120000 5120000
14 5120 121.355253 0.459275 1.000000 0.000000 2.718282 2.718282 2.718282
# threash 5120000 5120000 5120000 5120000 5120000
15 5120 127.595665 0.614498 1.000000 0.000000 2.718282 2.718282 2.718282
# threash 5120000 5120000 5120000 5120000 5120000
16 5120 134.779442 0.598504 0.750000 0.000000 0.684272 0.684272 0.684272
# threash 3840000 3840000 3840000 3840000 3840000
17 5120 140.186635 0.622064 0.750000 1.091717 0.666900 0.666900 0.666900
# threash 3840000 3840000 3840000 3840000 3840000
18 5120 145.548215 0.670040 0.750000 1.117433 0.649661 0.649661 0.649661
# threash 3840000 3840000 3840000 3840000 3840000
19 5120 150.957514 0.576577 0.600000 1.143622 0.150942 0.150942 0.150942
# threash 3072000 3072000 3072000 3072000 3072000
20 5120 155.301607 0.505180 0.600000 2.380033 0.118691 0.118691 0.048241
# threash 3072000 3584000 3072000 3072000 3584000
21 5120 160.236799 0.574850 0.600000 2.477546 0.107158 0.107158 0.041439
# threash 3072000 3584000 3072000 3072000 3584000
22 5120 165.464134 0.546192 0.500000 2.579764 0.000387 0.000387 0.000387
# threash 2560000 2560000 2560000 2560000 2560000
23 4864 169.875438 0.477969 0.526316 4.082595 0.564239 0.564239 0.005877
# threash 2560000 3072000 2560000 2560000 3072000
24 4864 174.188674 0.435819 0.526316 0.763757 0.513966 0.513966 0.694534
# threash 2560000 3328000 2560000 2560000 3328000
25 4864 179.822273 0.667469 0.684211 0.985025 0.746736 0.746736 0.746736
# threash 3328000 3328000 3328000 3328000 3328000
26 4608 185.425510 0.659663 0.722222 0.912554 0.901843 0.901843 0.901843
# threash 3328000 3328000 3328000 3328000 3328000
27 4608 190.997176 0.689741 0.722222 0.777893 1.334886 1.334886 1.334886
# threash 3328000 3328000 3328000 3328000 3328000
28 4608 196.766417 0.568328 0.500000 0.385732 0.423545 0.423545 0.423545
# threash 2304000 2304000 2304000 2304000 2304000
29 4352 200.707567 0.469916 0.529412 0.582974 0.653385 0.653385 0.896785
# threash 2304000 2816000 2304000 2304000 2816000
30 4352 205.451785 0.612840 0.647059 0.673621 1.114849 1.114849 1.114849
# threash 2816000 2816000 2816000 2816000 2816000
31 4352 210.173630 0.539051 0.647059 0.455963 1.021445 1.021445 1.085174
# threash 2816000 3072000 2816000 2816000 3072000
32 4352 215.510266 0.659511 0.705882 0.569953 1.085174 1.085174 1.085174
# threash 3072000 3072000 3072000 3072000 3072000
33 4096 220.739295 0.649884 0.750000 0.569953 1.292212 1.292212 1.292212
# threash 3072000 3072000 3072000 3072000 3072000
34 4096 225.867564 0.584141 0.750000 0.455963 1.339771 1.339771 1.339771
# threash 3072000 3072000 3072000 3072000 3072000
35 4096 231.021775 0.596042 0.625000 0.419819 1.116476 1.116476 1.116476
# threash 2560000 2560000 2560000 2560000 2560000
36 4096 235.448469 0.482473 0.625000 0.419819 0.928355 0.928355 1.230142
# threash 2560000 3072000 2560000 2560000 3072000
37 4096 240.599541 0.650159 0.750000 0.505188 1.259865 1.259865 1.259865
# threash 3072000 3072000 3072000 3072000 3072000
38 4096 245.813177 0.617115 0.750000 0.481314 1.296649 1.296649 1.296649
# threash 3072000 3072000 3072000 3072000 3072000
39 4096 251.001236 0.688635 0.750000 0.452535 1.459461 1.459461 1.459461
# threash 3072000 3072000 3072000 3072000 3072000
40 3840 256.113719 0.681606 0.800000 0.334251 1.852368 1.852368 1.852368
# threash 3072000 3072000 3072000 3072000 3072000
41 3840 261.309592 0.586483 0.666667 0.160392 1.394220 1.394220 1.394220
# threash 2560000 2560000 2560000 2560000 2560000
42 3840 265.631227 0.548532 0.666667 0.262199 1.445731 1.445731 1.445731
# threash 2560000 2560000 2560000 2560000 2560000
43 3840 269.915329 0.489016 0.666667 0.225920 1.195151 1.195151 1.609028
# threash 2560000 3072000 2560000 2560000 3072000
44 3840 275.101027 0.616125 0.800000 0.301226 1.609028 1.609028 1.609028
# threash 3072000 3072000 3072000 3072000 3072000
45 3840 280.337214 0.576036 0.800000 0.301226 1.609028 1.609028 1.609028
# threash 3072000 3072000 3072000 3072000 3072000
46 3840 285.520006 0.679646 0.800000 0.301226 1.734877 1.734877 1.734877
# threash 3072000 3072000 3072000 3072000 3072000
47 3840 290.761780 0.629895 0.800000 0.225920 1.913730 1.913730 1.913730
# threash 3072000 3072000 3072000 3072000 3072000
48 3840 295.977090 0.661356 0.800000 0.127802 1.913730 1.913730 1.913730
# threash 3072000 3072000 3072000 3072000 3072000
49 3840 301.113946 0.688789 0.800000 0.127802 1.913730 1.913730 1.913730
# threash 3072000 3072000 3072000 3072000 3072000
50 3840 306.165140 0.691580 0.800000 0.127802 1.913730 1.913730 1.913730
# threash 3072000 3072000 3072000 3072000 3072000
51 3584 311.121273 0.682363 0.857143 0.127802 2.050425 2.050425 2.050425
# threash 3072000 3072000 3072000 3072000 3072000
52 3584 316.143539 0.572422 0.642857 0.127802 1.456994 1.456994 1.456994
# threash 2304000 2304000 2304000 2304000 2304000
53 3584 319.939477 0.444102 0.642857 0.181792 1.105360 1.105360 1.819928
# threash 2304000 3072000 2304000 2304000 3072000
54 3584 324.948449 0.577118 0.857143 0.247052 2.023273 2.023273 2.023273
# threash 3072000 3072000 3072000 3072000 3072000
55 3584 330.088128 0.598947 0.857143 0.141133 2.023273 2.023273 2.023273
# threash 3072000 3072000 3072000 3072000 3072000
56 3584 335.200415 0.617736 0.857143 0.141133 2.023273 2.023273 2.023273
# threash 3072000 3072000 3072000 3072000 3072000
57 3584 340.395080 0.601527 0.857143 0.141133 2.023273 2.023273 2.023273
# threash 3072000 3072000 3072000 3072000 3072000
58 3584 345.513801 0.673389 0.857143 0.141133 2.023273 2.023273 2.023273
# threash 3072000 3072000 3072000 3072000 3072000
59 3584 350.578218 0.609524 0.857143 0.141133 2.023273 2.023273 2.023273
# threash 3072000 3072000 3072000 3072000 3072000
60 3584 355.710428 0.643486 0.857143 0.141133 2.023273 2.023273 2.023273
# threash 3072000 3072000 3072000 3072000 3072000
61 3584 360.851947 0.667681 0.857143 0.141133 2.023273 2.023273 2.023273
# threash 3072000 3072000 3072000 3072000 3072000
62 3584 366.050735 0.587425 0.714286 0.141133 1.516607 1.516607 1.516607
# threash 2560000 2560000 2560000 2560000 2560000
63 3584 370.348239 0.487619 0.714286 0.247052 1.370355 1.370355 1.819928
# threash 2560000 3072000 2560000 2560000 3072000
64 3584 375.435091 0.633533 0.857143 0.247052 2.122119 2.122119 2.122119
# threash 3072000 3072000 3072000 3072000 3072000
65 3584 380.586270 0.639467 0.857143 0.093434 2.122119 2.122119 2.122119
# threash 3072000 3072000 3072000 3072000 3072000
66 3584 385.651764 0.627707 0.857143 0.093434 2.122119 2.122119 2.122119
# threash 3072000 3072000 3072000 3072000 3072000
67 3584 390.787620 0.609282 0.857143 0.093434 2.122119 2.122119 2.122119
# threash 3072000 3072000 3072000 3072000 3072000
68 3584 395.941582 0.685255 0.857143 0.093434 2.122119 2.122119 2.122119
# threash 3072000 3072000 3072000 3072000 3072000
69 3584 400.997915 0.671035 0.857143 0.093434 2.122119 2.122119 2.122119
# threash 3072000 3072000 3072000 3072000 3072000
70 3584 406.071415 0.677996 0.857143 0.093434 2.122119 2.122119 2.122119
# threash 3072000 3072000 3072000 3072000 3072000
71 3584 411.112026 0.672946 0.857143 0.093434 2.122119 2.122119 2.122119
# threash 3072000 3072000 3072000 3072000 3072000
72 3328 416.158468 0.592730 0.769231 0.093434 1.726217 1.726217 1.726217
# threash 2560000 2560000 2560000 2560000 2560000
73 3328 420.398502 0.507634 0.769231 0.191703 1.642326 1.642326 1.889470
# threash 2560000 2816000 2560000 2560000 2816000
74 3328 425.102180 0.557845 0.846154 0.196650 2.066834 2.066834 2.066834
# threash 2816000 2816000 2816000 2816000 2816000
75 3328 429.817634 0.498231 0.846154 0.106928 1.765737 1.765737 2.260848
# threash 2816000 3328000 2816000 2816000 3328000
76 3328 435.198376 0.665600 1.000000 0.184260 2.219623 2.219623 2.219623
# threash 3328000 3328000 3328000 3328000 3328000
77 3328 440.786874 0.699601 1.000000 0.202663 2.187908 2.187908 2.187908
# threash 3328000 3328000 3328000 3328000 3328000
78 3328 446.354413 0.579448 0.769231 0.217054 1.482431 1.482431 1.482431
# threash 2560000 2560000 2560000 2560000 2560000
79 3328 450.582917 0.546775 0.769231 0.343952 1.422740 1.422740 1.422740
# threash 2560000 2560000 2560000 2560000 2560000
80 3328 454.832993 0.466642 0.769231 0.385051 1.167519 1.167519 1.550603
# threash 2560000 3072000 2560000 2560000 3072000
81 3328 459.841660 0.626811 0.923077 0.481314 1.550603 1.550603 1.550603
# threash 3072000 3072000 3072000 3072000 3072000
82 3328 464.981091 0.602707 0.923077 0.481314 1.550603 1.550603 1.550603
# threash 3072000 3072000 3072000 3072000 3072000
83 3328 470.155504 0.604249 0.923077 0.481314 1.707288 1.707288 1.707288
# threash 3072000 3072000 3072000 3072000 3072000
84 3328 475.380200 0.667971 0.923077 0.385051 1.938652 1.938652 1.938652
# threash 3072000 3072000 3072000 3072000 3072000
85 3328 480.616592 0.650985 0.923077 0.257964 1.954151 1.954151 1.954151
# threash 3072000 3072000 3072000 3072000 3072000
86 3328 485.801278 0.640000 0.923077 0.250002 2.137947 2.137947 2.137947
# threash 3072000 3072000 3072000 3072000 3072000
87 3328 491.026857 0.595072 0.769231 0.160111 1.605426 1.605426 1.605426
# threash 2560000 2560000 2560000 2560000 2560000
88 3328 495.319821 0.505629 0.769231 0.264246 1.453594 1.453594 1.648605
# threash 2560000 2816000 2560000 2560000 2816000
89 3328 500.104295 0.530720 0.846154 0.333016 1.689836 1.689836 1.854981
# threash 2816000 3072000 2816000 2816000 3072000
90 3328 505.181180 0.649884 0.923077 0.302083 1.930459 1.930459 1.930459
# threash 3072000 3072000 3072000 3072000 3072000
91 3328 510.297051 0.601057 0.923077 0.262199 2.155482 2.155482 2.155482
# threash 3072000 3072000 3072000 3072000 3072000
92 3328 515.440296 0.646193 0.923077 0.151943 2.155482 2.155482 2.155482
# threash 3072000 3072000 3072000 3072000 3072000
93 3328 520.557728 0.628864 0.923077 0.151943 2.155482 2.155482 2.155482
# threash 3072000 3072000 3072000 3072000 3072000
94 3328 525.714821 0.641470 0.923077 0.151943 2.155482 2.155482 2.155482
# threash 3072000 3072000 3072000 3072000 3072000
95 3328 530.904574 0.634711 0.923077 0.151943 2.155482 2.155482 2.155482
# threash 3072000 3072000 3072000 3072000 3072000
96 3328 536.119618 0.680700 0.923077 0.151943 2.155482 2.155482 2.155482
# threash 3072000 3072000 3072000 3072000 3072000
97 3328 541.189060 0.575425 0.692308 0.151943 1.348859 1.348859 1.348859
# threash 2304000 2304000 2304000 2304000 2304000
98 3328 545.098774 0.433898 0.692308 0.333016 1.074612 1.074612 1.798478
# threash 2304000 3072000 2304000 2304000 3072000
99 3328 550.168044 0.603062 0.923077 0.333016 2.016534 2.016534 2.016534
# threash 3072000 3072000 3072000 3072000 3072000
100 3328 555.268724 0.623503 0.923077 0.218577 2.178909 2.178909 2.178909
# threash 3072000 3072000 3072000 3072000 3072000
101 3328 560.435392 0.611708 0.923077 0.141133 2.178909 2.178909 2.178909
# threash 3072000 3072000 3072000 3072000 3072000
102 3328 565.512205 0.624517 0.923077 0.141133 2.178909 2.178909 2.178909
# threash 3072000 3072000 3072000 3072000 3072000
103 3072 570.607357 0.608799 1.000000 0.141133 2.360485 2.360485 2.360485
# threash 3072000 3072000 3072000 3072000 3072000
104 3072 575.798960 0.676503 1.000000 0.141133 2.360485 2.360485 2.360485
# threash 3072000 3072000 3072000 3072000 3072000
105 3072 580.958119 0.691114 1.000000 0.141133 2.360485 2.360485 2.360485
# threash 3072000 3072000 3072000 3072000 3072000
106 3072 586.138954 0.678895 1.000000 0.141133 2.360485 2.360485 2.360485
# threash 3072000 3072000 3072000 3072000 3072000
107 3072 591.257529 0.543268 0.750000 0.141133 1.522962 1.522962 1.522962
# threash 2304000 2304000 2304000 2304000 2304000
108 3072 595.186286 0.452474 0.750000 0.291661 1.349265 1.349265 1.858836
# threash 2304000 2816000 2304000 2304000 2816000
109 3072 599.865498 0.510422 0.916667 0.293038 1.975466 1.975466 2.184579
# threash 2816000 3072000 2816000 2816000 3072000
110 3072 605.015801 0.599766 1.000000 0.218577 2.184579 2.184579 2.184579
# threash 3072000 3072000 3072000 3072000 3072000
111 2816 610.056385 0.528033 1.000000 0.218577 2.500940 2.965398 2.500940
# threash 2816000 3072000 2816000 3072000 2816000
112 2816 615.196859 0.585082 1.000000 0.218577 2.500940 2.965398 2.500940
# threash 2816000 3072000 2816000 3072000 2816000
113 2816 620.384479 0.567399 1.000000 0.218577 2.500940 2.965398 2.500940
# threash 2816000 3072000 2816000 3072000 2816000
114 2816 625.540763 0.578947 1.000000 0.218577 2.500940 2.965398 2.500940
# threash 2816000 3072000 2816000 3072000 2816000
115 2816 630.687913 0.594469 1.000000 0.218577 2.500940 2.965398 2.500940
# threash 2816000 3072000 2816000 3072000 2816000
116 2816 635.851660 0.611642 1.000000 0.218577 2.500940 2.965398 2.500940
# threash 2816000 3072000 2816000 3072000 2816000
117 2816 640.982045 0.630683 1.000000 0.218577 2.500940 2.965398 2.500940
# threash 2816000 3072000 2816000 3072000 2816000
118 2816 646.111873 0.618765 1.000000 0.218577 2.500940 2.965398 2.500940
# threash 2816000 3072000 2816000 3072000 2816000
119 2816 651.111929 0.601196 1.000000 0.145718 2.500940 2.965398 2.500940
# threash 2816000 3072000 2816000 3072000 2816000
120 2816 656.294227 0.542628 0.818182 0.023198 2.072515 2.072515 2.072515
# threash 2304000 2304000 2304000 2304000 2304000
121 2816 660.166584 0.457779 0.818182 0.070566 1.682517 1.682517 2.349687
# threash 2304000 2816000 2304000 2304000 2816000
122 2816 665.014630 0.531221 1.000000 0.145718 2.500940 2.500940 2.500940
# threash 2816000 3072000 2816000 2816000 2816000
123 2816 669.796193 0.557072 1.000000 0.148851 2.500940 2.500940 2.500940
# threash 2816000 3072000 2816000 2816000 2816000
124 2816 674.474694 0.464533 1.000000 0.150613 2.193974 2.193974 2.193974
# threash 2816000 3584000 2816000 2816000 2816000
125 2816 679.133906 0.516318 1.000000 0.151042 2.193974 2.193974 2.193974
# threash 2816000 3584000 2816000 2816000 2816000
126 2816 683.709697 0.437063 1.000000 0.149988 2.082009 2.082009 2.082009
# threash 2816000 3840000 2816000 2816000 2816000
127 2816 688.307290 0.466457 1.000000 0.147406 2.082009 2.082009 2.082009
# threash 2816000 3840000 2816000 2816000 2816000
128 2816 693.035357 0.424544 1.000000 0.143192 2.082009 2.082009 2.082009
# threash 2816000 3840000 2816000 2816000 2816000
129 2816 697.726439 0.424096 1.000000 0.137015 2.082009 2.082009 2.082009
# threash 2816000 3840000 2816000 2816000 2816000
130 2816 702.376968 0.391002 1.000000 0.128565 1.988737 1.988737 1.988737
# threash 2816000 4096000 2816000 2816000 2816000
131 2816 707.081011 0.374120 1.000000 0.117296 1.909915 1.909915 1.909915
# threash 2816000 4352000 2816000 2816000 2816000
132 2816 711.700229 0.383704 1.000000 0.051030 1.909915 1.909915 1.909915
# threash 2816000 4352000 2816000 2816000 2816000
133 2816 716.358034 0.371946 1.000000 0.000000 1.909915 1.909915 1.909915
# threash 2816000 4352000 2816000 2816000 2816000
134 2816 721.087172 0.367912 1.000000 0.000000 1.909915 1.909915 1.909915
# threash 2816000 4352000 2816000 2816000 2816000
135 2816 725.603465 0.353769 1.000000 0.000000 1.842477 1.842477 1.842477
# threash 2816000 4608000 2816000 2816000 2816000
136 2816 730.214265 0.334879 1.000000 0.000000 1.784159 1.784159 1.784159
# threash 2816000 4864000 2816000 2816000 2816000
137 2816 734.927086 0.334442 1.000000 0.000000 1.784159 1.784159 1.784159
# threash 2816000 4864000 2816000 2816000 2816000
138 2816 739.440958 0.326568 1.000000 0.000000 1.733253 1.733253 1.733253
# threash 2816000 5120000 2816000 2816000 2816000
139 2816 744.052567 0.311126 1.000000 0.000000 1.733253 1.733253 1.733253
# threash 2816000 5120000 2816000 2816000 2816000
140 2816 748.525507 0.295024 1.000000 0.000000 1.733253 1.733253 1.733253
# threash 2816000 5120000 2816000 2816000 2816000
141 2816 753.158875 0.309927 1.000000 0.000000 1.733253 1.733253 1.733253
# threash 2816000 5120000 2816000 2816000 2816000
142 2816 758.159100 0.278426 1.000000 0.000000 1.733253 1.733253 1.733253
# threash 2816000 5120000 2816000 2816000 2816000
143 2816 763.159202 0.309859 1.000000 0.000000 1.733253 1.733253 1.733253
# threash 2816000 5120000 2816000 2816000 2816000
144 2816 768.158577 0.288998 1.000000 0.000000 1.733253 1.733253 1.733253
# threash 2816000 5120000 2816000 2816000 2816000
145 2816 773.158802 0.292237 1.000000 0.000000 1.733253 1.733253 1.733253
# threash 2816000 5120000 2816000 2816000 2816000
146 2816 778.159885 0.301531 1.000000 0.000000 1.733253 1.733253 1.733253
# threash 2816000 5120000 2816000 2816000 2816000
147 2816 783.158983 0.297517 1.000000 0.000000 1.733253 1.733253 1.733253
# threash 2816000 5120000 2816000 2816000 2816000
148 2816 788.158577 0.287611 1.000000 0.000000 1.733253 1.733253 1.733253
# threash 2816000 5120000 2816000 2816000 2816000
149 2816 793.159694 0.294993 1.000000 0.000000 1.733253 1.733253 1.733253
# threash 2816000 5120000 2816000 2816000 2816000
150 2816 798.159928 0.295024 1.000000 0.000000 1.733253 1.733253 1.733253
# threash 2816000 5120000 2816000 2816000 2816000
151 2816 803.159207 0.301402 1.000000 0.000000 1.733253 1.733253 1.733253
# threash 2816000 5120000 2816000 2816000 2816000
152 2816 808.159065 0.309247 1.000000 0.000000 1.733253 1.733253 1.733253
# threash 2816000 5120000 2816000 2816000 2816000
153 2816 813.159090 0.308332 1.000000 0.000000 1.733253 1.733253 1.733253
# threash 2816000 5120000 2816000 2816000 2816000
154 2816 818.159460 0.303546 1.000000 0.000000 1.733253 1.733253 1.733253
# threash 2816000 5120000 2816000 2816000 2816000
155 2816 823.159666 0.289652 1.000000 0.000000 1.733253 1.733253 1.733253
# threash 2816000 5120000 2816000 2816000 2816000
156 2816 828.158577 0.275161 1.000000 0.000000 1.733253 1.733253 1.733253
# threash 2816000 5120000 2816000 2816000 2816000
157 2816 833.159124 0.300181 1.000000 0.000000 1.733253 1.733253 1.733253
# threash 2816000 5120000 2816000 2816000 2816000
158 2816 838.158577 0.298432 1.000000 0.000000 1.733253 1.733253 1.733253
# threash 2816000 5120000 2816000 2816000 2816000
159 2816 843.158751 0.313865 1.000000 0.000000 1.733253 1.733253 1.733253
# threash 2816000 5120000 2816000 2816000 2816000
160 2816 848.159124 0.280842 1.000000 0.000000 1.733253 1.733253 1.733253
# threash 2816000 5120000 2816000 2816000 2816000
161 2816 853.158577 0.311573 1.000000 0.000000 1.733253 1.733253 1.733253
# threash 2816000 5120000 2816000 2816000 2816000
162 2816 858.159212 0.289921 1.000000 0.000000 1.733253 1.733253 1.733253
# threash 2816000 5120000 2816000 2816000 2816000
163 2816 863.159872 0.308130 1.000000 0.000000 1.733253 1.733253 1.733253
# threash 2816000 5120000 2816000 2816000 2816000
164 2816 868.159911 0.280004 1.000000 0.000000 1.733253 1.733253 1.733253
# threash 2816000 5120000 2816000 2816000 2816000
165 2816 873.159305 0.288761 1.000000 0.000000 1.733253 1.733253 1.733253
# threash 2816000 5120000 2816000 2816000 2816000
166 2816 878.158743 0.312611 1.000000 0.000000 1.733253 1.733253 1.733253
# threash 2816000 5120000 2816000 2816000 2816000
167 2816 883.159037 0.286645 1.000000 0.000000 1.733253 1.733253 1.733253
# threash 2816000 5120000 2816000 2816000 2816000
168 2816 888.158577 0.245982 1.000000 0.000000 1.733253 1.733253 1.733253
# threash 2816000 5120000 2816000 2816000 2816000
169 2816 893.158577 0.239171 1.000000 0.000000 1.733253 1.733253 1.733253
# threash 2816000 5120000 2816000 2816000 2816000
170 2816 898.159396 0.250578 1.000000 0.000000 1.733253 1.733253 1.733253
# threash 2816000 5120000 2816000 2816000 2816000
171 2816 903.158577 0.266062 1.000000 0.000000 1.733253 1.733253 1.733253
# threash 2816000 5120000 2816000 2816000 2816000
172 2816 908.158577 0.241323 1.000000 0.000000 1.733253 1.733253 1.733253
# threash 2816000 5120000 2816000 2816000 2816000
173 2816 913.158793 0.240890 1.000000 0.000000 1.733253 1.733253 1.733253
# threash 2816000 5120000 2816000 2816000 2816000
174 2816 918.158577 0.237137 1.000000 0.000000 1.733253 1.733253 1.733253
# threash 2816000 5120000 2816000 2816000 2816000
175 3072 923.158577 0.196882 0.916667 0.000000 1.588815 1.588815 1.822119
# threash 2816000 5120000 2816000 2816000 3072000
176 3072 928.159052 0.214510 1.000000 0.024939 1.822119 1.822119 1.822119
# threash 3072000 5120000 3072000 3072000 3072000
177 3072 933.158577 0.216857 1.000000 0.033382 1.822119 1.822119 1.822119
# threash 3072000 5120000 3072000 3072000 3072000
178 3072 938.158577 0.213126 1.000000 0.038490 1.822119 1.822119 1.822119
# threash 3072000 5120000 3072000 3072000 3072000
179 3072 943.158577 0.218477 1.000000 0.041599 1.822119 1.822119 1.822119
# threash 3072000 5120000 3072000 3072000 3072000
