2 3328 129.932004 0.584623 0.692308 0.000000 1.569029 1.569029 1.569029
# threash 2304000 2304000 2304000 2304000 2304000
3 3328 133.272645 0.458599 0.692308 0.181818 1.307288 1.307288 1.709223
# threash 2304000 2816000 2304000 2304000 2816000
4 3328 137.303705 0.453316 0.846154 0.296907 1.856439 1.856439 2.530891
# threash 2816000 3584000 2816000 2816000 3328000
5 3328 142.019234 0.531799 1.000000 0.432603 2.530891 2.530891 2.530891
# threash 3328000 3584000 3328000 3328000 3328000
6 3328 146.753065 0.519108 1.000000 0.406887 2.378968 2.378968 2.378968
# threash 3328000 3840000 3328000 3328000 3328000
7 3328 151.393504 0.461133 1.000000 0.381881 2.253535 2.253535 2.253535
# threash 3328000 4096000 3328000 3328000 3328000
8 3328 156.078181 0.595989 1.000000 0.359996 1.933084 1.933084 1.933084
# threash 3328000 3328000 3328000 3328000 3328000
9 3328 161.690053 0.618702 1.000000 0.340884 1.965294 1.965294 1.965294
# threash 3328000 3328000 3328000 3328000 3328000
10 3328 167.339177 0.661893 1.000000 0.324358 1.993980 1.993980 1.993980
# threash 3328000 3328000 3328000 3328000 3328000
11 3328 172.930955 0.550656 0.769231 0.309868 1.319221 1.319221 1.319221
# threash 2560000 2560000 2560000 2560000 2560000
12 3072 177.283141 0.494399 0.833333 0.460595 1.173933 1.173933 1.564669
# threash 2560000 3072000 2560000 2560000 3072000
13 3072 182.481838 0.656270 1.000000 0.552326 1.755769 1.755769 1.755769
# threash 3072000 3072000 3072000 3072000 3072000
14 3072 187.656700 0.606995 1.000000 0.437093 2.161158 2.161158 2.161158
# threash 3072000 3072000 3072000 3072000 3072000
15 3072 192.983809 0.667246 1.000000 0.229356 2.365822 2.365822 2.365822
# threash 3072000 3072000 3072000 3072000 3072000
16 3072 198.098814 0.633271 1.000000 0.138875 2.368306 2.368306 2.368306
# threash 3072000 3072000 3072000 3072000 3072000
17 3072 203.253986 0.687864 1.000000 0.137825 2.374122 2.374122 2.374122
# threash 3072000 3072000 3072000 3072000 3072000
18 3072 208.445367 0.598271 0.833333 0.135372 1.764167 1.764167 1.764167
# threash 2560000 2560000 2560000 2560000 2560000
19 3072 212.733192 0.517590 0.833333 0.250000 1.566027 1.566027 1.785419
# threash 2560000 2816000 2560000 2560000 2816000
20 3072 217.409104 0.592717 0.916667 0.333335 1.803390 1.803390 1.803390
# threash 2816000 2816000 2816000 2816000 2816000
21 3072 222.199062 0.542164 0.916667 0.323320 1.696265 1.696265 1.873620
# threash 2816000 3072000 2816000 2816000 3072000
22 3072 227.448631 0.633402 1.000000 0.372128 2.084116 2.084116 2.084116
# threash 3072000 3072000 3072000 3072000 3072000
23 3072 232.718871 0.688944 1.000000 0.265655 2.315459 2.315459 2.315459
# threash 3072000 3072000 3072000 3072000 3072000
24 3072 237.940987 0.646737 1.000000 0.160392 2.315459 2.315459 2.315459
# threash 3072000 3072000 3072000 3072000 3072000
25 3072 243.131608 0.654871 1.000000 0.160392 2.315459 2.315459 2.315459
# threash 3072000 3072000 3072000 3072000 3072000
26 3072 248.269443 0.686941 1.000000 0.160392 2.315459 2.315459 2.315459
# threash 3072000 3072000 3072000 3072000 3072000
27 3072 253.442658 0.572565 0.750000 0.160392 1.459461 1.459461 1.459461
# threash 2304000 2304000 2304000 2304000 2304000
28 3072 257.343609 0.449824 0.750000 0.334251 1.054358 1.054358 1.789948
# threash 2304000 3072000 2304000 2304000 3072000
29 3072 262.533739 0.642947 1.000000 0.417813 1.945948 1.945948 1.945948
# threash 3072000 3072000 3072000 3072000 3072000
30 3072 267.770464 0.607355 1.000000 0.334251 2.174336 2.174336 2.174336
# threash 3072000 3072000 3072000 3072000 3072000
31 3072 272.986482 0.671475 1.000000 0.223277 2.184579 2.184579 2.184579
# threash 3072000 3072000 3072000 3072000 3072000
32 3072 278.127160 0.641068 1.000000 0.218577 2.360485 2.360485 2.360485
# threash 3072000 3072000 3072000 3072000 3072000
33 2816 283.241786 0.566232 0.818182 0.141133 1.661413 1.661413 1.661413
# threash 2304000 2304000 2304000 2304000 2304000
34 2816 287.047261 0.431703 0.818182 0.291661 1.732091 1.732091 2.500940
# threash 2304000 3072000 2304000 2304000 2816000
35 2816 291.726543 0.527440 1.000000 0.390717 2.500940 2.500940 2.500940
# threash 2816000 3072000 2816000 2816000 2816000
36 2816 296.509741 0.514244 1.000000 0.390235 2.500940 2.500940 2.500940
# threash 2816000 3072000 2816000 2816000 2816000
37 2816 301.283591 0.489229 1.000000 0.387458 2.330665 2.330665 2.330665
# threash 2816000 3328000 2816000 2816000 2816000
38 2816 305.950726 0.478180 1.000000 0.382365 2.330665 2.330665 2.330665
# threash 2816000 3328000 2816000 2816000 2816000
39 2816 310.544346 0.461186 1.000000 0.280857 2.193974 2.193974 2.193974
# threash 2816000 3584000 2816000 2816000 2816000
40 2816 315.120452 0.432898 1.000000 0.147406 2.082009 2.082009 2.082009
# threash 2816000 3840000 2816000 2816000 2816000
41 2816 319.711518 0.420424 1.000000 0.143192 2.082009 2.082009 2.082009
# threash 2816000 3840000 2816000 2816000 2816000
42 2816 324.402011 0.414728 1.000000 0.137015 2.082009 2.082009 2.082009
# threash 2816000 3840000 2816000 2816000 2816000
43 2816 329.083824 0.383338 1.000000 0.128565 1.909915 1.909915 1.909915
# threash 2816000 4352000 2816000 2816000 2816000
44 2816 333.767274 0.400569 1.000000 0.117296 1.909915 1.909915 1.909915
# threash 2816000 4352000 2816000 2816000 2816000
45 2816 338.347163 0.370819 1.000000 0.051030 1.909915 1.909915 1.909915
# threash 2816000 4352000 2816000 2816000 2816000
46 2816 342.997512 0.359505 1.000000 0.000000 1.842477 1.842477 1.842477
# threash 2816000 4608000 2816000 2816000 2816000
47 2816 347.719173 0.331841 1.000000 0.000000 1.784159 1.784159 1.784159
# threash 2816000 4864000 2816000 2816000 2816000
48 2816 352.425707 0.368153 1.000000 0.000000 1.784159 1.784159 1.784159
# threash 2816000 4864000 2816000 2816000 2816000
49 2816 357.201397 0.340755 1.000000 0.000000 1.784159 1.784159 1.784159
# threash 2816000 4864000 2816000 2816000 2816000
50 2816 361.904372 0.340961 1.000000 0.000000 1.784159 1.784159 1.784159
# threash 2816000 4864000 2816000 2816000 2816000
51 2816 366.629147 0.317296 1.000000 0.000000 1.733253 1.733253 1.733253
# threash 2816000 5120000 2816000 2816000 2816000
52 2816 371.453811 0.335718 1.000000 0.000000 1.733253 1.733253 1.733253
# threash 2816000 5120000 2816000 2816000 2816000
53 2816 376.215591 0.306220 1.000000 0.000000 1.733253 1.733253 1.733253
# threash 2816000 5120000 2816000 2816000 2816000
54 2816 381.038307 0.314251 1.000000 0.000000 1.733253 1.733253 1.733253
# threash 2816000 5120000 2816000 2816000 2816000
55 2816 385.762619 0.303252 1.000000 0.000000 1.733253 1.733253 1.733253
# threash 2816000 5120000 2816000 2816000 2816000
56 2816 390.480973 0.300726 1.000000 0.000000 1.733253 1.733253 1.733253
# threash 2816000 5120000 2816000 2816000 2816000
57 2816 395.242396 0.285078 1.000000 0.000000 1.733253 1.733253 1.733253
# threash 2816000 5120000 2816000 2816000 2816000
58 2816 400.242191 0.300630 1.000000 0.000000 1.733253 1.733253 1.733253
# threash 2816000 5120000 2816000 2816000 2816000
59 2816 405.242686 0.287787 1.000000 0.000000 1.733253 1.733253 1.733253
# threash 2816000 5120000 2816000 2816000 2816000
60 2816 410.242431 0.292420 1.000000 0.000000 1.733253 1.733253 1.733253
# threash 2816000 5120000 2816000 2816000 2816000
61 2816 415.243294 0.293181 1.000000 0.000000 1.733253 1.733253 1.733253
# threash 2816000 5120000 2816000 2816000 2816000
62 2816 420.242992 0.296765 1.000000 0.000000 1.733253 1.733253 1.733253
# threash 2816000 5120000 2816000 2816000 2816000
63 2816 425.242560 0.303448 1.000000 0.000000 1.733253 1.733253 1.733253
# threash 2816000 5120000 2816000 2816000 2816000
64 2816 430.241857 0.302666 1.000000 0.000000 1.733253 1.733253 1.733253
# threash 2816000 5120000 2816000 2816000 2816000
65 2816 435.241857 0.297674 1.000000 0.000000 1.733253 1.733253 1.733253
# threash 2816000 5120000 2816000 2816000 2816000
66 2816 440.241857 0.289176 1.000000 0.000000 1.733253 1.733253 1.733253
# threash 2816000 5120000 2816000 2816000 2816000
67 2816 445.241857 0.300630 1.000000 0.000000 1.733253 1.733253 1.733253
# threash 2816000 5120000 2816000 2816000 2816000
68 2816 450.242082 0.295923 1.000000 0.000000 1.733253 1.733253 1.733253
# threash 2816000 5120000 2816000 2816000 2816000
69 2816 455.242318 0.291059 1.000000 0.000000 1.733253 1.733253 1.733253
# threash 2816000 5120000 2816000 2816000 2816000
70 2816 460.241857 0.293700 1.000000 0.000000 1.733253 1.733253 1.733253
# threash 2816000 5120000 2816000 2816000 2816000
71 2816 465.242440 0.285685 1.000000 0.000000 1.733253 1.733253 1.733253
# threash 2816000 5120000 2816000 2816000 2816000
72 2816 470.242328 0.305721 1.000000 0.000000 1.733253 1.733253 1.733253
# threash 2816000 5120000 2816000 2816000 2816000
73 2816 475.242310 0.282930 1.000000 0.000000 1.733253 1.733253 1.733253
# threash 2816000 5120000 2816000 2816000 2816000
74 2816 480.243070 0.273983 1.000000 0.000000 1.733253 1.733253 1.733253
# threash 2816000 5120000 2816000 2816000 2816000
75 2816 485.243586 0.302893 1.000000 0.000000 1.733253 1.733253 1.733253
# threash 2816000 5120000 2816000 2816000 2816000
76 2816 490.242694 0.293976 1.000000 0.000000 1.733253 1.733253 1.733253
# threash 2816000 5120000 2816000 2816000 2816000
77 2816 495.241917 0.292146 1.000000 0.000000 1.733253 1.733253 1.733253
# threash 2816000 5120000 2816000 2816000 2816000
78 2816 500.242262 0.288052 1.000000 0.000000 1.733253 1.733253 1.733253
# threash 2816000 5120000 2816000 2816000 2816000
79 2816 505.242300 0.312091 1.000000 0.000000 1.733253 1.733253 1.733253
# threash 2816000 5120000 2816000 2816000 2816000
80 2816 510.241857 0.303056 1.000000 0.000000 1.733253 1.733253 1.733253
# threash 2816000 5120000 2816000 2816000 2816000
81 2816 515.242508 0.299606 1.000000 0.000000 1.733253 1.733253 1.733253
# threash 2816000 5120000 2816000 2816000 2816000
82 2816 520.241857 0.290609 1.000000 0.000000 1.733253 1.733253 1.733253
# threash 2816000 5120000 2816000 2816000 2816000
83 2816 525.241857 0.301305 1.000000 0.000000 1.733253 1.733253 1.733253
# threash 2816000 5120000 2816000 2816000 2816000
84 2816 530.243192 0.296483 1.000000 0.000000 1.733253 1.733253 1.733253
# threash 2816000 5120000 2816000 2816000 2816000
85 2816 535.242205 0.310030 1.000000 0.000000 1.733253 1.733253 1.733253
# threash 2816000 5120000 2816000 2816000 2816000
86 2816 540.242206 0.272710 1.000000 0.000000 1.733253 1.733253 1.733253
# threash 2816000 5120000 2816000 2816000 2816000
87 2816 545.242171 0.307323 1.000000 0.000000 1.733253 1.733253 1.733253
# threash 2816000 5120000 2816000 2816000 2816000
88 2816 550.242962 0.294007 1.000000 0.000000 1.733253 1.733253 1.733253
# threash 2816000 5120000 2816000 2816000 2816000
89 2816 555.242553 0.280590 1.000000 0.000000 1.733253 1.733253 1.733253
# threash 2816000 5120000 2816000 2816000 2816000
90 2816 560.242891 0.309757 1.000000 0.000000 1.733253 1.733253 1.733253
# threash 2816000 5120000 2816000 2816000 2816000
91 2816 565.241896 0.297329 1.000000 0.000000 1.733253 1.733253 1.733253
# threash 2816000 5120000 2816000 2816000 2816000
92 2816 570.242077 0.295364 1.000000 0.000000 1.733253 1.733253 1.733253
# threash 2816000 5120000 2816000 2816000 2816000
93 2816 575.241977 0.289891 1.000000 0.000000 1.733253 1.733253 1.733253
# threash 2816000 5120000 2816000 2816000 2816000
94 2816 580.241857 0.307491 1.000000 0.000000 1.733253 1.733253 1.733253
# threash 2816000 5120000 2816000 2816000 2816000
95 2816 585.242013 0.290789 1.000000 0.000000 1.733253 1.733253 1.733253
# threash 2816000 5120000 2816000 2816000 2816000
96 2816 590.243594 0.287552 1.000000 0.000000 1.733253 1.733253 1.733253
# threash 2816000 5120000 2816000 2816000 2816000
97 2816 595.241857 0.303350 1.000000 0.000000 1.733253 1.733253 1.733253
# threash 2816000 5120000 2816000 2816000 2816000
98 2816 600.242108 0.307726 1.000000 0.000000 1.733253 1.733253 1.733253
# threash 2816000 5120000 2816000 2816000 2816000
99 2816 605.247464 0.300181 1.000000 0.000000 1.733253 1.733253 1.733253
# threash 2816000 5120000 2816000 2816000 2816000
100 2816 610.243005 0.307827 1.000000 0.000000 1.733253 1.733253 1.733253
# threash 2816000 5120000 2816000 2816000 2816000
101 2816 615.242003 0.285078 1.000000 0.000000 1.733253 1.733253 1.733253
# threash 2816000 5120000 2816000 2816000 2816000
102 2816 620.243567 0.295395 1.000000 0.000000 1.733253 1.733253 1.733253
# threash 2816000 5120000 2816000 2816000 2816000
103 2816 625.242328 0.292784 1.000000 0.000000 1.733253 1.733253 1.733253
# threash 2816000 5120000 2816000 2816000 2816000
104 2816 630.241857 0.297958 1.000000 0.000000 1.733253 1.733253 1.733253
# threash 2816000 5120000 2816000 2816000 2816000
105 2816 635.241857 0.301790 1.000000 0.000000 1.733253 1.733253 1.733253
# threash 2816000 5120000 2816000 2816000 2816000
106 2816 640.243301 0.299606 1.000000 0.000000 1.733253 1.733253 1.733253
# threash 2816000 5120000 2816000 2816000 2816000
107 2816 645.242498 0.302470 1.000000 0.000000 1.733253 1.733253 1.733253
# threash 2816000 5120000 2816000 2816000 2816000
108 2816 650.242650 0.299798 1.000000 0.000000 1.733253 1.733253 1.733253
# threash 2816000 5120000 2816000 2816000 2816000
109 2816 655.242146 0.310645 1.000000 0.000000 1.733253 1.733253 1.733253
# threash 2816000 5120000 2816000 2816000 2816000
110 2816 660.241928 0.275323 1.000000 0.000000 1.733253 1.733253 1.733253
# threash 2816000 5120000 2816000 2816000 2816000
111 2816 665.242158 0.291330 1.000000 0.000000 1.733253 1.733253 1.733253
# threash 2816000 5120000 2816000 2816000 2816000
112 2816 670.242568 0.297046 1.000000 0.000000 1.733253 1.733253 1.733253
# threash 2816000 5120000 2816000 2816000 2816000
113 2816 675.242389 0.318552 1.000000 0.000000 1.733253 1.733253 1.733253
# threash 2816000 5120000 2816000 2816000 2816000
114 2816 680.242203 0.277767 1.000000 0.000000 1.733253 1.733253 1.733253
# threash 2816000 5120000 2816000 2816000 2816000
115 2816 685.242344 0.310543 1.000000 0.000000 1.733253 1.733253 1.733253
# threash 2816000 5120000 2816000 2816000 2816000
116 2816 690.241857 0.277603 1.000000 0.000000 1.733253 1.733253 1.733253
# threash 2816000 5120000 2816000 2816000 2816000
117 2816 695.241857 0.302276 1.000000 0.000000 1.733253 1.733253 1.733253
# threash 2816000 5120000 2816000 2816000 2816000
118 2816 700.244318 0.292845 1.000000 0.000000 1.733253 1.733253 1.733253
# threash 2816000 5120000 2816000 2816000 2816000
119 2816 705.242523 0.300373 1.000000 0.000000 1.733253 1.733253 1.733253
# threash 2816000 5120000 2816000 2816000 2816000
120 2816 710.242284 0.294069 1.000000 0.000000 1.733253 1.733253 1.733253
# threash 2816000 5120000 2816000 2816000 2816000
121 2816 715.241857 0.290070 1.000000 0.000000 1.733253 1.733253 1.733253
# threash 2816000 5120000 2816000 2816000 2816000
122 2816 720.242824 0.278509 1.000000 0.000000 1.733253 1.733253 1.733253
# threash 2816000 5120000 2816000 2816000 2816000
123 2816 725.242091 0.303546 1.000000 0.000000 1.733253 1.733253 1.733253
# threash 2816000 5120000 2816000 2816000 2816000
124 2816 730.241857 0.294715 1.000000 0.000000 1.733253 1.733253 1.733253
# threash 2816000 5120000 2816000 2816000 2816000
125 2816 735.241857 0.284991 1.000000 0.000000 1.733253 1.733253 1.733253
# threash 2816000 5120000 2816000 2816000 2816000
126 2816 740.241857 0.302861 1.000000 0.000000 1.733253 1.733253 1.733253
# threash 2816000 5120000 2816000 2816000 2816000
127 2816 745.242355 0.278178 1.000000 0.000000 1.733253 1.733253 1.733253
# threash 2816000 5120000 2816000 2816000 2816000
128 2816 750.241857 0.306320 1.000000 0.000000 1.733253 1.733253 1.733253
# threash 2816000 5120000 2816000 2816000 2816000
129 2816 755.243072 0.284761 1.000000 0.000000 1.733253 1.733253 1.733253
# threash 2816000 5120000 2816000 2816000 2816000
130 2816 760.242454 0.292967 1.000000 0.000000 1.733253 1.733253 1.733253
# threash 2816000 5120000 2816000 2816000 2816000
131 2816 765.242965 0.302114 1.000000 0.000000 1.733253 1.733253 1.733253
# threash 2816000 5120000 2816000 2816000 2816000
132 2816 770.241857 0.290429 1.000000 0.000000 1.733253 1.733253 1.733253
# threash 2816000 5120000 2816000 2816000 2816000
133 2816 775.242620 0.309961 1.000000 0.000000 1.733253 1.733253 1.733253
# threash 2816000 5120000 2816000 2816000 2816000
134 2816 780.242301 0.298273 1.000000 0.000000 1.733253 1.733253 1.733253
# threash 2816000 5120000 2816000 2816000 2816000
135 2816 785.241995 0.302470 1.000000 0.000000 1.733253 1.733253 1.733253
# threash 2816000 5120000 2816000 2816000 2816000
136 2816 790.242398 0.310645 1.000000 0.000000 1.733253 1.733253 1.733253
# threash 2816000 5120000 2816000 2816000 2816000
137 2816 795.243111 0.296859 1.000000 0.000000 1.733253 1.733253 1.733253
# threash 2816000 5120000 2816000 2816000 2816000
138 2816 800.242171 0.290609 1.000000 0.000000 1.733253 1.733253 1.733253
# threash 2816000 5120000 2816000 2816000 2816000
139 2816 805.242404 0.298273 1.000000 0.000000 1.733253 1.733253 1.733253
# threash 2816000 5120000 2816000 2816000 2816000
140 2816 810.241983 0.298432 1.000000 0.000000 1.733253 1.733253 1.733253
# threash 2816000 5120000 2816000 2816000 2816000
141 2816 815.243324 0.314005 1.000000 0.000000 1.733253 1.733253 1.733253
# threash 2816000 5120000 2816000 2816000 2816000
142 2816 820.242115 0.281010 1.000000 0.000000 1.733253 1.733253 1.733253
# threash 2816000 5120000 2816000 2816000 2816000
143 2816 825.242252 0.305921 1.000000 0.000000 1.733253 1.733253 1.733253
# threash 2816000 5120000 2816000 2816000 2816000
144 2816 830.243160 0.294838 1.000000 0.000000 1.733253 1.733253 1.733253
# threash 2816000 5120000 2816000 2816000 2816000
145 2816 835.242269 0.281094 1.000000 0.000000 1.733253 1.733253 1.733253
# threash 2816000 5120000 2816000 2816000 2816000
146 2816 840.244963 0.295147 1.000000 0.000000 1.733253 1.733253 1.733253
# threash 2816000 5120000 2816000 2816000 2816000
147 2816 845.243250 0.296483 1.000000 0.000000 1.733253 1.733253 1.733253
# threash 2816000 5120000 2816000 2816000 2816000
148 2816 850.241950 0.297517 1.000000 0.000000 1.733253 1.733253 1.733253
# threash 2816000 5120000 2816000 2816000 2816000
149 2816 855.242391 0.309553 1.000000 0.000000 1.733253 1.733253 1.733253
# threash 2816000 5120000 2816000 2816000 2816000
150 2816 860.241857 0.286733 1.000000 0.000000 1.733253 1.733253 1.733253
# threash 2816000 5120000 2816000 2816000 2816000
151 2816 865.241857 0.295643 1.000000 0.000000 1.733253 1.733253 1.733253
# threash 2816000 5120000 2816000 2816000 2816000
152 2816 870.241920 0.292693 1.000000 0.000000 1.733253 1.733253 1.733253
# threash 2816000 5120000 2816000 2816000 2816000
153 2816 875.243151 0.285280 1.000000 0.000000 1.733253 1.733253 1.733253
# threash 2816000 5120000 2816000 2816000 2816000
154 2816 880.242231 0.295085 1.000000 0.000000 1.733253 1.733253 1.733253
# threash 2816000 5120000 2816000 2816000 2816000
155 2816 885.241857 0.287787 1.000000 0.000000 1.733253 1.733253 1.733253
# threash 2816000 5120000 2816000 2816000 2816000
156 2816 890.242169 0.235117 1.000000 0.000000 1.733253 1.733253 1.733253
# threash 2816000 5120000 2816000 2816000 2816000
157 2816 895.244033 0.257310 1.000000 0.000000 1.733253 1.733253 1.733253
# threash 2816000 5120000 2816000 2816000 2816000
158 2816 900.242555 0.257640 1.000000 0.000000 1.733253 1.733253 1.733253
# threash 2816000 5120000 2816000 2816000 2816000
159 2816 905.241912 0.230348 1.000000 0.000000 1.733253 1.733253 1.733253
# threash 2816000 5120000 2816000 2816000 2816000
160 2816 910.243385 0.248084 1.000000 0.000000 1.733253 1.733253 1.733253
# threash 2816000 5120000 2816000 2816000 2816000
161 2816 915.243537 0.241592 1.000000 0.000000 1.733253 1.733253 1.733253
# threash 2816000 5120000 2816000 2816000 2816000
162 2816 920.243171 0.194744 1.000000 0.000000 1.733253 1.733253 1.733253
# threash 2816000 5120000 2816000 2816000 2816000
163 2816 925.241857 0.204666 1.000000 0.000000 1.733253 1.733253 1.733253
# threash 2816000 5120000 2816000 2816000 2816000
164 3072 930.243746 0.213200 1.000000 0.000000 1.822119 1.588815 1.822119
# threash 2816000 5120000 3072000 2816000 3072000
165 3072 935.241857 0.223662 1.000000 0.024939 1.822119 1.822119 1.822119
# threash 3072000 5120000 3072000 3072000 3072000
166 3072 940.242078 0.214780 1.000000 0.033382 1.822119 1.822119 1.822119
# threash 3072000 5120000 3072000 3072000 3072000
167 3072 945.241857 0.158883 1.000000 0.038490 1.822119 1.822119 1.822119
# threash 3072000 5120000 3072000 3072000 3072000
168 3072 950.242666 0.163283 1.000000 0.041599 1.822119 1.822119 1.822119
# threash 3072000 5120000 3072000 3072000 3072000
169 3072 955.242825 0.164278 1.000000 0.043192 1.822119 1.822119 1.822119
# threash 3072000 5120000 3072000 3072000 3072000
170 3072 960.241857 0.164922 1.000000 0.043478 1.822119 1.822119 1.822119
# threash 3072000 5120000 3072000 3072000 3072000
171 3072 965.242513 0.164015 1.000000 0.042565 1.822119 1.822119 1.822119
# threash 3072000 5120000 3072000 3072000 3072000
172 3072 970.242402 0.166567 1.000000 0.040414 1.822119 1.822119 1.822119
# threash 3072000 5120000 3072000 3072000 3072000
173 3328 975.242135 0.166477 0.923077 0.036852 1.681956 1.681956 1.915541
# threash 3072000 5120000 3072000 3072000 3328000
174 3328 980.241857 0.119958 1.000000 0.082758 1.915541 1.915541 1.915541
# threash 3328000 5120000 3328000 3328000 3328000
175 3328 985.241857 0.121093 1.000000 0.081608 1.915541 1.915541 1.915541
# threash 3328000 5120000 3328000 3328000 3328000
176 3328 990.241857 0.118140 1.000000 0.035348 1.915541 1.915541 1.915541
# threash 3328000 5120000 3328000 3328000 3328000
177 3328 995.241857 0.117864 1.000000 0.038225 1.915541 1.915541 1.915541
# threash 3328000 5120000 3328000 3328000 3328000
178 3328 1000.241857 0.116665 1.000000 0.039712 1.915541 1.915541 1.915541
# threash 3328000 5120000 3328000 3328000 3328000
179 3328 1005.241857 0.117676 1.000000 0.040000 1.915541 1.915541 1.915541
# threash 3328000 5120000 3328000 3328000 3328000
