# AndroidClient mimuroto
1.059848 0.128000  1.404433 0.128000 
1.404433 1.280000  3.899244 1.280000 
6.404433 1.792000  9.571679 1.792000 
11.404433 2.048000  14.075234 2.048000 
16.404433 2.304000  19.662723 2.304000 
21.404433 2.304000  24.667255 2.304000 
26.404433 2.560000  30.374997 2.560000 
31.404433 2.560000  41.549914 2.560000 
41.549914 1.792000  53.790595 1.792000 
53.790595 1.536000  61.030849 1.536000 
61.030849 1.280000  66.247589 1.280000 
66.247589 1.280000  73.964508 1.280000 
73.964508 1.280000  82.525294 1.280000 
82.525294 1.024000  86.499641 1.024000 
87.525294 1.024000  93.005669 1.024000 
93.005669 1.024000  98.488153 1.024000 
98.488153 1.024000  105.927589 1.024000 
105.927589 1.024000  112.845483 1.024000 
112.845483 1.024000  120.823600 1.024000 
120.823600 1.024000  129.938989 1.024000 
129.938989 0.896000  136.079156 0.896000 
136.079156 0.896000  142.659080 0.896000 
142.659080 0.896000  149.595703 0.896000 
149.595703 0.896000  155.979124 0.896000 
155.979124 0.896000  162.458644 0.896000 
162.458644 0.896000  168.884941 0.896000 
168.884941 0.768000  174.744470 0.768000 
174.744470 0.768000  180.575265 0.768000 
180.575265 0.768000  186.618697 0.768000 
186.618697 0.768000  191.707195 0.768000 
191.707195 0.768000  197.825569 0.768000 
197.825569 0.768000  203.241048 0.768000 
203.241048 0.768000  208.793736 0.768000 
208.793736 0.768000  213.864763 0.768000 
213.864763 0.768000  219.671108 0.768000 
219.671108 0.768000  225.970580 0.768000 
225.970580 0.768000  231.405031 0.768000 
231.405031 0.768000  236.555743 0.768000 
236.555743 0.768000  242.647537 0.768000 
242.647537 0.768000  248.282441 0.768000 
248.282441 0.768000  254.299061 0.768000 
254.299061 0.640000  258.372512 0.640000 
259.299061 0.640000  263.556985 0.640000 
264.299061 0.640000  269.651287 0.640000 
269.651287 0.640000  273.538866 0.640000 
274.651287 0.640000  279.648659 0.640000 
279.651287 0.640000  283.789463 0.640000 
284.651287 0.640000  289.483393 0.640000 
289.651287 0.640000  293.510847 0.640000 
294.651287 0.640000  299.510282 0.640000 
299.651287 0.640000  304.874067 0.640000 
304.874067 0.640000  309.939295 0.640000 
309.939295 0.640000  314.358464 0.640000 
314.939295 0.640000  319.509036 0.640000 
319.939295 0.640000  324.319130 0.640000 
324.939295 0.640000  329.720191 0.640000 
329.939295 0.640000  334.761622 0.640000 
334.939295 0.640000  339.536418 0.640000 
339.939295 0.640000  344.249269 0.640000 
344.939295 0.640000  349.420670 0.640000 
349.939295 0.640000  354.065004 0.640000 
354.939295 0.640000  359.619890 0.640000 
359.939295 0.640000  364.120187 0.640000 
364.939295 0.640000  369.216073 0.640000 
369.939295 0.640000  374.353853 0.640000 
374.939295 0.640000  379.400341 0.640000 
379.939295 0.640000  384.042411 0.640000 
384.939295 0.640000  389.374685 0.640000 
389.939295 0.640000  394.581522 0.640000 
394.939295 0.640000  399.566627 0.640000 
399.939295 0.640000  404.262967 0.640000 
404.939295 0.640000  410.321341 0.640000 
410.321341 0.640000  414.562465 0.640000 
415.321341 0.640000  420.244044 0.640000 
420.321341 0.640000  425.057950 0.640000 
425.321341 0.640000  429.391314 0.640000 
430.321341 0.640000  434.603564 0.640000 
435.321341 0.640000  440.109008 0.640000 
440.321341 0.640000  445.213947 0.640000 
445.321341 0.640000  450.200963 0.640000 
450.321341 0.640000  455.067378 0.640000 
455.321341 0.640000  460.257361 0.640000 
460.321341 0.640000  464.936646 0.640000 
465.321341 0.640000  470.126450 0.640000 
470.321341 0.640000  474.937601 0.640000 
475.321341 0.640000  479.636467 0.640000 
480.321341 0.640000  485.005968 0.640000 
485.321341 0.640000  490.131015 0.640000 
490.321341 0.640000  494.848142 0.640000 
495.321341 0.640000  499.460292 0.640000 
500.321341 0.640000  504.485502 0.640000 
505.321341 0.640000  508.626824 0.640000 
510.321341 0.640000  513.530633 0.640000 
515.321341 0.640000  518.301386 0.640000 
520.321341 0.640000  524.651751 0.640000 
525.321341 0.640000  530.766757 0.640000 
530.766757 0.640000  534.126634 0.640000 
535.766757 0.640000  539.194909 0.640000 
540.766757 0.640000  545.256096 0.640000 
545.766757 0.640000  551.414952 0.640000 
551.414952 0.640000  556.555043 0.640000 
556.555043 0.640000  561.759658 0.640000 
561.759658 0.640000  565.264086 0.640000 
566.759658 0.512000  568.133325 0.512000 
571.759658 0.512000  572.234370 0.512000 
576.759658 0.512000  576.964101 0.512000 
581.759658 0.512000  581.965545 0.512000 
586.759658 0.512000  586.965826 0.512000 
591.759658 0.512000  591.963840 0.512000 
596.759658 0.512000  596.966638 0.512000 
601.759658 0.512000  601.970896 0.512000 
606.759658 0.512000  606.971875 0.512000 
611.759658 0.512000  611.962561 0.512000 
616.759658 0.512000  616.958695 0.512000 
621.759658 0.512000  621.958745 0.512000 
626.759658 0.512000  626.958788 0.512000 
631.759658 0.512000  631.973954 0.512000 
636.759658 0.512000  636.966162 0.512000 
641.759658 0.512000  641.969877 0.512000 
646.759658 0.512000  646.967493 0.512000 
651.759658 0.640000  652.019187 0.640000 
656.759658 0.640000  657.023737 0.640000 
661.759658 0.640000  662.017750 0.640000 
666.759658 0.640000  667.014884 0.640000 
671.759658 0.640000  672.012171 0.640000 
676.759658 0.640000  677.016241 0.640000 
681.759658 0.640000  682.009821 0.640000 
686.759658 0.640000  687.019832 0.640000 
691.759658 0.640000  692.012734 0.640000 
696.759658 0.640000  697.013029 0.640000 
701.759658 0.640000  702.014893 0.640000 
706.759658 0.640000  707.009881 0.640000 
711.759658 0.640000  712.008113 0.640000 
716.759658 0.640000  717.013519 0.640000 
721.759658 0.768000  722.066676 0.768000 
726.759658 0.768000  727.064304 0.768000 
731.759658 0.768000  732.067407 0.768000 
736.759658 0.768000  737.070987 0.768000 
741.759658 0.768000  742.063898 0.768000 
746.759658 0.768000  747.067155 0.768000 
751.759658 0.768000  752.080379 0.768000 
756.759658 0.768000  757.136408 0.768000 
761.759658 0.768000  762.071365 0.768000 
766.759658 0.896000  767.159589 0.896000 
771.759658 0.896000  772.627868 0.896000 
776.759658 0.896000  777.813689 0.896000 
781.759658 0.896000  782.862999 0.896000 
786.759658 0.896000  787.918812 0.896000 
791.759658 0.896000  792.920553 0.896000 
796.759658 0.896000  797.991353 0.896000 
801.759658 0.896000  803.217244 0.896000 
806.759658 1.024000  808.652320 1.024000 
811.759658 1.024000  813.741057 1.024000 
816.759658 1.024000  818.747005 1.024000 
821.759658 1.024000  823.768175 1.024000 
826.759658 1.024000  828.763475 1.024000 
831.759658 1.024000  833.743739 1.024000 
836.759658 1.024000  838.804188 1.024000 
841.759658 1.024000  843.767049 1.024000 
846.759658 1.024000  848.756206 1.024000 
851.759658 1.024000  853.786732 1.024000 
856.759658 1.024000  858.783093 1.024000 
861.759658 1.024000  863.790588 1.024000 
866.759658 1.024000  868.797635 1.024000 
871.759658 1.280000  874.397674 1.280000 
876.759658 1.280000  879.365962 1.280000 
881.759658 1.280000  884.408302 1.280000 
886.759658 1.280000  889.368914 1.280000 
891.759658 1.280000  893.494996 1.280000 
896.759658 1.280000  897.275394 1.280000 
901.759658 1.280000  902.259048 1.280000 
906.759658 1.280000  907.266287 1.280000 
911.759658 1.536000  912.368499 1.536000 
916.759658 1.536000  917.370076 1.536000 
921.759658 1.536000  922.360833 1.536000 
926.759658 1.536000  927.366039 1.536000 
931.759658 1.536000  932.366557 1.536000 
936.759658 1.792000  937.462740 1.792000 
941.759658 1.792000  942.453275 1.792000 
946.759658 1.792000  947.475111 1.792000 
