# VLDDashClient mimuroto
1.093193 0.128000  1.432964 0.128000 
1.432964 1.792000  4.335291 1.792000 
4.335291 2.816000  6.547358 2.816000 
6.547358 4.096000  11.644103 4.096000 
16.547358 4.096000  21.554044 4.096000 
26.547358 4.096000  33.715907 4.096000 
33.715907 3.584000  41.390134 3.584000 
41.390134 3.328000  47.829549 3.328000 
47.829549 3.072000  54.230758 3.072000 
54.230758 3.072000  59.745341 3.072000 
59.745341 3.072000  67.342388 3.072000 
67.342388 2.816000  73.526365 2.816000 
73.526365 2.816000  78.201583 2.816000 
78.526365 2.816000  84.187002 2.816000 
84.187002 2.816000  89.122963 2.816000 
89.187002 2.816000  96.345969 2.816000 
96.345969 2.560000  102.312231 2.560000 
102.312231 2.560000  107.281082 2.560000 
107.312231 2.560000  113.102377 2.560000 
113.102377 2.560000  118.024831 2.560000 
118.102377 2.560000  122.656257 2.560000 
123.102377 2.560000  127.009235 2.560000 
128.102377 2.560000  131.549592 2.560000 
133.102377 2.560000  136.957429 2.560000 
138.102377 2.560000  142.524552 2.560000 
143.102377 2.560000  147.060262 2.560000 
148.102377 2.560000  152.157748 2.560000 
153.102377 2.560000  157.615141 2.560000 
158.102377 2.560000  164.012363 2.560000 
164.012363 2.560000  169.233512 2.560000 
169.233512 2.560000  174.104027 2.560000 
174.233512 2.560000  178.854388 2.560000 
179.233512 2.560000  184.212645 2.560000 
184.233512 2.560000  189.073359 2.560000 
189.233512 2.560000  194.416604 2.560000 
194.416604 2.560000  199.093605 2.560000 
199.416604 2.560000  204.359626 2.560000 
204.416604 2.560000  209.215137 2.560000 
209.416604 2.560000  214.813378 2.560000 
214.813378 2.560000  219.839994 2.560000 
219.839994 2.560000  224.528073 2.560000 
224.839994 2.560000  229.014221 2.560000 
229.839994 2.560000  234.113951 2.560000 
234.839994 2.560000  238.785898 2.560000 
239.839994 2.560000  243.324952 2.560000 
244.839994 2.560000  249.392760 2.560000 
249.839994 2.560000  254.718916 2.560000 
254.839994 2.560000  260.013032 2.560000 
260.013032 2.560000  264.692651 2.560000 
265.013032 2.560000  269.456584 2.560000 
270.013032 2.560000  274.837909 2.560000 
275.013032 2.560000  278.608777 2.560000 
280.013032 2.560000  284.506595 2.560000 
285.013032 2.560000  289.211797 2.560000 
290.013032 2.560000  294.844558 2.560000 
295.013032 2.560000  299.801413 2.560000 
300.013032 2.560000  305.002886 2.560000 
305.013032 2.560000  310.392182 2.560000 
310.392182 2.560000  315.643052 2.560000 
315.643052 2.560000  320.825199 2.560000 
320.825199 2.560000  325.440521 2.560000 
325.825199 2.560000  329.426319 2.560000 
330.825199 2.560000  335.126581 2.560000 
335.825199 2.560000  340.860490 2.560000 
340.860490 2.560000  346.010021 2.560000 
346.010021 2.560000  350.931917 2.560000 
351.010021 2.560000  355.902585 2.560000 
356.010021 2.560000  360.199352 2.560000 
361.010021 2.560000  366.296287 2.560000 
366.296287 2.560000  370.845573 2.560000 
371.296287 2.560000  375.065724 2.560000 
376.296287 2.560000  380.175562 2.560000 
381.296287 2.560000  385.564420 2.560000 
386.296287 2.560000  390.260841 2.560000 
391.296287 2.560000  395.634342 2.560000 
396.296287 2.560000  400.162778 2.560000 
401.296287 2.560000  405.707783 2.560000 
406.296287 2.560000  410.173675 2.560000 
411.296287 2.560000  415.096661 2.560000 
416.296287 2.560000  419.351130 2.560000 
421.296287 2.560000  425.091283 2.560000 
426.296287 2.560000  430.163185 2.560000 
431.296287 2.560000  435.131969 2.560000 
436.296287 2.560000  439.761311 2.560000 
441.296287 2.816000  445.298752 2.816000 
446.296287 2.816000  451.160552 2.816000 
451.296287 2.816000  456.867045 2.816000 
456.867045 2.816000  462.263038 2.816000 
462.263038 2.816000  467.692123 2.816000 
467.692123 2.816000  473.489962 2.816000 
473.489962 2.560000  478.279879 2.560000 
478.489962 2.560000  482.573443 2.560000 
483.489962 2.560000  487.332851 2.560000 
488.489962 2.816000  494.437614 2.816000 
494.437614 2.560000  499.895541 2.560000 
499.895541 2.560000  505.106671 2.560000 
505.106671 2.560000  510.411205 2.560000 
510.411205 2.560000  514.922712 2.560000 
515.411205 2.560000  518.788506 2.560000 
520.411205 2.560000  522.558722 2.560000 
525.411205 2.816000  527.560051 2.816000 
530.411205 2.816000  535.496924 2.816000 
535.496924 2.816000  541.109511 2.816000 
541.109511 2.816000  546.293498 2.816000 
546.293498 2.816000  551.685603 2.816000 
551.685603 2.816000  557.407811 2.816000 
557.407811 2.816000  564.349644 2.816000 
564.349644 2.560000  569.311994 2.560000 
569.349644 2.560000  572.188828 2.560000 
574.349644 2.816000  576.288127 2.816000 
579.349644 2.816000  581.135039 2.816000 
584.349644 2.816000  586.392627 2.816000 
589.349644 2.816000  591.367656 2.816000 
594.349644 2.816000  596.372577 2.816000 
599.349644 2.816000  601.406075 2.816000 
604.349644 2.816000  606.406993 2.816000 
609.349644 2.816000  611.361804 2.816000 
614.349644 2.816000  616.473432 2.816000 
619.349644 2.816000  621.415516 2.816000 
624.349644 2.816000  626.463822 2.816000 
629.349644 2.816000  631.459546 2.816000 
634.349644 2.816000  636.487011 2.816000 
639.349644 2.816000  641.481750 2.816000 
644.349644 2.816000  646.485848 2.816000 
649.349644 2.816000  651.468375 2.816000 
654.349644 2.816000  656.463028 2.816000 
659.349644 3.072000  661.568295 3.072000 
664.349644 3.072000  666.599634 3.072000 
669.349644 3.072000  671.554717 3.072000 
674.349644 3.072000  676.581497 3.072000 
679.349644 3.072000  681.551913 3.072000 
684.349644 3.072000  686.537522 3.072000 
689.349644 3.072000  691.570478 3.072000 
694.349644 3.072000  696.558350 3.072000 
699.349644 3.072000  701.596128 3.072000 
704.349644 3.072000  706.565079 3.072000 
709.349644 3.072000  711.579470 3.072000 
714.349644 3.072000  716.591573 3.072000 
719.349644 3.072000  721.583488 3.072000 
724.349644 3.072000  726.652370 3.072000 
729.349644 3.072000  731.696016 3.072000 
734.349644 3.072000  736.686264 3.072000 
739.349644 3.072000  741.691912 3.072000 
744.349644 3.072000  746.682138 3.072000 
749.349644 3.328000  751.810647 3.328000 
754.349644 3.328000  756.848763 3.328000 
759.349644 3.328000  761.766250 3.328000 
764.349644 3.328000  766.786775 3.328000 
769.349644 3.328000  772.045465 3.328000 
774.349644 3.328000  777.320219 3.328000 
779.349644 3.328000  782.742257 3.328000 
784.349644 3.328000  788.168709 3.328000 
789.349644 3.328000  793.626717 3.328000 
794.349644 3.328000  799.081165 3.328000 
799.349644 3.328000  804.455859 3.328000 
804.455859 3.328000  809.775936 3.328000 
809.775936 3.328000  815.235406 3.328000 
815.235406 3.328000  820.659036 3.328000 
820.659036 3.328000  826.015478 3.328000 
826.015478 3.328000  831.369421 3.328000 
831.369421 3.328000  836.707986 3.328000 
836.707986 3.328000  842.230387 3.328000 
842.230387 3.328000  847.824430 3.328000 
847.824430 3.328000  853.461307 3.328000 
853.461307 3.328000  859.098680 3.328000 
859.098680 3.328000  864.765465 3.328000 
864.765465 3.328000  870.388802 3.328000 
870.388802 3.328000  875.948383 3.328000 
875.948383 3.328000  881.391091 3.328000 
881.391091 3.328000  886.914278 3.328000 
886.914278 3.328000  892.498650 3.328000 
892.498650 3.328000  895.977342 3.328000 
897.498650 3.328000  898.825707 3.328000 
902.498650 3.328000  903.827707 3.328000 
907.498650 3.328000  908.820372 3.328000 
912.498650 3.328000  913.801041 3.328000 
917.498650 3.328000  918.816628 3.328000 
922.498650 3.328000  923.803719 3.328000 
927.498650 3.328000  928.807097 3.328000 
932.498650 3.328000  933.786009 3.328000 
