# AndroidClient mimuroto
63.108249 0.099913 6405.564612 5120
65.531385 2.373135 10787.416443 5120
68.200008 2.668623 9592.962905 5120
71.508154 3.308147 7738.472157 5120
75.320542 3.812388 6714.951613 5120
78.533085 3.212543 7968.763787 5120
81.743456 3.210370 7974.157669 5120
85.818982 2.660733 9621.409521 5120
90.498361 2.340112 10939.648418 5120
96.726551 3.568301 7174.281797 5120
103.906912 5.748663 4453.209434 5120
109.688320 5.781407 4427.987491 5120
115.576520 5.888200 4347.678187 5120
121.354185 5.777665 4430.855422 5120
127.595337 6.241151 4101.807256 5120
134.697438 7.102101 3604.567138 5120
139.941173 5.243735 3661.512083 5120
145.141750 5.200577 3691.897817 5120
150.516737 5.374986 3572.102255 5120
155.755696 5.238959 3664.850086 5120
162.274159 6.518463 2945.479455 5120
165.602123 3.327964 3076.956621 5120
168.824769 3.222646 3177.512955 4864
172.222259 3.397490 3013.989489 4864
178.498860 6.276600 3262.912811 4864
183.764442 5.265582 3160.144254 4608
188.970818 5.206376 3196.081089 4608
194.302589 5.331771 3120.914375 4608
199.789172 5.486583 3032.852876 4608
205.176206 5.387034 3088.898503 4352
209.734214 4.558008 3089.068719 4352
215.021758 5.287544 3147.018549 4352
220.495284 5.473526 3040.087885 4352
225.824137 5.328853 3122.623278 4352
231.286757 5.462620 3046.157584 4096
235.363709 4.076953 3139.599958 4096
239.798617 4.434908 3174.812171 4096
244.691787 4.893170 3139.069621 4096
250.067190 5.375404 3095.581489 4096
255.412027 5.344837 3113.284988 4096
260.816721 5.404694 3078.805234 4096
264.919439 4.102718 3119.883132 4096
269.899586 4.980147 3084.246049 4096
274.811151 4.911565 3127.312686 3840
279.826303 5.015152 3062.718730 3840
284.845221 5.018918 3060.420741 3840
289.752911 4.907690 3129.782033 3840
294.710876 4.957964 3098.045633 3840
299.578976 4.868100 3155.235098 3840
304.983026 5.404050 3079.171988 3840
310.384497 5.401471 3080.642435 3840
315.025149 4.640652 3034.056364 3840
319.695700 4.670552 3014.633160 3840
324.870890 5.175189 2968.007372 3840
329.747862 4.876973 3149.494691 3840
334.771051 5.023188 3057.819001 3840
339.961945 5.190895 2959.027559 3584
345.114276 5.152331 2981.174773 3584
350.269123 5.154846 2979.720342 3584
355.309108 5.039985 3047.627907 3584
360.383988 5.074880 3026.672344 3584
365.596255 5.212267 2946.894255 3584
370.685338 5.089082 3018.225792 3584
375.675610 4.990273 3077.988217 3584
380.649496 4.973885 3088.129123 3584
385.680350 5.030855 3053.159119 3584
390.825368 5.145018 2985.412207 3584
395.887640 5.062272 3034.210893 3584
400.927061 5.039420 3047.969606 3584
405.902856 4.975795 3086.943846 3584
410.964500 5.061645 3034.586695 3584
416.126511 5.162010 2975.585008 3584
421.099175 4.972665 3088.886993 3584
425.312899 4.213724 3037.693153 3584
429.892446 4.579547 3074.539964 3584
434.936398 5.043952 3045.231328 3584
439.891497 4.955099 3099.837106 3584
445.397006 5.505509 3022.427251 3584
450.830345 5.433339 3062.573724 3584
455.466291 4.635946 3037.136305 3584
460.102134 4.635843 3037.203620 3584
465.251441 5.149307 2982.925861 3328
470.359414 5.107973 3007.063493 3328
475.407158 5.047744 3042.943426 3328
480.450503 5.043345 3045.597830 3328
485.577456 5.126953 2995.931342 3328
490.715090 5.137634 2989.702948 3328
495.802009 5.086919 3019.509435 3328
501.055029 5.253019 2924.032599 3328
506.110991 5.055962 3037.997526 3328
511.154589 5.043598 3045.444965 3328
516.234240 5.079652 3023.829439 3328
520.491956 4.257715 3006.307059 3328
525.056663 4.564707 3084.535329 3328
530.121000 5.064337 3032.973295 3328
535.277518 5.156518 2978.754209 3328
540.401924 5.124405 2997.420872 3328
545.401087 4.999163 3072.514332 3328
550.470335 5.069248 3030.035213 3328
555.364819 4.894484 3138.226413 3328
560.357633 4.992814 3076.421405 3328
565.380416 5.022783 3058.065761 3328
570.323312 4.942896 3107.489748 3328
575.559151 5.235839 2933.627176 3328
580.591553 5.032402 3052.220524 3072
585.653558 5.062005 3034.370999 3072
590.846955 5.193397 2957.601655 3072
595.880699 5.033744 3051.406702 3072
600.965041 5.084342 3021.039715 3072
606.013546 5.048505 3042.484746 3072
611.117238 5.103691 3009.586343 3072
616.185966 5.068728 3030.345895 3072
619.953542 3.767576 3057.668913 3072
624.961463 5.007921 3067.141286 3072
630.085291 5.123829 2997.758339 3072
635.119287 5.033996 3051.254010 3072
640.080002 4.960715 3096.327846 2816
645.033948 4.953946 3100.558932 2816
649.978363 4.944416 3106.534864 2816
654.908825 4.930461 3115.327184 2816
659.917147 5.008322 3066.895162 2816
664.913778 4.996631 3074.071133 2816
669.831072 4.917294 3123.669455 2816
674.885310 5.054238 3039.033762 2816
679.822549 4.937239 3111.050580 2816
684.747455 4.924906 3118.841312 2816
689.679934 4.932480 3114.052473 2816
694.648208 4.968274 3091.617157 2816
699.624485 4.976277 3086.644704 2816
704.659561 5.035076 3050.599444 2816
709.553966 4.894404 3138.277759 2816
714.522620 4.968654 3091.380320 2816
719.458053 4.935434 3112.188551 2816
724.407692 4.949639 3103.256685 2816
729.486941 5.079248 3024.069483 2816
734.379782 4.892842 3139.280052 2816
739.258058 4.878276 3148.653612 2816
744.202138 4.944080 3106.745991 2816
749.142428 4.940291 3109.128868 2816
754.160271 5.017842 3061.076585 2816
759.236101 5.075831 3026.105680 2816
764.181939 4.945838 3105.641507 2816
769.114821 4.932881 3113.798764 2816
774.118114 5.003294 3069.977768 2816
779.067299 4.949185 3103.541418 2816
784.116919 5.049620 3041.813153 2816
789.061849 4.944930 3106.211841 2816
794.086124 5.024275 3057.157374 2816
799.069431 4.983307 3082.290613 2816
804.049721 4.980290 3084.157671 2816
809.061761 5.012040 3064.620559 2816
813.979316 4.917555 3123.503285 2816
819.009150 5.029834 3053.778720 2816
824.004722 4.995572 3074.723226 2816
828.938738 4.934016 3113.082584 2816
833.942999 5.004261 3069.384351 2816
838.994319 5.051320 3040.789130 2816
843.980645 4.986326 3080.424398 2816
848.952572 4.971927 3089.345366 2816
853.883160 4.930588 3115.247012 2816
858.817210 4.934050 3113.061288 2816
863.696544 4.879334 3147.970646 2816
868.656435 4.959890 3096.842672 2816
873.622637 4.966203 3092.906308 2816
878.637719 5.015082 3062.761453 2816
883.658423 5.020703 3059.332312 2816
888.582555 4.924132 3119.331219 2816
893.159876 4.577321 3355.674730 2816
896.996620 3.836744 4003.394255 3072
900.692993 3.696373 4155.425327 3072
904.269650 3.576658 4294.512346 3072
908.202893 3.933242 3905.175121 3072
912.215902 4.013009 3827.552069 3072
917.007731 3.849481 3990.147835 3072
920.519715 2.361465 6504.435933 3072
925.384396 2.226147 6899.814456 3072
930.345134 2.186884 7023.690901 3072
935.453540 2.295290 6691.963555 3072
940.316857 2.158608 7115.697575 3072
945.320419 2.162170 7103.974874 3072
