# WEMAClient mimuroto
94.121058 0.109142 5863.913000 5120
97.983018 3.811960 6715.704000 5120
101.906273 3.923255 4567.636000 4352
106.546043 4.639770 4414.011000 4352
111.106709 4.560666 4490.572000 4352
115.987140 4.880431 4458.622000 4352
120.857053 4.869913 4468.252000 4352
125.887842 5.030789 4325.365000 4096
131.030833 5.142991 3484.353000 3328
136.025893 4.995060 3587.544000 3584
140.988893 4.962999 3610.719000 3584
145.820286 4.831393 3709.075000 3584
150.729945 4.909659 3649.947000 3584
155.685069 4.955124 3616.458000 3584
161.649004 5.963935 3004.727000 2816
166.265553 4.616548 3049.897000 2816
170.703245 4.437693 3172.819000 3072
175.530626 4.827381 3181.849000 3072
180.252991 4.722365 3252.607000 3072
185.055115 4.802125 3198.584000 3072
189.941658 4.886542 3143.326000 3072
194.890061 4.948403 3104.031000 3072
199.790566 4.900505 3134.370000 3072
204.790406 4.999840 3072.098000 3072
209.656040 4.865634 3156.834000 3072
214.635447 4.979407 3084.704000 3072
219.580931 4.945484 3105.863000 3072
224.592148 5.011217 3065.123000 2816
229.601508 5.009359 3066.260000 2816
234.460779 4.859271 3160.967000 3072
239.485104 5.024325 3057.126000 2816
244.510094 5.024990 3056.722000 2816
249.468266 4.958172 3097.916000 3072
254.499410 5.031144 3052.983000 2816
259.434299 4.934889 3112.531000 3072
264.395214 4.960915 3096.203000 3072
269.378844 4.983630 3082.091000 3072
274.314369 4.935525 3112.130000 3072
279.263686 4.949317 3103.458000 3072
284.245155 4.981469 3083.427000 3072
289.196137 4.950982 3102.415000 3072
294.226644 5.030507 3053.370000 2816
299.158919 4.932275 3114.181000 3072
304.116332 4.957414 3098.389000 3072
309.145108 5.028775 3054.421000 2816
314.173186 5.028078 3054.845000 2816
319.279541 5.106355 3008.016000 2816
324.362652 5.083111 3021.771000 2816
329.448141 5.085489 3020.358000 2816
334.502651 5.054510 3038.870000 2816
339.544097 5.041447 3046.744000 2816
344.613733 5.069636 3029.803000 2816
349.789232 5.175499 2967.829000 2816
354.914347 5.125115 2997.005000 2816
360.003146 5.088800 3018.393000 2816
365.081712 5.078565 3024.476000 2816
370.173826 5.092114 3016.428000 2816
375.230914 5.057087 3037.321000 2816
380.349150 5.118236 3001.033000 2816
385.403777 5.054627 3038.799000 2816
390.486932 5.083155 3021.745000 2816
395.583025 5.096093 3014.073000 2816
400.576607 4.993582 3075.948000 3072
405.576400 4.999793 3072.127000 3072
410.680157 5.103757 3009.547000 2816
415.671994 4.991837 3077.023000 3072
420.718415 5.046421 3043.741000 2816
425.699439 4.981024 3083.703000 3072
430.715813 5.016374 3061.972000 2816
435.893932 5.178119 2966.328000 2816
441.026819 5.132888 2992.467000 2816
446.122473 5.095654 3014.333000 2816
451.152119 5.029646 3053.892000 2816
456.100837 4.948718 3103.834000 3072
461.168134 5.067297 3031.201000 2816
466.289348 5.121214 2999.288000 2816
471.287760 4.998412 3072.975000 3072
476.426555 5.138795 2989.027000 2816
481.531709 5.105154 3008.724000 2816
486.564448 5.032739 3052.015000 2816
491.578140 5.013692 3063.610000 2816
496.653644 5.075503 3026.300000 2816
501.584342 4.930699 3115.177000 3072
506.602847 5.018504 3060.672000 2816
511.663180 5.060334 3035.373000 2816
515.873693 4.210513 3040.009000 2816
520.595439 4.721746 2981.947000 2816
525.294537 4.699098 2996.319000 2816
529.888417 4.593880 3064.947000 2816
534.578427 4.690011 3002.125000 2816
539.354760 4.776333 2947.868000 2816
544.052517 4.697756 2997.175000 2816
548.670609 4.618092 3048.878000 2816
553.157893 4.487284 3137.755000 3072
558.141568 4.983675 3082.062000 3072
563.090825 4.949256 3103.496000 3072
568.047516 4.956691 3098.841000 3072
573.090232 5.042716 3045.977000 2816
578.102383 5.012151 3064.552000 2816
583.142726 5.040343 3047.411000 2816
588.148889 5.006163 3068.218000 2816
593.146302 4.997413 3073.590000 3072
598.255075 5.108772 3006.593000 2816
603.337054 5.081979 3022.444000 2816
608.406930 5.069877 3029.659000 2816
613.549948 5.143018 2986.573000 2816
618.666026 5.116078 3002.300000 2816
623.772761 5.106736 3007.792000 2816
628.848517 5.075756 3026.150000 2816
633.965315 5.116798 3001.877000 2816
638.840179 4.874864 3150.857000 3072
643.783042 4.942863 3107.510000 3072
648.714342 4.931300 3114.797000 3072
653.709391 4.995049 3075.044000 3072
658.689111 4.979720 3084.511000 3072
663.585177 4.896067 3137.212000 3072
668.477677 4.892499 3139.499000 3072
673.381201 4.903525 3132.440000 3072
678.425201 5.044000 3045.202000 2816
683.389782 4.964581 3093.916000 3072
688.296239 4.906457 3130.568000 3072
693.242691 4.946452 3105.255000 3072
698.228601 4.985910 3080.681000 3072
703.142010 4.913410 3126.138000 3072
708.170224 5.028213 3054.763000 2816
713.066479 4.896255 3137.091000 3072
718.036091 4.969612 3090.784000 3072
722.986608 4.950517 3102.706000 3072
727.894408 4.907801 3129.711000 3072
732.831327 4.936919 3111.252000 3072
737.859735 5.028408 3054.644000 2816
742.806423 4.946688 3105.107000 3072
747.830018 5.023594 3057.571000 2816
752.770747 4.940729 3108.852000 3072
757.789212 5.018465 3060.696000 2816
762.837398 5.048186 3042.677000 2816
767.840743 5.003345 3069.946000 2816
772.756029 4.915286 3124.945000 3072
777.701919 4.945890 3105.608000 3072
782.658136 4.956217 3099.137000 3072
787.628184 4.970048 3090.513000 3072
792.673889 5.045704 3044.173000 2816
797.657720 4.983832 3081.965000 3072
802.591674 4.933954 3113.121000 3072
807.596480 5.004806 3069.050000 2816
812.509128 4.912648 3126.623000 3072
817.461478 4.952350 3101.557000 3072
822.450833 4.989356 3078.553000 3072
827.373333 4.922499 3120.366000 3072
832.391142 5.017810 3061.096000 2816
837.258143 4.867000 3155.947000 3072
842.257727 4.999584 3072.255000 3072
847.200463 4.942736 3107.590000 3072
852.156048 4.955585 3099.533000 3072
857.137275 4.981227 3083.577000 3072
862.179169 5.041894 3046.474000 2816
867.160425 4.981256 3083.559000 3072
872.093790 4.933366 3113.493000 3072
877.117955 5.024164 3057.224000 2816
882.001787 4.883832 3145.071000 3072
886.920245 4.918459 3122.929000 3072
891.881248 4.961003 3096.148000 3072
895.752889 3.871641 3967.309000 3840
900.276150 4.523260 4244.725000 4096
905.346433 5.070284 4039.221000 3840
910.640565 5.294131 3868.434000 3840
915.393162 4.752598 4309.222000 4096
918.220836 2.827673 7242.703000 5120
922.488613 3.317555 7716.526000 5120
927.471299 3.300241 7757.008000 5120
932.513136 3.342078 7659.905000 5120
937.527928 3.356870 7626.150000 5120
942.532215 3.361157 7616.424000 5120
947.522591 3.351533 7638.294000 5120
952.085660 2.914602 8783.360000 5120
957.105633 2.934575 8723.579000 5120
962.127319 2.956261 8659.586000 5120
967.090529 2.919471 8768.711000 5120
972.128524 2.957466 8656.058000 5120
977.109846 2.938788 8711.073000 5120
