# AndroidClient mimuroto
125.191529 0.183968 3478.868011 3328
129.931392 4.689863 3548.077850 3328
133.261859 3.280466 3511.695720 3328
137.678873 4.367014 3517.277229 3328
142.618834 4.306975 3566.307909 3328
147.658578 4.346720 3533.699318 3328
152.836791 4.524932 3677.403451 3328
158.432587 5.120728 3249.538060 3328
162.753131 4.320544 2962.589672 3328
167.553722 4.241863 3017.541731 3328
172.421325 4.109466 3114.759962 3328
177.452699 4.140840 3091.160381 3328
182.536426 4.224567 3029.896534 3072
187.561271 4.249413 3012.181043 3072
192.516061 4.204202 3044.573193 3072
197.638253 4.326394 2958.584072 3072
202.624322 4.312464 2968.141039 3072
207.534907 4.223048 3030.986160 3072
212.484913 4.173054 3067.297743 3072
217.508000 4.196142 3050.421435 3072
222.570434 4.258575 3005.699994 3072
227.544263 4.232404 3024.285697 3072
232.578638 4.266779 2999.920832 3072
237.533037 4.221178 3032.328553 3072
242.488293 4.176434 3064.815232 3072
247.528468 4.216609 3035.614853 3072
252.643090 4.331231 2955.279661 3072
257.490720 4.178861 3063.035272 3072
262.458929 4.147071 3086.516100 3072
267.474823 4.162964 3074.732157 3072
272.459709 4.147850 3085.936303 3072
277.559330 4.247472 3013.557498 3072
282.691336 4.379478 2922.722992 3072
287.521013 4.209154 3040.991060 3072
292.562481 4.250622 3011.324013 3072
297.490459 4.178601 3063.226499 3072
302.489508 4.177649 3063.924415 3072
307.495356 4.183497 3059.640922 3072
312.623509 4.311650 2968.700983 3072
317.937129 4.625270 3044.146404 3072
323.146670 4.834811 2912.212945 3072
328.106381 4.794522 2936.684927 3072
332.986351 4.674492 3012.092008 3072
338.028914 4.717055 2984.913329 3072
342.957953 4.646094 3030.502498 3072
347.952584 4.640725 3034.008636 3072
353.023291 4.711432 2988.475531 3072
357.999381 4.687523 3003.718842 3072
362.989648 4.677789 3009.968754 3072
368.061277 4.749418 2964.573968 3072
372.973354 4.661496 3020.489871 3072
377.969967 4.658109 3022.686072 3072
382.914802 4.602943 3058.912364 3072
388.061300 4.749441 2964.559508 3072
393.072331 4.760472 2957.689952 3072
397.966944 4.655085 3024.649125 3072
402.943473 4.631614 3039.977103 3072
407.982380 4.670522 3014.652560 3072
413.014451 4.702592 2994.093353 3072
418.024966 4.713107 2987.413450 3072
423.056829 4.744970 2967.352722 3072
428.027574 4.715715 2985.761219 2816
432.987639 4.675780 3011.262110 2816
437.915604 4.603745 3058.379509 2816
443.013642 4.701783 2994.608622 2816
448.008874 4.697015 2997.648237 2816
453.042191 4.730332 2976.535434 2816
457.993430 4.681571 3007.537486 2816
462.976767 4.664909 3018.279906 2816
468.025626 4.713767 2986.995534 2816
472.980657 4.668798 3015.765602 2816
478.110308 4.798449 2934.281609 2816
483.091313 4.779454 2945.942901 2816
487.982603 4.670744 3014.509251 2816
493.019565 4.707706 2990.841148 2816
497.964423 4.652564 3026.288407 2816
502.906242 4.594384 3064.611379 2816
507.960861 4.649002 3028.607120 2816
513.068415 4.756556 2960.124722 2816
518.056476 4.744617 2967.573555 2816
523.002589 4.690730 3001.664874 2816
527.964981 4.653122 3025.925371 2816
533.039812 4.727953 2978.032836 2816
538.115216 4.803357 2931.283147 2816
543.066564 4.754705 2961.277498 2816
547.903703 4.591844 3066.305988 2816
552.876324 4.564465 3084.699083 2816
557.978596 4.666738 3017.097054 2816
562.898443 4.586584 3069.822919 2816
567.951749 4.639890 3034.554609 2816
572.945717 4.633858 3038.504686 2816
577.977136 4.665277 3018.041619 2816
583.054817 4.742958 2968.611753 2816
588.042692 4.730833 2976.219747 2816
592.936030 4.624171 3044.870026 2816
598.056245 4.744386 2967.717882 2816
603.031285 4.719426 2983.413575 2816
607.950782 4.638923 3035.187362 2816
613.004827 4.692968 3000.233379 2816
618.048799 4.736940 2972.383226 2816
622.986543 4.674684 3011.968319 2816
627.971581 4.659723 3021.639131 2816
633.039519 4.727660 2978.217267 2816
637.109888 3.798029 3033.152349 2816
642.456203 4.144344 3088.546782 2816
647.566469 4.254610 3008.501534 2816
652.524842 4.212984 3038.226924 2816
657.645661 4.333802 2953.526838 2816
662.627339 4.315480 2966.066247 2816
667.580085 4.268227 2998.903541 2816
672.679179 4.367320 2930.858892 2816
677.531356 4.219497 3033.537093 2816
682.508385 4.196526 3050.142104 2816
687.620745 4.308886 2970.605236 2816
692.684443 4.372584 2927.330782 2816
697.511111 4.199253 3048.161444 2816
702.665579 4.353720 2940.014699 2816
707.540240 4.228381 3027.163030 2816
712.560717 4.248859 3012.573820 2816
717.570327 4.258468 3005.775716 2816
722.645130 4.333271 2953.888735 2816
727.497276 4.185418 3058.237274 2816
732.602714 4.290855 2983.088254 2816
737.585316 4.273457 2995.233240 2816
742.567441 4.255582 3007.814260 2816
747.581050 4.269192 2998.225766 2816
752.529452 4.217593 3034.906250 2816
757.534516 4.222657 3031.266845 2816
762.542219 4.230360 3025.746955 2816
767.473858 4.161999 3075.445211 2816
772.534397 4.222538 3031.351887 2816
777.586870 4.275012 2994.143896 2816
782.576645 4.264786 3001.322803 2816
787.478367 4.166508 3072.116714 2816
792.526530 4.214671 3037.010449 2816
797.573564 4.261705 3003.492953 2816
802.572933 4.261074 3003.937582 2816
807.559135 4.247276 3013.696540 2816
812.621531 4.309672 2970.063500 2816
817.498609 4.186750 3057.264189 2816
822.476516 4.164657 3073.482055 2816
827.551715 4.239856 3018.970426 2816
832.408219 4.096360 3124.725423 2816
837.464258 4.152399 3082.555069 2816
842.560284 4.248426 3012.880804 2816
847.511157 4.199298 3048.128463 2816
852.568288 4.256430 3007.215247 2816
857.586594 4.274735 2994.337593 2816
862.574221 4.262362 3003.029571 2816
867.536805 4.224946 3029.624594 2816
872.525681 4.213822 3037.622062 2816
877.445664 4.133805 3096.420956 2816
882.516394 4.204535 3044.331560 2816
887.613099 4.301241 2975.885665 2816
892.344627 4.032768 3173.998313 2816
896.911150 3.599291 3911.881276 2816
902.004810 3.692952 3812.668482 2816
907.020793 3.708934 3796.238984 2816
912.099846 3.787987 3717.013890 2816
916.949991 3.638132 3870.117999 2816
920.637536 2.325677 6054.150308 2816
925.624713 2.312854 6087.717249 3072
930.789517 2.477658 6199.402848 3072
935.795825 2.483967 6183.658121 3072
940.858371 2.546512 6031.779649 3072
945.852816 2.540957 6044.966921 3072
949.338904 1.027045 14955.521607 3072
954.372042 1.060183 14488.058868 3072
959.330031 1.018172 15085.856130 3072
964.263722 0.951863 16136.769613 3072
969.361890 1.050032 14628.131778 3072
974.357885 1.046026 14684.149192 3328
979.394505 1.082646 15369.755681 3328
984.403568 1.091710 15242.148309 3328
989.396854 1.084995 15336.479257 3328
994.416264 1.104405 15066.938617 3328
999.417114 1.105255 15055.347024 3328
1004.416173 1.104314 15068.178930 3328
1009.395578 1.083720 15354.525112 3584
1014.534475 1.222616 14657.095088 3584
