# WEMAClient mimuroto
32.090725 0.079382 8062.293000 5120
34.093517 1.952792 13109.437000 5120
35.564051 1.470533 17408.648000 5120
37.926679 2.362628 10835.391000 5120
39.913922 1.987243 12882.168000 5120
44.073109 1.932383 13247.889000 5120
49.078753 1.938028 13209.305000 5120
54.055097 1.914371 13372.538000 5120
59.073375 1.932649 13246.065000 5120
64.997329 2.856603 8961.692000 5120
70.962304 3.821579 6698.802000 5120
75.985660 3.844934 6658.111000 5120
81.010094 3.869369 6616.066000 5120
85.300100 3.159374 8102.870000 5120
89.951652 2.810927 9107.316000 5120
95.470313 3.329587 7688.640000 5120
102.482445 5.341719 4792.464000 4608
108.207644 5.725199 4471.460000 4352
113.929599 5.721956 4473.994000 4352
119.715276 5.785677 4424.720000 4352
125.660596 5.945320 4305.907000 4096
132.785084 7.124488 3593.240000 3584
139.727806 6.942722 3687.314000 3584
143.852947 4.125141 3723.508000 3584
148.696880 4.843933 3699.472000 3584
153.674327 4.977447 3600.239000 3584
159.229642 5.555315 3225.739000 3072
163.904920 4.675278 3011.585000 2816
168.482328 4.577408 3075.976000 3072
173.048224 4.565896 3083.732000 3072
177.950516 4.902292 3133.228000 3072
182.782346 4.831830 3178.919000 3072
187.621678 4.839332 3173.992000 3072
192.501932 4.880255 3147.376000 3072
197.518859 5.016927 3061.635000 2816
202.523178 5.004319 3069.348000 2816
207.542000 5.018822 3060.479000 2816
212.563245 5.021245 3059.002000 2816
217.470342 4.907097 3130.160000 3072
222.324706 4.854364 3164.163000 3072
227.314377 4.989671 3078.359000 3072
232.367655 5.053278 3039.611000 2816
237.372939 5.005284 3068.757000 2816
242.418229 5.045290 3044.423000 2816
247.473560 5.055332 3038.376000 2816
252.340235 4.866675 3156.159000 3072
257.299617 4.959382 3097.159000 3072
262.292471 4.992854 3076.396000 3072
267.265193 4.972722 3088.851000 3072
272.199601 4.934408 3112.835000 3072
277.047292 4.847691 3168.518000 3072
282.016751 4.969459 3090.879000 3072
287.030432 5.013681 3063.617000 2816
291.987282 4.956850 3098.741000 3072
296.999458 5.012176 3064.537000 2816
301.967861 4.968403 3091.536000 3072
306.951288 4.983426 3082.216000 3072
311.831041 4.879753 3147.700000 3072
316.727872 4.896831 3136.722000 3072
321.782292 5.054420 3038.924000 2816
326.898532 5.116240 3002.205000 2816
332.014775 5.116243 3002.202000 2816
337.144270 5.129495 2994.446000 2816
342.124567 4.980298 3084.152000 3072
347.187253 5.062686 3033.962000 2816
352.306479 5.119225 3000.453000 2816
357.352424 5.045945 3044.028000 2816
362.447728 5.095304 3014.540000 2816
367.511520 5.063792 3033.300000 2816
372.664421 5.152901 2980.845000 2816
377.718692 5.054271 3039.013000 2816
382.678380 4.959688 3096.969000 3072
387.779461 5.101081 3011.126000 2816
392.814736 5.035275 3050.478000 2816
397.985358 5.170622 2970.629000 2816
403.073397 5.088039 3018.844000 2816
408.185778 5.112381 3004.470000 2816
413.219666 5.033888 3051.319000 2816
418.314655 5.094989 3014.726000 2816
423.450980 5.136324 2990.465000 2816
428.469845 5.018865 3060.452000 2816
433.715979 5.246134 2927.870000 2816
438.751436 5.035457 3050.368000 2816
443.745294 4.993858 3075.778000 3072
448.846324 5.101030 3011.156000 2816
453.536773 4.690449 3001.845000 2816
458.238946 4.702173 2994.360000 2816
462.934777 4.695831 2998.404000 2816
467.611817 4.677040 3010.451000 2816
472.347525 4.735708 2973.156000 2816
476.940665 4.593141 3065.440000 2816
481.644224 4.703559 2993.478000 2816
486.316034 4.671811 3013.820000 2816
490.931895 4.615860 3050.352000 2816
495.701770 4.769875 2951.859000 2816
500.409068 4.707299 2991.099000 2816
505.035000 4.625932 3043.711000 2816
509.732852 4.697851 2997.114000 2816
514.458908 4.726056 2979.228000 2816
519.088026 4.629118 3041.616000 2816
523.749285 4.661260 3020.642000 2816
528.424891 4.675606 3011.374000 2816
533.096854 4.671963 3013.722000 2816
537.728276 4.631422 3040.102000 2816
542.338242 4.609966 3054.252000 2816
547.017916 4.679673 3008.757000 2816
551.793270 4.652545 3026.300000 2816
556.783881 4.643156 3032.420000 2816
561.769480 4.628755 3041.854000 2816
566.684048 4.543323 3099.053000 3072
572.192729 5.052003 3040.378000 2816
577.282862 5.090134 3017.602000 2816
582.459240 5.176377 2967.326000 2816
587.617038 5.157798 2978.014000 2816
592.646778 5.029740 3053.836000 2816
597.711229 5.064452 3032.904000 2816
602.833258 5.122029 2998.811000 2816
607.957258 5.123999 2997.658000 2816
613.025899 5.068641 3030.398000 2816
618.208461 5.182562 2963.785000 2816
623.318600 5.110139 3005.788000 2816
628.355552 5.036952 3049.463000 2816
633.437037 5.081485 3022.738000 2816
638.365628 4.928591 3116.509000 3072
643.295672 4.930045 3115.590000 3072
648.415499 5.119826 3000.101000 2816
653.434975 5.019476 3060.080000 2816
658.359183 4.924208 3119.283000 3072
663.346627 4.987444 3079.733000 3072
668.254380 4.907754 3129.741000 3072
673.284324 5.029943 3053.712000 2816
678.320647 5.036323 3049.844000 2816
683.318509 4.997862 3073.313000 3072
688.283106 4.964598 3093.906000 3072
693.233005 4.949899 3103.093000 3072
698.181803 4.948798 3103.784000 3072
703.159186 4.977384 3085.958000 3072
708.130780 4.971594 3089.552000 3072
713.163934 5.033153 3051.764000 2816
718.101857 4.937923 3110.619000 3072
723.046429 4.944572 3106.436000 3072
728.039074 4.992645 3076.525000 3072
733.031463 4.992389 3076.683000 3072
737.983111 4.951648 3101.997000 3072
743.027463 5.044352 3044.989000 2816
748.051143 5.023679 3057.519000 2816
753.082058 5.030915 3053.122000 2816
758.142171 5.060113 3035.505000 2816
763.167467 5.025296 3056.536000 2816
768.185561 5.018093 3060.923000 2816
773.145074 4.959513 3097.078000 3072
778.120007 4.974933 3087.478000 3072
783.087979 4.967972 3091.804000 3072
788.082686 4.994707 3075.255000 3072
793.046536 4.963850 3094.372000 3072
798.061975 5.015439 3062.543000 2816
803.077480 5.015505 3062.502000 2816
807.960032 4.882552 3145.896000 3072
812.956826 4.996795 3073.970000 3072
817.970596 5.013769 3063.563000 2816
823.015253 5.044657 3044.805000 2816
828.003537 4.988284 3079.215000 3072
833.021250 5.017713 3061.155000 2816
837.943285 4.922036 3120.660000 3072
842.908843 4.965558 3093.308000 3072
847.898726 4.989883 3078.228000 3072
852.864742 4.966016 3093.022000 3072
857.862309 4.997567 3073.495000 3072
862.783516 4.921208 3121.185000 3072
867.723009 4.939493 3109.631000 3072
872.661348 4.938339 3110.357000 3072
877.611504 4.950157 3102.932000 3072
882.567878 4.956373 3099.040000 3072
887.531869 4.963991 3094.284000 3072
892.365943 4.834074 3177.443000 3072
896.311658 3.945715 3892.830000 3840
901.870606 4.729880 4059.299000 3840
906.940965 4.800240 3999.800000 3840
912.056098 4.915372 3906.112000 3840
916.635177 4.494452 4271.933000 4096
