157.003218 18470.259609 0.000000
158.003352 17996.105588 18470.259609
159.006982 19384.702033 17521.951567
160.009487 18865.375431 18444.860395
161.012928 19119.214262 18751.780267
162.014111 19309.158904 19124.018117
163.016260 19446.572339 19451.394561
164.016526 19101.405267 19682.583944
165.019451 20054.773780 19480.300430
166.022577 19456.607894 19999.461268
167.022716 20134.207057 19824.245400
168.025683 18823.934144 20152.927461
169.123169 19211.901140 19329.883706
170.126237 19318.752633 19082.849686
171.129901 20302.394065 19071.734159
172.130602 19287.307317 19865.662087
173.130982 19418.177159 19610.493985
174.132615 19855.524772 19500.265648
175.133418 19709.846658 19752.640067
176.134869 19488.963593 19795.289867
177.138241 19347.518106 19629.591667
178.139603 18275.027451 19405.501433
179.145176 19126.765342 18474.592492
180.148296 19139.772219 18598.050180
181.149315 19030.517538 18801.712972
182.153606 19245.051498 18906.118169
183.155474 18953.991947 19150.321080
184.157933 18512.243138 19077.810477
185.160914 20320.692073 18679.288936
186.162522 18812.553332 19794.603417
187.163240 19821.804883 19352.678766
188.163753 19489.368065 19753.623745
189.166381 16594.276501 19721.813906
190.167696 19494.480306 17476.478853
191.167891 19205.094121 18308.413592
192.171497 19533.285800 18803.858001
193.171612 18837.594219 19398.032995
194.173799 18946.104361 19207.165007
195.175217 19362.023829 19100.720923
196.177882 19721.186844 19320.784341
197.179948 19348.301702 19710.498183
198.181654 18814.704787 19628.363413
199.183487 18678.888374 19117.082914
200.185144 18817.753658 18683.985823
201.188584 19777.916426 18570.311878
202.190918 20159.995640 19295.457427
203.192668 19554.520297 20065.204362
204.193470 19553.946463 20019.669141
205.194596 18797.055713 19880.183945
206.194710 19079.478824 19161.213913
207.194810 18556.736661 18922.506681
208.197410 18478.850042 18450.339478
209.199733 18558.058139 18182.440208
210.201501 19286.613335 18181.999104
211.205692 19523.711304 18822.209708
212.209808 18513.110907 19436.239393
213.212893 18946.992799 19007.171916
214.213678 19322.047026 18994.534344
215.213966 19857.620083 19257.620843
216.215831 19674.557286 19806.950430
217.219374 19212.386970 19956.985539
218.220081 19211.333076 19614.768294
219.221469 18590.277840 19342.273920
220.221802 19050.903059 18707.500095
221.223266 19037.816394 18706.276532
222.224044 19261.022545 18782.006384
223.226026 19287.792957 19051.228426
224.226590 19083.292284 19258.365786
225.228604 18413.361639 19215.915754
226.229534 19005.141103 18659.086887
227.232248 18970.570970 18763.075739
228.234650 19478.030077 18849.658906
229.236849 19036.865791 19303.772836
230.237144 19045.123496 19243.520897
231.237610 19280.259097 19167.924430
232.239878 20303.586661 19275.777663
233.240527 20353.030335 20098.320311
234.241203 18524.891988 20597.990978
235.244365 19367.902489 19415.482391
236.245594 19160.407893 19233.838373
237.248111 19563.479669 19020.911445
238.248419 19250.274413 19251.625926
239.251323 18077.958699 19210.042659
240.251997 19427.567224 18320.072180
241.253711 19155.799959 18826.764963
242.255846 19687.271003 19026.486471
243.259019 19399.932766 19557.278880
244.260031 19594.256608 19639.669438
245.261744 18708.384101 19766.673431
246.261920 18927.348351 19122.666841
247.263556 19219.167458 18861.316048
248.265806 19679.318046 18966.013058
249.268728 19744.001665 19426.763103
250.270711 18636.789967 19768.789576
251.272212 20076.240270 19103.197062
252.273701 19686.455809 19733.386758
253.275768 18142.339755 19841.856638
254.277550 18561.066362 18699.154330
255.277810 19441.829354 18302.644488
256.280285 19242.362452 18829.567280
257.283042 19288.122722 19096.494018
258.285581 19232.548144 19300.744698
259.289645 20073.815982 19358.033610
260.293405 19254.353758 19986.257579
261.294545 19343.898537 19707.662495
262.294657 19253.884929 19522.196354
263.298006 18412.980871 19317.378623
264.298490 18740.216731 18568.418290
265.301904 19256.147963 18400.505664
266.302672 19088.547545 18788.425542
267.306878 18802.335081 18973.615773
268.309306 19496.049055 18880.284483
269.310611 18720.493347 19334.416968
270.310648 19429.014111 19020.224452
271.312994 18003.608127 19319.585990
272.314828 19023.905732 18427.569302
273.317534 19498.270368 18640.793867
274.318007 18582.353779 19198.957593
275.321360 19451.605062 18865.930208
276.323624 18193.341456 19280.460871
277.323757 19578.290055 18586.814545
278.324603 19890.969802 19180.334559
279.325993 19468.598562 19811.093251
280.329039 19416.973501 19829.663304
281.332323 19473.166331 19709.963349
282.332946 19635.591121 19619.010533
283.335550 19124.593219 19658.891667
284.339159 18594.236301 19289.758670
285.341609 19315.209834 18666.133121
286.341867 18755.541055 18877.076291
287.343932 19585.023530 18672.329677
288.345946 18866.014779 19212.871071
289.347865 19053.345121 19036.923320
290.349529 19572.613389 19046.720066
291.350673 18427.474899 19442.725903
292.352559 20132.090539 18814.346826
293.352977 19408.964109 19681.901036
294.355437 19183.578823 19685.880694
295.358681 19212.443045 19449.602413
296.359150 18682.050268 19286.605541
297.359243 19483.787945 18788.771898
298.363421 18737.582105 19114.477927
299.365158 18815.052623 18810.004066
300.366099 20027.307082 18697.764534
301.369875 19055.363950 19580.157634
302.371136 18348.695625 19404.184197
303.373096 19294.196920 18698.991173
304.376013 19263.340161 18967.946745
305.379670 19193.375641 19160.844506
306.380362 19088.967909 19230.443910
307.383479 18501.527879 19177.670746
308.386815 19667.457922 18688.528432
309.389082 18576.249179 19271.654669
310.392348 19009.071569 18843.762044
311.393925 19252.000916 18887.554307
312.394357 19382.878201 19122.026764
313.396601 19176.941848 19369.914495
314.398345 18567.316174 19342.647022
315.399076 18367.149789 18830.367737
316.403596 18506.793973 18358.340414
317.404579 19231.970604 18229.262235
318.406090 19463.236595 18777.988553
319.407477 18873.017076 19339.296718
320.408980 19800.332370 19208.271131
321.409478 18687.956460 19754.431294
322.412920 19184.445737 19204.704712
323.415828 19818.703827 19173.021316
324.416699 19642.787459 19635.729290
325.418977 19685.689298 19780.889636
326.422350 18915.500633 19851.120644
327.422947 19270.663818 19267.236812
328.425499 18993.709429 19153.733240
329.426507 19075.552855 18918.498307
330.427026 19704.749183 18881.066190
331.428667 18462.385165 19382.869045
332.431724 18838.284650 18782.467493
333.432386 18672.396177 18684.170748
334.432703 20651.654583 18549.134497
335.432706 19769.625582 19996.875596
336.434004 18081.731056 20222.919141
337.437062 19003.947021 18956.696629
338.440607 18539.532098 18796.505954
339.444047 18569.447454 18419.959691
340.445347 18707.665147 18284.016178
341.445458 19066.227338 18391.065510
342.446150 19611.569812 18792.661729
343.449009 18700.057073 19470.858096
344.453065 19103.451535 19161.499655
345.455877 18859.948570 19194.005635
346.457979 18667.786222 19004.992876
347.459887 19997.497753 18730.103659
348.462162 19295.432231 19574.363339
349.465891 19031.530305 19575.727642
350.469280 18616.601861 19308.409496
351.472576 18404.301337 18794.334292
352.473239 19110.059720 18333.638189
353.475031 19759.086158 18650.274712
354.476532 18882.341764 19410.309054
355.477314 19419.637741 19219.962206
356.480135 18717.204794 19443.355654
357.483445 19062.957831 19022.298190
358.485233 19362.167870 18994.810886
359.488576 18921.251092 19222.511500
360.490486 18771.919468 19040.588316
361.492219 19338.196354 18807.793699
362.493604 19398.633012 19107.135498
363.495517 19393.841987 19359.899105
364.496689 18568.059993 19492.371116
365.497099 19040.320935 18914.638344
366.499751 18809.972352 18893.323077
367.500535 19182.843696 18746.653471
368.502337 19251.359126 18968.801896
369.505136 19078.570823 19184.773131
370.506102 19262.791796 19179.814020
371.506538 20400.722476 19290.189395
372.509930 18523.485150 20191.975693
373.513219 19476.258498 19287.127543
374.515590 18421.464994 19358.372881
375.518328 20341.531459 18632.371826
376.518837 19365.924539 19656.694440
377.522722 18971.847254 19608.359811
378.525089 19672.142435 19228.025715
379.525128 18793.081217 19499.035437
380.525859 18501.857341 19018.521135
381.528136 18493.245453 18503.486097
382.532630 19198.954004 18239.102473
383.535705 18745.917912 18699.727820
384.536535 18785.038127 18715.069970
385.538696 18899.976685 18759.793191
386.540418 19244.393046 18874.669954
387.543547 19081.723407 19196.747290
388.544474 19582.401851 19247.695167
389.548175 19142.317850 19607.184999
390.548312 20110.544555 19450.671127
391.550461 18963.878230 20021.495900
392.551446 20044.499373 19469.170707
393.551549 19338.793971 19877.150849
394.554463 19364.141691 19593.698999
395.555901 19664.972716 19407.257607
396.556422 19144.039041 19528.881201
397.559489 19126.451565 19233.015620
398.562886 18282.279758 19049.648078
399.562906 19977.448760 18344.036324
400.565766 19548.558693 19247.168057
401.569036 18575.840460 19559.636549
402.569810 18792.086454 18983.562656
403.570892 19147.197167 18755.779656
404.571156 19004.222764 18917.297890
405.572038 20220.979228 18948.301025
406.575063 18614.584954 19890.350375
407.578611 18660.567559 19239.236558
408.582271 19304.159953 18792.003702
409.584912 18716.622732 19018.222534
410.588025 19591.025943 18762.163389
411.591053 18740.857623 19278.551060
412.593073 18846.440205 18977.237377
413.594340 19160.214252 18846.672533
414.597220 18517.983788 19016.662564
415.600914 19134.447272 18655.872654
416.602928 19407.289754 18903.353095
417.604368 19410.446976 19289.498721
418.608056 19430.661725 19514.387209
419.610956 18981.445733 19616.007457
420.614205 19516.884426 19283.569154
421.615007 19131.178465 19443.398167
422.617678 19522.410780 19252.404767
423.619793 18476.280091 19420.025728
424.623987 19058.760680 18744.834455
425.627455 19260.476665 18776.960669
426.629368 19639.616564 19014.760767
427.631176 18459.369201 19479.444715
428.632470 18834.607319 18866.644129
429.636191 19455.436043 18739.853693
430.638823 18681.884893 19165.768424
431.642007 18624.868835 18870.979331
432.642140 18851.737793 18633.549132
433.642461 19396.014488 18682.815677
434.646085 17812.559615 19157.887000
435.646922 18759.832359 18267.363378
436.649605 18989.342751 18418.855185
437.652352 19767.631749 18751.978176
438.654721 19630.546394 19561.597564
439.656572 18157.281831 19915.101788
440.658094 19308.478446 18915.766629
441.661836 19984.701979 19089.875311
442.665903 19467.639362 19738.748086
443.667401 19129.353252 19736.875984
444.669824 18610.704214 19414.916195
445.670851 19417.113682 18793.558786
446.670876 19839.694031 19041.973540
447.672833 19672.601972 19576.901214
448.674555 19840.862910 19784.744211
449.675656 18703.353085 19986.825854
450.678818 19780.740823 19198.243570
451.681667 19536.811618 19488.270610
452.683685 20236.797832 19523.454780
453.684933 18574.423377 20069.375735
454.687366 19241.989933 19137.410895
455.690202 19723.477883 19031.356513
456.692183 19621.282791 19392.103640
457.693373 19388.681588 19578.674445
458.696320 19471.571749 19508.161031
459.698883 18709.624163 19505.202085
460.700225 18136.755831 18923.854338
461.701883 18530.489241 18149.971672
462.702824 19353.854445 18055.026436
463.702946 18495.177828 18743.943423
464.704278 20717.974713 18596.872208
465.705068 18847.855677 20165.010670
466.705322 18564.309485 19684.731635
467.706070 19480.579314 19022.713483
468.706866 18790.756285 19264.305780
469.707821 19664.117150 18921.803040
470.709387 19133.725467 19372.810630
471.710306 19067.345901 19273.347293
472.714758 19370.235406 19138.925493
473.716833 19400.711026 19280.986824
474.719613 19449.010647 19397.186350
475.720385 20139.848496 19492.391998
476.723316 19474.786602 20047.277871
477.726813 18436.966211 19849.067043
478.728524 18763.738651 18878.026226
479.731097 18210.773781 18527.320144
480.732517 19435.277374 17996.348077
481.733176 18446.346138 18702.846164
482.737369 19557.364193 18497.504583
483.739451 19685.077368 19215.307722
484.743123 18468.708398 19755.508291
485.745316 19066.690710 19095.724118
486.748299 19999.547278 19057.564835
487.749304 18812.348183 19740.409088
488.749701 19546.080171 19256.216441
489.753475 18344.340963 19453.452044
490.756720 19101.305901 18673.922472
491.757523 19135.119200 18769.486012
492.758952 19704.206566 18925.582729
493.761336 19077.677612 19482.830729
494.762686 19580.073848 19346.901973
495.765486 18535.179187 19588.428682
496.768422 17846.903127 18923.432332
497.769212 20131.494980 17977.663826
498.770232 19563.183919 19185.533288
499.773541 19822.993324 19599.725146
500.777107 18705.685362 19992.542822
501.779182 19186.783187 19308.583314
502.781378 19491.596910 19176.702441
504.122023 19724.811513 19341.892483
505.124128 18981.222992 19636.824563
506.125219 19097.517714 19248.595950
507.127993 18577.394203 19074.859445
508.131484 19431.247646 18603.563127
509.133778 19572.546295 19001.762819
510.136630 18339.383807 19414.207859
511.141034 19153.737335 18735.143121
512.144416 18736.407687 18907.436070
513.145044 18752.381351 18742.160625
514.148317 18430.634017 18670.064916
515.149673 18720.056203 18413.285669
516.149779 18565.243334 18506.299772
517.150689 18695.212114 18490.136280
518.151035 18951.528436 18598.307883
519.152766 19078.388138 18868.856983
520.155966 19291.006288 19119.944173
521.157044 20082.638813 19394.562372
522.158912 19736.084797 20099.706844
523.159412 19366.476282 20188.096561
524.162293 18300.755713 19842.082091
525.162664 18952.045905 18750.882978
526.162985 20043.986822 18581.219249
527.166277 19000.742126 19408.049737
528.166710 19853.267692 19198.015730
529.167306 19004.533793 19683.074499
530.169285 19142.665283 19331.601758
531.170624 19213.528983 19177.697014
532.171346 18070.968461 19145.134484
533.172175 19267.694349 18289.031452
534.174213 18740.606369 18704.008605
535.177077 18737.621760 18657.102632
536.178180 19206.659142 18652.287123
537.178409 19815.592629 19022.991064
538.180220 18100.555018 19710.960169
539.181805 18432.526090 18794.824629
540.182855 19201.969908 18412.167760
541.184633 18301.405415 18803.011772
542.187736 19620.002123 18422.749942
543.189162 19127.758726 19191.230426
544.189371 19093.489356 19313.481045
545.192566 19909.883666 19302.473747
546.193609 19512.720213 19857.019733
547.195973 19352.801470 19849.636119
548.197957 18996.993484 19641.776279
549.201294 19290.516060 19198.746667
550.201832 18176.862094 19146.935497
551.203904 19103.959327 18321.684578
552.204936 19244.623813 18568.176423
553.207623 18766.859903 18930.866436
554.209618 18196.060644 18832.327854
555.211926 19272.089933 18338.592131
556.213411 18766.232180 18863.113365
557.214513 17879.294657 18848.224809
558.215856 19988.962635 18155.079231
559.216922 18925.076624 19321.811283
560.217130 19130.081382 19274.050638
561.217385 19159.132692 19316.680381
562.220589 19300.881511 19313.133985
563.221395 19032.066916 19379.172078
564.223141 18953.369902 19191.007536
565.224403 19292.848671 18998.167350
566.226242 18910.696126 19145.156972
567.229107 20343.153285 18968.960298
568.229896 19090.987107 19940.638788
569.233230 18948.184134 19587.982024
570.235970 19673.815592 19180.302683
571.238056 18493.919195 19462.656968
572.238193 19587.841116 18771.701469
573.238472 20056.869829 19177.219592
574.241452 18504.126653 19834.405569
575.244717 18852.043715 19054.057241
576.248187 19655.760691 18787.338226
577.251116 19545.248263 19272.942823
578.252060 20112.638196 19528.565267
579.255010 19133.797508 20086.089688
580.257909 19791.034667 19637.358509
581.262783 18633.577181 19780.030539
582.263199 18844.129669 18986.024471
583.265362 20002.941127 18658.823981
584.267706 18571.255545 19410.658752
585.269271 19206.681188 18860.882544
586.270848 19334.274976 18990.156923
587.274371 19619.291625 19204.620519
588.275280 19110.622099 19558.028418
589.278389 18619.652447 19368.546025
590.280588 19589.557698 18841.096608
591.281314 18612.804254 19249.439797
592.283623 19248.065063 18806.075784
593.283992 18828.385049 19012.521502
594.285522 19387.430316 18859.870241
595.288357 19424.678268 19194.957262
596.288381 18522.735411 19438.555001
597.292396 19754.709104 18880.427544
598.292594 19406.587670 19435.921052
599.295573 19055.416628 19532.273743
600.298131 19226.326302 19285.650290
601.299466 19337.033704 19232.962403
602.299491 18620.118976 19287.989986
603.300447 19407.501840 18790.078661
604.303623 19623.993110 19089.170225
605.304838 18969.581899 19480.667363
606.307220 19392.977559 19221.438961
607.309424 18057.066176 19346.407239
608.310033 18494.866983 18418.600421
609.313496 19159.733756 18192.664056
610.315592 19048.879392 18653.896685
611.318614 19033.067290 18927.831494
612.320925 19456.404164 19083.201797
613.322143 19477.689135 19465.855977
614.325612 19410.817362 19670.783842
615.328108 19354.273392 19674.820268
616.329393 19129.373531 19568.429777
617.331707 19752.470492 19293.020540
618.333708 18879.254255 19581.726889
619.337072 19827.486869 19113.853788
620.337508 19559.972958 19532.441814
621.340164 19040.412290 19614.861658
622.341074 18855.521921 19252.678904
623.342881 18719.102683 18879.853096
624.343838 19637.927023 18585.042970
625.343940 18992.077740 19160.271091
626.344025 19269.221969 19082.912172
627.344132 19741.694705 19229.382276
628.344284 18971.108559 19666.931803
629.344904 18657.006909 19326.457683
630.346429 18562.471720 18831.807104
631.349773 18923.327903 18469.880374
632.350412 19835.483900 18582.706983
633.352471 19548.919835 19408.392515
634.354365 19503.180379 19713.085079
635.358531 18920.263037 19790.085458
636.361114 20357.408014 19319.671371
637.362658 19326.082838 20062.470977
638.363084 18700.661241 19734.111157
639.365656 19267.650228 18998.857970
640.366502 19166.614514 18981.923934
641.369682 19473.911597 18969.111704
642.370282 19504.526914 19242.554103
643.374117 18500.986671 19460.076165
644.376766 18120.318792 18827.294700
645.380428 19233.451225 18143.826051
646.382032 20029.761173 18631.064237
647.382961 18940.582236 19622.512538
648.384600 19421.016002 19403.164644
649.386241 19556.733093 19538.170420
650.389192 19068.634165 19678.172521
651.391166 20186.808084 19351.739519
652.392462 19161.519721 19956.377119
653.393867 18736.325622 19547.337388
654.396277 19110.390116 18927.467531
655.400305 19392.865397 18850.295496
656.401624 19255.608172 19088.589594
657.403599 18289.806531 19180.862675
658.407133 18955.315685 18521.334359
659.409499 20744.708791 18632.820110
660.410236 19183.760809 20111.231708
661.413202 19442.698362 19838.095791
662.414379 18653.319909 19732.147252
663.416303 18457.509768 19014.776921
664.417134 18624.683989 18418.869896
665.418571 18011.700090 18255.957017
666.421440 19129.529877 17806.944397
667.423016 19135.299162 18471.999350
668.423720 19758.822239 18973.236422
669.425849 18993.149412 19732.012951
670.428715 19194.532383 19543.848917
671.430298 20055.994286 19463.129252
672.433813 18913.986071 20001.716630
673.435420 20218.431111 19428.073571
674.437814 19804.921908 19991.063947
675.441279 18606.782442 20019.269024
676.444623 19482.664006 19081.180184
677.445112 19317.319304 19150.447501
678.445731 19070.391388 19144.126760
679.448871 19729.696705 18999.068588
680.451132 19161.356416 19438.849190
681.451724 19818.580697 19305.196152
682.452561 18674.182139 19695.327911
683.454545 19248.759365 19062.908068
684.455246 18853.177003 19080.449584
685.456264 19478.613071 18834.611016
686.457519 19038.404092 19185.410280
687.458641 18992.631976 19103.953875
688.462093 20283.536019 19012.509140
689.464744 20599.799777 19929.995513
690.465924 19294.950465 20714.321645
691.465991 19164.083370 20099.217260
692.467676 19467.733059 19492.448048
693.469085 19978.089501 19334.709539
694.471499 21659.140680 19671.863496
695.473530 18506.238796 21177.785360
696.476599 18900.221241 19686.408709
697.477561 18829.904783 18941.164740
698.477994 18912.603127 18505.569536
699.480715 19193.350687 18430.879504
700.480999 19311.213596 18724.526064
701.484398 19569.971070 19076.952682
702.488114 18617.899245 19505.799324
703.491485 20093.023417 19022.211713
704.492000 18627.260588 19785.682920
705.492310 19461.693266 19144.931526
706.495099 19291.914568 19320.962603
707.497520 19133.158577 19316.826784
708.497748 18400.229937 19189.463827
709.498018 18390.345175 18562.009556
710.500576 19840.518299 18200.423944
711.503931 19612.644874 19154.741289
712.507805 19031.342817 19632.439145
713.510729 20223.181302 19430.362963
714.511047 19172.731215 20123.448699
715.514147 20239.965690 19707.087152
716.514997 19459.235449 20165.743251
717.518604 18577.801431 19828.079230
718.522413 19018.501012 18905.960760
719.526405 17692.920766 18693.386378
720.530628 19210.220829 17674.192662
721.532085 18465.348382 18307.252877
722.533999 20614.494551 18290.870637
723.535311 19269.304411 19938.158580
724.535637 18382.714854 19921.993940
725.537876 18940.799313 19085.797069
726.542201 19143.682605 18910.491425
727.544928 19149.903223 18982.578043
728.547029 19086.833422 19063.562957
729.548917 19032.852042 19078.338129
730.549470 18361.758488 19047.363504
731.553915 19547.843947 18524.928160
732.556531 18670.436799 19112.482164
733.559681 19540.890658 18857.044251
734.559923 19342.545566 19335.513826
735.560700 18984.309488 19477.334003
736.561892 19358.800786 19245.869923
737.562809 19306.431210 19345.616248
738.563071 19140.338292 19359.508363
739.563566 18974.287032 19228.615444
740.566304 18206.737220 19016.561251
741.570002 18650.494082 18324.303241
742.570690 19152.888451 18281.600377
743.573618 19651.585834 18729.268149
744.574648 18399.501654 19433.030147
745.576584 19781.072233 18900.486933
746.579937 19019.359987 19545.146940
747.582031 20578.683478 19355.174083
748.584679 19375.842622 20345.726748
749.584971 18933.285364 19997.111621
750.585154 19040.563097 19335.568865
751.585276 18867.401204 18984.684911
752.587680 19460.250049 18693.341061
753.588855 19388.363889 19035.820805
754.590866 18930.061519 19259.253368
755.593626 18811.878692 19059.520502
756.596026 19735.396832 18838.652204
757.598841 19169.782855 19414.163282
758.599187 17769.714667 19358.016725
759.599539 17981.471165 18232.833839
760.599833 19014.296734 17713.279976
761.600256 19486.786034 18295.170019
762.602112 18819.040658 19120.263694
763.603029 18428.659022 19123.632085
764.604571 19154.235062 18756.382196
765.606957 19472.876898 19035.008489
766.611037 19397.597296 19443.109655
767.611674 19147.489095 19598.142348
768.614265 19369.723478 19437.941280
769.617331 17776.857305 19451.903488
770.619832 18935.575279 18243.689959
771.620138 18392.907260 18391.913512
772.620819 18238.669614 18194.939716
773.624563 18509.007758 18030.266470
774.627700 19453.124413 18202.784240
775.628974 18422.941817 19073.686496
776.629792 19169.193248 18831.360157
777.630009 19346.768629 19167.780975
778.632200 18598.883413 19469.525988
779.633688 19626.075931 19028.795243
780.634055 19583.998627 19471.346302
781.635690 19461.106875 19699.746260
782.635699 18666.166941 19692.840517
783.638172 19214.969021 19035.249284
784.639133 18676.372186 19025.784642
785.641276 18728.844506 18664.400790
786.644971 19627.594991 18526.055952
787.647955 19329.495658 19181.643536
788.648807 19278.922705 19397.350692
789.649643 18936.197313 19450.310797
790.652582 19889.075598 19176.899782
791.655574 18181.808989 19694.677371
792.655973 18938.238687 18721.715766
793.659648 19002.231216 18667.580542
794.663339 18923.300532 18756.171864
795.666136 19619.010802 18802.784349
796.667196 18667.264000 19378.002340
797.668319 18747.673259 19012.053350
798.672729 19952.114599 18803.188461
799.672989 17986.780903 19588.208222
800.673156 19167.294865 18597.694424
801.675448 19360.782930 18835.094616
802.677750 19477.577270 19181.960823
803.681420 18994.561379 19487.695209
804.684705 19726.800553 19275.770998
805.685712 18077.619875 19648.685869
806.686269 18939.516817 18617.786467
807.688276 19271.081772 18613.717824
808.690306 20015.833631 18941.806967
809.690579 19709.860025 19746.734135
810.694376 19061.482161 19986.992387
811.695986 18506.850948 19551.555025
812.699031 19371.757401 18795.344718
813.703467 19254.854806 18993.795962
814.704579 18814.669879 19099.834997
815.705706 19529.816591 18861.470772
816.707687 19570.333906 19266.948470
817.709291 19404.922089 19565.792336
819.121381 18245.706392 19592.290798
820.122304 20221.857848 18689.286079
821.122868 18672.943266 19609.002390
822.123203 19736.237572 19060.388474
823.126947 18631.607648 19486.690943
824.129893 18905.647545 18933.756392
825.132431 18694.276941 18787.281853
826.133450 19285.058778 18585.108054
827.135152 19472.724292 18954.399754
828.137335 19345.770938 19362.459495
829.140771 19020.440201 19498.840550
830.142507 19926.208319 19284.765621
831.145244 19156.697887 19790.972891
832.146568 19762.720252 19500.752558
833.148240 19628.061135 19724.145498
834.150831 18483.143375 19744.491318
835.153316 18291.922651 18866.868363
836.154869 18938.453643 18188.710095
837.157035 19068.069498 18360.332344
838.157381 19622.070090 18687.885685
839.157499 19304.420886 19362.208753
840.160485 19269.931989 19526.098718
841.163967 18740.037282 19526.757570
842.165729 19418.408475 19065.459570
843.167402 18784.494737 19262.233393
844.167922 18753.888250 18924.228771
845.169895 18407.464409 18697.338086
846.171274 19211.203062 18338.212404
847.171706 18905.240321 18778.766554
848.174791 19011.667866 18877.680700
849.178360 19128.959952 19013.848337
850.179050 18312.688754 19169.356103
851.179933 18744.339705 18624.807549
852.179969 18737.864419 18598.241787
853.181306 19351.118576 18616.626921
854.181821 19395.598295 19116.069480
855.182874 18957.366682 19457.912823
856.183120 19193.070125 19284.582153
857.186854 18835.500300 19292.890532
858.190102 18922.790972 19003.912251
859.191904 19858.058374 18882.788127
860.192663 19398.864786 19533.677328
861.194788 19362.805486 19595.821999
862.196939 18809.794655 19550.610556
863.199336 18907.789835 19066.295444
864.201477 19300.321894 18833.509076
865.202372 18801.051622 19030.085125
866.205524 19367.570773 18821.479639
867.208674 19724.915184 19136.959255
868.209327 19279.298207 19620.360251
869.209990 19369.970351 19553.986749
870.210398 18356.774517 19520.131971
871.212472 19466.335336 18705.767301
872.215806 19393.285614 19043.507385
873.218272 19555.330110 19263.297123
874.218884 19892.450951 19527.222486
875.221619 19856.206773 19919.052705
876.221742 19157.476588 20081.134242
877.223154 18657.813143 19581.895505
878.226472 18904.919503 18851.423823
879.227931 19521.199268 18623.115083
880.228827 18729.868977 19041.621641
881.232718 19647.616007 18777.271609
882.234253 19597.150455 19321.556207
883.237339 19591.241787 19637.364292
884.237857 18153.973440 19780.783374
885.238039 18862.208922 18727.156259
886.241372 18693.153550 18588.223607
887.243200 20552.164362 18460.462081
888.244014 19109.927883 19849.012294
889.244578 19336.457114 19637.398058
890.247654 18760.206233 19569.620320
891.249597 19264.488337 19045.252489
892.250981 19107.777562 19090.018587
893.251834 18483.444798 19038.485992
894.252595 18613.252441 18561.793014
895.255756 19197.428670 18401.215204
896.255781 18922.257843 18812.067780
897.257336 19100.608467 18907.456170
899.122289 18940.863699 19092.613751
900.125106 18665.081512 19067.382645
901.126046 19512.792977 18816.300715
902.126410 19653.460353 19288.738548
904.120512 19293.233863 19686.471604
905.123677 19477.358002 19606.915451
906.126879 19232.553446 19626.810082
907.127018 19091.243276 19415.790960
908.129769 19047.408886 19158.489393
909.132011 19125.063735 18980.151288
910.132837 19406.130710 18966.037772
911.135182 18329.337020 19209.537736
912.136898 19237.735692 18572.840693
913.139585 19820.113311 18874.915258
914.142235 17654.975467 19553.440863
915.145841 20057.911601 18335.518395
916.147121 18923.619085 19358.623529
917.147241 19138.335951 19194.278727
919.120278 19169.638681 19205.479065
920.120675 19352.255971 19217.770503
921.120725 19328.360656 19348.846234
922.120748 18711.422730 19397.315047
924.119169 19671.396467 18941.607412
925.119480 19076.103961 19376.187726
926.121373 19127.857539 19220.810689
929.119446 19343.406811 19145.760672
930.119752 19543.926627 19265.421834
931.121424 19329.354818 19495.138521
932.121520 19256.273148 19461.265035
934.120251 18135.575252 19356.539485
935.122429 18017.016415 18438.586704
936.123071 19427.339684 17814.938322
937.123575 19075.902717 18611.376107
939.119599 18896.051281 18950.008168
940.121036 19764.764633 19015.909259
941.121451 18747.720164 19670.430324
942.122025 19540.163533 19258.491082
944.121636 19530.830436 19519.161258
945.123587 19069.720106 19647.747092
946.124011 18526.573843 19336.978098
947.125285 19146.377052 18707.419405
949.119430 18944.665816 18812.281075
950.119756 19337.325403 18796.952477
951.119965 18474.549495 19120.711204
954.118709 18781.691743 18689.662186
955.120063 19002.194283 18650.716190
956.120389 18816.612716 18829.363986
959.119039 19525.172365 18822.709283
960.119347 19042.261713 19349.277526
961.120096 18773.894932 19294.352369
964.119337 18710.929877 19002.592040
965.119372 18386.202994 18752.313808
966.119703 19293.341270 18373.283547
969.118918 18907.398474 18867.351985
970.119656 18733.170625 18931.426429
971.119834 18782.012605 18826.785775
972.120271 18904.482286 18787.693146
974.119875 23894.890509 18858.578957
975.121138 19122.080167 22648.303862
976.121746 19141.329854 21275.205219
979.119103 19225.903503 20064.811901
980.119182 19091.541104 19292.174966
984.118652 18769.932393 18788.516834
985.118825 18848.804140 18371.237303
989.118914 18743.326171 18321.425120
990.119328 18871.884484 18349.255307
994.120761 18623.423170 18558.106851
995.121191 18947.467577 18554.631045
999.118675 18576.743491 18813.124479
1000.119000 18963.422141 18697.913906
1004.119973 18675.790721 18900.025003
1005.120121 18949.325603 18801.206271
1009.119694 18666.539624 18925.594179
1010.121728 18628.360894 18781.631505
1014.119297 18846.883084 18652.243150
1015.119826 19019.729393 18745.470051
1019.117553 18606.655632 18947.071492
1020.117637 18786.063385 18756.231366
1024.117553 18957.736895 18757.973185
1025.118047 19176.504911 18894.621776
1029.117553 18612.252314 19142.800864
1030.117627 18922.135466 18852.126972
1034.117553 18995.110944 18879.233726
1035.117783 19234.068699 18958.244146
1039.117553 18916.433695 19186.184372
1040.117673 18884.108520 19073.899314
1044.117553 18819.113470 18954.146499
1045.117743 18907.639591 18828.014309
