95.002635 18514.213163 0.000000
96.002755 19124.759574 18514.213163
97.003942 18978.062281 19735.305986
98.004378 18771.725214 19777.919619
99.005608 19603.527367 19444.509301
100.007455 19415.048885 19733.459735
101.007856 19162.778283 19704.092998
102.008132 19080.224606 19427.945650
103.009444 19437.393168 19161.664877
104.010239 18708.924665 19276.040844
105.012300 18951.947957 18827.215531
106.014522 19250.107311 18755.497627
107.014915 19418.855760 18992.370773
108.015474 19418.852201 19301.802817
109.017971 19975.129218 19485.779406
110.020278 18972.308222 19978.243662
111.021096 19388.611180 19471.581432
112.023971 18757.063785 19405.659233
113.026272 19409.775588 18894.775574
114.026713 18991.148945 19094.439650
115.028489 19706.122056 18959.135690
116.029733 19389.499232 19435.716857
117.032097 19282.147986 19504.141622
118.032356 19294.117186 19429.179972
119.033385 19260.379990 19363.918051
120.034042 19481.042376 19288.533977
121.034672 19564.100287 19409.300233
122.036904 20037.728949 19549.912330
123.039067 19064.479463 19978.986864
124.039390 18791.408890 19478.272537
125.041155 19396.083108 18919.664176
126.041496 18147.811463 19061.801837
127.042012 18347.927206 18280.237252
128.042038 19082.748280 18006.435319
129.043817 18830.408373 18506.023130
130.045623 19288.345729 18710.743393
131.045978 18919.045737 19186.472786
132.048353 19199.475752 19172.830725
133.050460 19830.476141 19312.885958
134.051826 19316.126094 19827.811315
135.054708 19490.823863 19700.177665
136.056917 19534.883658 19671.371274
137.057381 18156.847810 19644.876072
138.057588 19026.466691 18570.603481
139.060881 18941.524911 18582.242429
140.061840 18821.776292 18635.411633
141.063208 19620.226047 18648.713090
142.063689 18824.979930 19297.466936
143.065793 19116.749712 19106.099049
144.068766 19875.822168 19158.962662
145.069473 19098.613385 19744.145573
146.071639 19440.893826 19486.749590
147.072943 19215.094317 19517.727878
148.073783 18874.481631 19344.658878
149.075498 18808.644386 18970.273723
150.077069 19218.863465 18709.755188
151.080279 19431.588079 18911.882530
152.082197 18279.193924 19249.234895
153.082867 19055.705914 18599.203758
154.084776 19358.477232 18776.569723
155.086005 19637.609019 19162.115242
156.087396 18481.436093 19613.327339
157.089537 19684.619405 18977.874113
158.090339 18557.777075 19438.425479
159.092174 18688.187406 18885.117896
160.093650 20579.929305 18624.436647
161.093769 19348.525372 19928.840137
162.095529 19422.495574 19820.261224
163.097111 18867.864510 19703.515456
164.099523 18968.334191 19158.914303
165.101349 19705.585139 18889.203540
166.104301 20044.984090 19327.069032
167.107779 18537.357184 19895.180018
168.110263 19265.147397 19085.966349
169.111855 18783.517255 19090.049883
170.112386 19028.754760 18774.643423
171.113445 18923.447434 18803.086779
172.115977 19636.139374 18794.744958
173.117812 18950.290254 19357.268621
174.118005 19090.499305 19193.861302
175.120401 18694.889591 19156.421668
176.123412 20162.824117 18824.513975
177.123833 19925.816039 19727.104927
178.125010 19874.832733 20109.574142
179.127341 19103.436681 20216.631744
180.128347 19157.629095 19606.163753
181.132907 18814.108648 19215.892300
182.136248 20039.594018 18748.550437
183.138642 19716.966324 19450.383086
184.139039 18809.244418 19706.631373
185.141079 19051.793231 19156.547824
186.143148 19383.364770 18976.591809
187.143764 19338.053175 19154.092810
188.146678 18694.856963 19266.177605
189.148121 18516.599319 18857.791736
190.151099 19439.844449 18479.171875
191.151265 19641.585380 18991.652653
192.154033 18695.747419 19511.246689
193.155970 19728.514646 19094.249910
194.158427 19051.452008 19560.701318
195.161274 19087.740799 19328.083375
196.161361 19691.314300 19169.833155
197.162334 18920.154863 19522.865082
198.163740 19613.226194 19163.123772
199.165284 20626.202269 19442.314388
200.167167 19145.926957 20384.369704
201.169487 18464.424586 19805.649019
202.170841 19497.430930 18840.231383
203.172539 18640.079568 19038.325624
204.173034 19193.709727 18609.135549
205.173585 20113.144273 18817.499136
206.174684 19001.064594 19705.309487
207.176338 19825.850891 19417.113599
208.179156 20066.008655 19787.593127
209.179594 18893.683345 20162.515655
210.183359 19339.113698 19446.606187
211.184503 18992.777007 19284.493507
212.189576 18978.155908 18957.339696
213.193688 19388.250921 18791.656295
214.194567 18590.836070 19063.010757
215.197962 19415.584678 18681.936890
216.200405 18658.988610 19087.186208
217.203058 19373.439791 18804.463433
218.205905 19395.437992 19162.571726
219.208420 19223.055693 19410.841539
220.211729 19414.659504 19401.838835
221.215539 19173.991974 19496.344556
222.217139 18788.735168 19342.675505
223.217755 18915.301607 18934.727493
224.220535 18015.559285 18789.180235
225.220910 19620.297521 18073.130207
226.223765 19277.610140 18904.266140
227.226258 19395.542642 19241.826416
228.227749 18649.211919 19508.001861
229.231017 19431.089044 19053.226737
230.233161 19596.581461 19311.243314
231.235800 19154.792408 19594.332348
232.236824 19375.399870 19405.097353
233.239556 19743.304890 19413.359216
234.242932 19447.495085 19683.929076
235.247834 18797.035748 19612.200606
236.248087 18940.607565 19047.315487
237.249327 19063.294413 18809.981856
238.251928 18671.018389 18815.986604
239.254050 19758.203020 18586.608912
240.254787 18481.543578 19308.410909
241.255123 18634.588732 18824.265353
242.258699 19429.553651 18611.295998
243.260838 18702.101995 19106.858192
244.261481 18434.198612 18889.724413
245.264436 19569.179350 18533.324381
246.266636 19064.100893 19181.578476
247.268416 19711.251077 19223.796899
248.271516 18566.867520 19690.344748
249.273868 19594.094533 19070.557586
250.275311 19176.787633 19405.161749
251.275743 18958.346530 19306.716851
252.276076 18410.942544 19061.181271
253.278206 18998.077045 18502.151806
254.279709 19207.124778 18640.185634
255.280215 18622.704711 18955.461200
256.281824 19417.050344 18737.699828
257.284328 19697.173463 19195.829587
258.284627 19366.890713 19690.291995
259.286927 19060.822615 19691.531503
260.287852 18822.121587 19381.439986
261.288914 18804.736547 18967.214114
262.291503 20228.999501 18710.789266
263.293957 18834.469732 19674.260878
264.296338 19441.904492 19248.784013
265.299202 19240.946841 19388.043080
266.300997 18645.923683 19320.419728
267.304606 19401.518104 18820.472462
268.305802 18711.622438 19093.557450
269.307470 18884.603558 18789.668358
270.309703 18959.993778 18747.948172
271.313390 20027.456183 18817.794591
272.313775 18579.702395 19688.864400
273.316149 19721.356251 19123.231910
274.320103 19373.843936 19560.773678
275.324257 18903.728495 19559.055969
276.328715 19640.666056 19159.307526
277.329202 18575.745588 19448.241717
278.330580 19493.893451 18842.124546
279.332681 19018.409103 19161.082119
280.333794 19383.651428 19047.150477
281.337490 19581.726085 19256.931056
282.337518 19045.459251 19542.057432
283.338366 18993.799477 19292.337657
284.340112 18930.632627 19067.013338
285.340636 19483.057515 18888.672576
286.342371 18659.895240 19224.310873
287.342376 18927.885568 18839.444977
288.343390 19828.945659 18803.117340
289.344651 19013.386979 19491.940647
290.348549 18530.537971 19308.934543
291.349405 19159.715672 18781.407845
292.351343 18882.630293 18926.810303
293.354051 19338.110006 18849.923840
294.356806 18987.357106 19161.267006
295.358105 19387.219533 19098.084664
296.360068 19452.807217 19338.708424
297.360169 19026.136852 19520.338844
298.362134 19465.248497 19274.268374
299.365699 19017.563660 19418.533992
300.367206 19680.666788 19166.581800
301.369254 18558.413424 19500.678514
302.372980 19195.240223 18871.033917
303.374463 19547.852213 18955.676595
304.376535 19096.510450 19322.347833
305.376691 19148.267545 19223.553225
306.378427 18730.432515 19181.213048
307.379247 18857.635249 18838.430312
308.380740 18581.169293 18735.441545
309.383141 18903.356250 18507.146120
310.385207 19108.935704 18653.144419
311.388643 19034.123397 18942.881116
312.389346 19257.291168 19073.153882
313.393910 18478.656721 19295.908471
314.396752 18607.315411 18813.655605
315.398698 19616.017171 18585.273468
316.399672 19338.291930 19233.119206
317.402662 19190.717469 19444.472635
318.405702 18957.363056 19412.923328
319.408412 19031.764388 19166.581400
320.412264 18706.150416 19046.906849
321.412288 19647.101835 18739.073479
322.415323 19597.750386 19282.639593
323.416781 18927.182512 19608.524624
324.419192 19017.682485 19265.847674
325.420076 19264.794808 19077.717888
326.420945 19607.200888 19153.978387
327.421632 18666.908050 19476.617302
328.423222 19388.253821 18965.363027
329.425418 19002.020515 19176.131474
330.426468 19381.276671 19044.871305
331.426868 19528.170743 19252.970639
332.429618 19033.797078 19499.267369
333.431720 19368.712076 19258.861329
334.433766 19440.763376 19333.578494
335.434939 19377.027752 19433.758947
336.437481 19661.156928 19437.798563
337.439267 18523.314252 19637.722551
338.442893 19840.966158 18890.161132
339.443084 18143.125576 19412.907632
340.446525 19701.817840 18507.915077
341.448563 19514.063369 19133.240622
342.449719 19250.926313 19447.231846
343.452338 19323.734392 19423.582547
344.455107 19372.533009 19423.199898
345.455147 19008.068562 19434.741160
346.455685 18502.181212 19151.611418
347.455936 18333.857188 18594.745320
348.458707 18994.691616 18166.928226
349.460852 18684.549885 18490.377740
350.464184 19990.494525 18545.574668
351.468158 18088.712474 19587.375417
352.470913 19025.491778 18782.719029
353.472988 19008.538410 18909.473675
354.477621 18926.251586 18989.140498
355.479888 19030.886676 18972.108269
356.482629 18713.215659 19030.604301
357.486561 18710.988476 18821.669648
358.488464 19834.922957 18688.418438
359.491160 19732.227354 19470.386203
360.493734 18449.427966 19875.482572
361.497437 18720.876786 19080.117410
362.499756 20168.827727 18728.349084
363.500714 18707.100605 19636.560052
364.503925 19572.505119 19127.437113
365.505450 19498.557070 19416.844902
366.506368 18995.291158 19545.002814
367.507777 18709.664604 19220.020900
368.510246 19150.834128 18787.127592
369.510795 19473.178584 18882.192334
370.510962 19111.561277 19238.643495
371.514034 19168.989195 19204.289868
372.515934 19432.550694 19207.001845
373.518421 18922.512760 19396.525795
374.520431 18857.509059 19117.765545
375.521086 18726.194708 18880.819447
376.524037 19055.048144 18658.033038
377.524414 19743.893237 18810.320328
378.526062 19109.622100 19464.279747
379.526073 17995.288055 19385.459476
380.526363 19507.311493 18441.339463
381.527173 18651.001920 18991.784183
382.528002 19521.827601 18753.656190
383.528381 19169.542341 19262.047887
384.528802 19623.736230 19316.974720
385.530983 18873.145767 19648.225458
386.531134 18988.247623 19244.785672
387.533126 20105.016042 19036.482195
388.534616 18643.138235 19757.848128
389.538933 19326.558295 19108.914717
390.542050 19145.460287 19180.568937
391.544312 18903.282172 19117.069880
392.545893 19967.378836 18910.784367
393.546794 17975.692123 19603.838560
394.548981 19632.875144 18547.485690
395.550385 19531.701410 19119.248130
396.551500 19527.346295 19457.655802
397.554496 18944.162612 19642.104704
398.556715 19435.048265 19268.251791
399.557873 19609.080381 19368.467279
400.559161 19389.156210 19565.744357
401.561828 19291.163846 19510.273774
402.564527 19028.892015 19378.764818
403.569426 19755.283856 19094.406224
404.570572 19545.923538 19480.642255
405.572750 19547.300613 19585.400433
406.574711 19390.676907 19628.943104
407.577098 18758.431301 19512.836038
408.577529 19402.941174 18950.058517
409.579782 18447.199312 19104.145358
410.581886 19210.622245 18539.081335
411.583220 20093.267213 18806.146018
412.586358 19676.843822 19702.781142
413.590180 18732.835728 19936.402678
414.591619 19648.070898 19280.317663
415.592914 19191.118807 19501.831048
416.596882 18867.638384 19306.433635
417.599246 19445.370089 18937.295905
418.600118 19780.515460 19168.611438
419.600212 19175.820538 19604.817895
420.601705 20377.715787 19413.324324
421.603969 19251.043784 20159.623028
422.606288 19670.796448 19742.291568
423.607611 18892.786115 19725.628390
424.611046 20020.409440 19120.081065
425.615314 19017.526696 19606.201159
426.617467 20215.005171 19200.651219
427.618733 19646.150050 19850.203974
428.620930 18902.298069 19839.539310
429.621224 19415.869312 19227.970677
430.622397 19695.129683 19225.946641
431.625142 18359.433589 19481.860569
432.627860 18705.076999 18661.362741
433.631996 18304.450968 18434.864096
434.635192 18976.487188 18088.698477
435.635568 19198.278730 18473.580955
436.636843 18679.134944 18958.092409
437.639680 18713.968054 18871.036876
438.642417 18903.368660 18805.658459
439.644480 19049.199517 18892.097104
440.646463 18408.686737 19047.507458
441.648818 18778.639492 18645.251065
442.652020 19582.106988 18662.446353
443.652806 20017.146747 19302.692903
444.655584 18677.504709 20018.949519
445.656117 18185.188493 19371.895605
446.657962 19328.056160 18505.533763
447.659907 20136.569916 18849.417274
448.661392 18568.187544 19747.404068
449.662259 19945.016479 19117.402148
450.666292 18898.894771 19697.719238
451.668077 19978.348501 19265.110813
452.669635 19786.145958 19766.842887
453.669875 19591.898881 19926.433421
454.672929 19899.217647 19825.471514
455.675147 18854.278394 19947.086476
456.676119 19159.330602 19212.222311
457.676225 18891.951401 18984.093405
458.676351 19081.503240 18713.303851
459.677066 19398.880291 18764.734840
460.677122 19163.944934 19107.675223
461.680672 19672.087283 19175.745164
462.681223 18835.290236 19587.936838
463.681552 18266.533727 19187.472502
464.682158 18972.428749 18472.627385
465.687083 20132.512035 18593.102679
466.688682 20115.962299 19618.234308
467.689425 19364.661786 20246.957252
468.691128 18833.709970 19965.094601
469.692104 19048.292750 19275.841210
470.693266 19814.535355 18981.618790
471.693331 19346.626907 19425.858023
472.695762 18439.592403 19394.215636
473.698167 18577.156867 18686.221383
474.700368 18761.787200 18373.740359
475.701364 19231.503532 18406.826724
476.704201 18953.461397 18864.397274
477.705698 18759.402971 18976.427513
478.706054 19356.597162 18881.157284
479.709259 19674.387169 19250.979234
480.711005 18869.034687 19700.637197
481.714843 19758.351103 19314.889309
482.717871 19153.055938 19677.539022
483.719602 19857.520362 19425.095525
484.722241 18819.639975 19759.212198
485.726020 19432.785707 19172.437285
486.729538 19297.078444 19250.709800
487.732428 19317.012583 19233.584587
488.733005 19300.432531 19255.846050
489.736799 19611.219560 19269.833375
490.739921 19278.837360 19517.567098
491.743239 19080.860849 19415.560425
492.743446 19403.204289 19181.893939
493.744215 19085.887214 19281.560004
494.746516 19065.586334 19123.816301
495.748838 19496.110877 19020.236518
496.749997 20065.502920 19302.677488
497.751884 18867.870532 19919.300352
498.752462 19713.782092 19365.938135
499.753857 19450.462765 19599.173796
500.755587 20444.941295 19546.954205
501.757164 18613.014598 20242.580447
502.760409 18795.739785 19267.038757
503.763233 19751.622182 18752.805763
504.763808 19209.387310 19223.334569
505.766747 19874.120084 19183.994721
506.769448 19600.939914 19669.222525
507.772724 19616.276750 19758.175690
508.773626 19026.377387 19774.845955
509.776770 18366.985763 19301.114264
510.778465 19480.208807 18501.020481
511.782129 18690.497264 18902.382193
512.783563 19470.739827 18655.236045
513.786902 19374.524292 19125.660198
514.789096 19579.473469 19374.980531
515.790634 19934.012338 19653.238520
516.794250 19165.133475 20039.830404
517.794643 18756.199131 19630.012682
518.798691 18688.449680 19002.183261
519.801093 17997.457053 18575.960430
520.803201 18854.523587 17872.726857
521.806405 19536.220171 18195.092520
522.806735 18539.046088 19032.405556
523.809321 18827.937067 18829.135165
524.811952 19075.509272 18871.645935
525.814114 19265.288071 19067.653257
526.816966 19068.196651 19309.955020
527.817360 20012.816128 19272.120600
528.820639 18843.049145 19910.687010
529.822212 18993.858882 19378.177257
530.823372 19200.232022 19091.247656
531.825152 18156.043335 19078.215517
532.826942 20124.186599 18319.062058
533.829755 18674.124617 19374.838096
534.831537 18708.580591 19002.516754
535.831625 19510.152921 18760.100029
536.833157 18558.536406 19227.191055
537.836071 18432.943063 18817.764648
538.839282 19018.883215 18454.049377
539.841170 19325.557059 18706.370277
540.844392 19101.722631 19140.664344
541.844485 19384.241999 19236.158735
542.846264 18533.520189 19462.186431
543.847037 18450.472101 18917.672814
544.849123 18979.379495 18487.091783
545.849726 19029.675742 18659.326892
546.853436 19853.092366 18863.179783
547.855517 19954.822646 19624.292686
548.857300 18508.567314 20138.346768
549.857390 19719.820700 19264.801279
550.858736 20053.566395 19547.410083
551.859217 19600.627804 19982.126410
552.861076 19567.605652 19877.640626
553.864176 19101.312863 19731.377915
554.864687 19288.738371 19267.583902
555.868401 19528.751807 19134.688267
556.869305 18674.775616 19286.763052
557.869986 19177.162527 18782.815491
558.870143 19168.806144 18880.621924
559.870699 19401.241878 18997.393004
560.872537 19686.094936 19272.958630
561.873307 19485.446262 19656.452048
562.874784 19437.563517 19705.122974
563.877344 19465.065013 19638.627200
564.880733 18013.855700 19575.739514
565.882051 20443.608057 18428.220061
566.882468 18776.912633 19573.183512
567.883826 19642.091792 19113.249806
568.885551 18951.272473 19448.083029
569.886642 18753.787356 19145.887341
570.888928 19558.378208 18798.021943
571.892243 18884.242644 19216.473736
572.893213 19527.627059 19005.574078
573.895911 18298.566736 19352.329701
574.898285 20289.757383 18647.736610
575.901226 19163.018022 19701.540581
576.905012 19354.227267 19530.442247
577.907340 19114.033197 19496.443957
578.908071 20068.693758 19263.745087
579.909006 19063.307098 19825.963100
580.910333 18742.178552 19413.714776
581.913333 19100.956547 18879.142285
582.913882 19363.479823 18846.698603
583.913959 19733.477067 19090.933704
584.916320 19450.935441 19558.685718
585.917807 19018.368068 19624.353343
586.921176 19570.555961 19289.407149
587.921518 19810.561915 19468.315202
588.923695 19375.201076 19763.333884
589.926581 19600.832959 19596.129603
590.929206 19164.326392 19626.519243
591.931115 18998.464882 19307.912567
592.931691 19148.069179 18988.316553
593.933713 19528.323363 18943.258850
594.936374 19279.674750 19257.123219
595.940757 19378.570542 19295.368980
596.941960 18023.873360 19384.740147
597.945471 19289.386257 18411.860443
598.946941 18700.351113 18777.558492
599.948781 18910.482411 18646.588100
600.950789 19145.375912 18752.142131
601.950939 18979.385809 19020.674342
602.952653 20218.453434 19061.623263
603.954631 18987.511894 19990.839079
604.958738 18855.658329 19589.144421
605.962388 18968.197134 19138.998786
606.963990 19856.994057 18927.494959
607.965955 18573.875758 19498.516281
608.968136 19551.899603 18911.307661
609.968437 18804.544005 19266.863260
610.969484 19294.119855 18955.383446
611.972061 18581.139473 19129.115566
612.972215 18243.601703 18722.497412
613.972277 18858.750128 18230.695523
614.973956 19486.485447 18449.382442
615.977316 19982.316711 19131.869312
616.978010 19053.692205 19933.640229
617.980943 18083.192056 19650.226428
618.982483 19072.800067 18631.510861
619.983209 19339.441112 18727.279384
620.985994 19751.706861 19061.524600
621.989563 18836.921555 19607.325648
622.991758 18135.184767 19230.232495
623.992783 19379.575919 18417.055593
624.993069 19152.389809 18873.292799
625.993483 18659.873593 19057.592600
626.994132 19840.978673 18804.054641
627.994827 18731.880159 19527.069209
628.999249 19132.375384 19135.229973
630.000967 19278.806045 19138.844321
631.001342 19060.447397 19248.857257
632.002085 18832.398886 19147.581935
633.005712 18681.594079 18904.124257
634.006003 19135.088409 18651.360470
635.006517 18442.960082 18872.657726
636.008961 19206.586336 18529.817780
637.012041 19459.937300 18909.403072
638.013596 19537.315709 19363.504758
639.018018 19068.384658 19672.697543
640.018458 19051.520787 19441.750189
641.020706 19448.977276 19220.287226
642.021876 19090.833388 19365.456502
643.022604 19905.622923 19190.313417
644.024947 19136.055799 19688.964018
645.026054 20398.219364 19415.278702
646.028237 19564.374058 20155.252992
647.028815 18479.272730 19960.597751
648.029294 18576.612736 18950.388211
649.029459 18609.009081 18400.509575
650.030928 19476.749657 18193.893306
651.033123 18900.936394 18845.169547
652.034617 19084.779276 18896.842748
653.035964 19350.372566 19061.584922
654.037096 19066.626383 19348.949564
655.040035 19526.085593 19280.177999
656.043091 19178.404119 19536.998720
657.044337 18911.123640 19401.919693
658.045014 18850.391988 19078.040927
659.046579 19430.519028 18828.823483
660.049675 20116.849772 19144.702167
661.052942 18957.450694 19888.843783
662.054915 20075.109072 19448.366779
663.056989 19451.190514 19943.643040
664.057402 19829.365445 19756.208759
665.060853 19229.357458 19869.868256
666.063006 19756.875869 19466.566312
667.065099 19174.963970 19601.251934
668.068141 19198.964717 19271.066805
669.069735 19444.255730 19099.949092
670.071954 19456.794800 19223.112401
671.074440 20063.905108 19349.384191
672.076055 19403.951887 19894.705469
673.077316 19008.326377 19714.701102
674.078114 18897.798018 19250.292482
675.082644 18959.144119 18874.700377
676.083999 18300.230895 18738.688310
677.088730 19168.214932 18231.611311
678.090132 19387.170370 18646.215735
679.090933 19285.520682 19148.234325
680.093270 19507.159815 19382.740365
681.094899 18610.158197 19641.917814
682.097437 19156.390140 19065.065825
683.098121 19306.837320 19072.586881
684.100649 19239.529638 19210.133609
685.102407 19382.377165 19252.602139
686.103721 20534.600052 19377.703924
687.105397 18415.601470 20305.590292
688.107936 19044.068031 19237.536980
689.110695 19138.809405 18969.376366
690.113652 18989.758095 18925.025007
691.115519 19700.801345 18844.506944
692.117900 19832.493099 19373.843138
693.120959 19907.123994 19819.019602
694.124661 19232.389798 20100.949379
695.128184 17923.893308 19687.407275
696.131461 19303.873172 18385.509486
697.132447 19022.668344 18654.141445
698.133146 19576.846022 18739.986736
699.136521 18910.225979 19269.213041
700.139130 20362.815740 19110.769407
701.140572 18984.786832 20070.854054
702.141389 19405.684016 19590.365117
703.141820 19145.356460 19514.398966
704.143084 18758.015402 19253.991486
705.145615 19124.489955 18806.123196
706.146701 18873.010716 18845.018017
707.147874 18476.191153 18745.723983
708.147899 19702.674180 18430.283977
709.150804 19368.986467 19203.903039
710.153395 19685.742882 19465.139570
711.157070 18934.494601 19809.286871
712.159781 19972.254049 19387.038314
713.161127 18739.023328 19841.097693
714.161623 19624.012351 19175.993430
715.166421 18973.471196 19397.940541
716.169738 19232.708146 19077.526183
717.173463 18983.505432 19085.732969
718.175409 19590.913254 18939.678122
719.177516 19337.036824 19333.163391
720.179926 19252.424609 19403.936170
721.180889 18934.454180 19359.138561
722.181164 19510.418750 19071.583447
723.181619 19303.085658 19325.497000
724.184290 19703.274073 19343.184396
725.187760 19842.070943 19642.144720
726.190107 19204.657132 19911.004873
727.190209 19268.659970 19550.141109
728.190770 19254.183977 19331.340361
729.191063 20175.843528 19195.412894
730.192519 19264.374995 19833.386595
731.193161 19483.294889 19554.386279
732.193229 18759.188797 19506.573221
733.194769 19054.903615 18933.767539
734.194836 19083.680880 18825.506127
735.196125 18965.833719 18850.307741
736.198222 18942.866762 18832.666462
737.200587 18854.708942 18839.912419
738.203612 20051.422116 18803.155619
739.207403 19137.328738 19695.200429
740.209268 19310.427446 19544.708223
741.212577 18863.530169 19497.441280
742.216377 19031.403099 19091.881392
743.217655 19418.338581 18957.918340
744.219743 19182.193451 19199.509615
745.222998 18394.087416 19197.903647
746.225074 19246.664470 18602.093587
747.225599 19399.111265 18891.619805
748.227112 19339.291704 19239.479177
749.231103 18759.042877 19408.452214
750.232075 19557.837192 19040.461985
751.236007 19473.665674 19385.207830
752.239336 18926.669650 19537.609454
753.239459 18819.360324 19187.577304
754.242200 19473.676737 18866.852320
755.244289 19251.723521 19185.354139
756.244687 18681.953180 19250.220786
757.245301 18909.026374 18855.702038
758.247926 18038.827455 18785.310344
759.247994 19545.396125 18128.394316
760.250932 18604.782665 18907.471089
761.252291 18979.618499 18751.030639
762.254691 19435.122090 18917.375297
763.254815 19417.841760 19357.736119
764.256458 18445.766365 19584.302776
765.259903 19016.857315 18926.914304
766.263190 18626.194322 18906.251296
767.266238 20034.748671 18630.574051
768.267447 19411.085317 19548.056259
769.268900 19043.723126 19660.722950
770.271627 19591.351410 19379.125244
771.272169 19280.930434 19565.197074
772.272966 19905.819761 19431.955841
773.273591 19420.421343 19796.245868
774.275055 19519.332874 19641.735542
775.276391 19139.663597 19583.335477
776.278459 18963.532804 19253.382836
777.281442 19981.153825 18927.878611
778.282312 18444.012119 19537.255812
779.283688 19136.791018 18800.062636
780.286792 19756.267530 18862.037593
781.287872 19373.801870 19426.320812
782.289018 19838.181747 19504.099856
783.290233 19704.682234 19858.699789
784.290948 18545.548198 19930.745611
785.292547 19145.879528 19040.902150
786.295734 18699.594008 18922.390430
787.300158 19033.418752 18584.292703
788.302628 18449.784264 18694.437725
789.303526 19176.706030 18396.529626
790.305254 18969.677936 18806.080561
791.306634 18599.807415 18948.241325
792.308082 18335.352805 18747.277969
793.310846 19277.369122 18411.587695
794.313708 18936.180342 18931.196073
795.315368 19861.946323 19021.651939
796.318433 19531.254488 19739.836459
797.321632 19290.904193 19881.437308
798.324707 19581.920030 19684.429307
799.325671 19088.905241 19705.805905
800.329249 20122.594233 19315.761644
801.333871 18560.584521 19839.292156
802.335943 19070.760821 19000.375648
803.336161 18065.829592 18853.601837
804.339262 19700.433906 18080.806256
805.341075 19360.193828 18916.617535
806.342650 19028.557975 19275.297209
807.344070 19319.040173 19227.134310
808.345670 19368.714336 19371.270426
809.349386 19075.233816 19467.536543
810.352630 19340.054459 19270.853659
811.354383 19739.328624 19322.222739
812.356514 19016.018849 19651.820833
813.358367 18806.631846 19296.014496
814.359941 20016.322103 18891.072163
815.361599 19710.829446 19574.758611
816.363263 19225.225070 19797.873215
817.363621 19181.846275 19523.466292
818.365353 18742.868631 19279.168429
819.365674 18691.278036 18803.455726
820.365842 20031.448576 18511.759655
821.367431 18690.737009 19415.919119
822.370004 19259.780996 19016.347541
823.371998 19153.646762 19161.942109
824.374898 18976.689213 19179.598439
825.376080 19445.067039 19049.220523
826.376536 19483.029355 19317.182107
827.379302 19288.969180 19511.605869
828.380204 18634.148104 19456.128491
829.383980 19065.155991 18895.484167
830.384214 19115.357332 18873.083904
831.386540 18865.852528 18947.552801
832.388288 19712.323537 18839.609778
833.389641 19479.499869 19427.052211
834.392186 19197.694202 19617.473508
835.393368 19103.852122 19466.836497
836.393369 19702.012896 19253.850857
837.394847 18684.811647 19558.478935
838.395363 19588.109442 18983.775527
839.398289 19036.224491 19299.156199
840.400383 18852.698089 19115.171132
841.401896 18659.092339 18865.797137
842.402037 19273.810208 18592.631065
843.404700 19654.413789 18933.701749
844.406872 19492.513034 19474.716892
845.409177 19125.776687 19668.723121
846.410799 18763.484788 19446.621454
847.411552 18704.840151 18983.640504
848.415081 19565.541419 18653.127622
849.415460 20191.981206 19146.325265
850.416976 18708.360469 19967.557965
851.418732 19054.612526 19321.564573
852.419703 19410.295517 19104.955893
853.421001 18965.977385 19250.827955
854.423726 19897.630509 19030.392277
855.426937 18824.970801 19602.810559
856.429514 18921.141547 19158.229906
857.431946 18421.101290 18924.752863
858.432647 19190.582916 18432.081319
859.436882 18574.316561 18760.111760
860.437589 18974.572677 18569.545003
861.437912 19559.345907 18775.646601
862.440160 19432.789739 19367.008841
863.441281 19165.509932 19615.857102
864.442781 19127.403449 19494.054537
865.445729 18374.605843 19322.437240
866.447196 19491.328451 18623.271940
867.450541 19732.718971 19049.064721
868.452757 19403.865616 19553.569935
869.453515 19539.981491 19603.969784
870.455868 18926.442258 19681.230573
871.458347 18447.144351 19224.394272
872.460016 19118.977575 18562.014688
873.460333 19307.326409 18705.982230
874.463070 18430.666041 19022.476462
875.465676 18967.920905 18594.440790
876.469068 19283.550303 18742.420414
877.471614 19396.386618 19109.507397
878.473220 19392.478122 19421.188851
879.475250 19235.422839 19567.897648
880.475473 19544.059516 19479.605703
881.475637 19710.322560 19605.891522
882.477752 19021.763931 19778.273713
883.480386 19160.300523 19331.058049
884.483354 19231.871192 19134.029131
885.484998 19698.612718 19095.760522
886.486726 18697.338621 19460.710029
887.487337 19410.591616 18951.704882
888.488927 18837.595300 19168.550490
889.489195 18936.267115 18907.736339
890.492476 19958.356799 18833.797864
891.495481 19263.283613 19589.013203
892.497043 19382.748917 19537.651881
893.497349 19173.097387 19532.978131
894.499409 19392.962243 19335.845305
895.500242 18442.563386 19361.490555
896.502652 19777.822006 18669.381959
897.504390 19066.194547 19268.066983
898.506522 19251.500791 19161.127656
899.507036 18044.031177 19222.904399
900.510386 19395.414518 18355.339657
901.512116 19430.868020 18857.267673
902.514409 18864.681366 19269.358518
903.516984 18765.760426 19091.141325
904.520504 19043.671842 18871.227034
905.521657 19008.034981 18943.336799
906.523674 18876.267203 18977.747796
907.525724 18864.205218 18903.699257
908.526648 18558.020308 18850.770486
909.526784 18975.353655 18598.026101
910.529551 19868.405931 18774.652470
911.529680 19304.959107 19582.930158
912.530565 18952.015308 19635.852827
913.530626 18822.977335 19314.882883
914.533540 18701.500793 18966.902537
915.535127 18201.087827 18665.823657
916.537089 18292.625449 18148.893777
917.537142 19022.389543 17972.130566
919.177367 18815.453470 18511.195752
920.178212 18827.305081 18753.324738
921.179550 19210.639238 18898.810122
922.179562 19258.770764 19241.177172
924.175145 18853.161816 19440.824858
925.176892 18202.670216 19190.928466
926.177065 18910.632095 18493.669908
927.177535 18857.620295 18603.262115
929.175798 18222.837547 18695.141863
930.178051 19323.280091 18305.614285
931.179471 19047.906668 18915.488219
932.179674 18716.007870 19115.843086
934.173890 18628.044268 18950.112317
935.176515 19655.505060 18742.748119
936.177072 18706.940959 19380.985651
937.178439 19434.149840 19057.311194
939.174486 18551.401921 19353.288067
940.174734 19379.932339 18859.431008
941.175309 19262.122321 19156.893020
942.176143 18535.439665 19273.026342
944.175254 18370.159851 18783.355006
945.175402 19463.413171 18352.580642
946.176409 19080.848441 18961.528252
947.177170 18886.775716 19104.549740
949.174159 19253.201138 19024.580615
950.174405 19253.181345 19224.963894
951.175819 19765.441684 19332.200000
954.174493 19088.431469 19750.258643
955.176366 18799.133974 19455.326064
956.176526 19289.249324 18999.163005
959.174857 18751.357420 19088.660730
960.175774 18831.228499 18780.137813
961.176629 19283.597531 18678.584565
964.174146 18781.023786 19005.245699
965.174889 19312.946225 18861.233915
966.175717 19005.074769 19168.117320
969.175180 19181.608168 19126.862657
970.175301 19082.881814 19208.188402
971.176146 19076.540400 19168.161451
974.174034 19014.520957 19122.072005
975.174436 19036.265520 19041.129799
976.174486 18723.244272 19010.314908
