33.002842 18832.087888 0.000000
34.002967 19039.297843 18832.087888
35.003483 19101.829557 19246.507797
36.004742 18834.346134 19345.209071
37.006435 19096.410976 19133.102263
38.007665 19313.174197 19148.908458
39.007904 19368.824774 19306.259601
42.143353 19042.819338 19428.401754
43.143466 19190.970354 19230.074509
47.142353 18800.233304 19195.210356
48.143037 18979.153543 18883.665491
52.143723 18804.780586 18841.225191
53.144344 19132.726559 18723.707412
57.142944 18994.720331 18931.176295
58.143168 19102.511716 18981.793632
62.142347 19113.079468 19091.177514
63.142564 19235.169621 19156.628820
64.143120 19318.518324 19270.034749
67.143364 19263.075071 19380.532959
68.143639 19238.057100 19378.695965
69.144543 19378.910511 19330.108767
70.144571 18931.598036 19388.442309
72.143239 19024.159954 19079.741775
73.144031 19267.081820 18957.777011
74.144808 19195.919799 19095.581765
75.146098 19003.983719 19153.987640
77.144773 18898.721792 19049.721557
78.145431 19017.829638 18907.207610
79.145673 18724.410824 18923.160067
80.146184 19123.865612 18734.739578
82.144509 18880.897323 18937.538236
83.144966 19099.197415 18903.293192
84.146202 19065.703683 19044.296772
85.146858 19515.023574 19103.403424
87.143514 19044.112998 19460.521733
88.144921 18770.866625 19299.523415
89.145731 19087.124703 18950.236873
92.144128 18848.428557 18967.944598
93.144352 18476.356670 18827.571378
94.145328 18932.180530 18483.545147
95.146813 19227.714000 18651.602807
97.144453 19337.867761 19027.426171
98.146021 19658.425456 19348.025131
99.147092 18821.073019 19746.203539
100.148590 19128.470022 19295.333895
101.149732 19337.164179 19181.881606
102.151993 19328.455022 19268.323183
103.152874 19655.547744 19322.222353
104.153400 18867.140257 19596.049647
105.155921 19520.517841 19156.532203
106.156707 19817.280364 19354.458682
107.157481 18633.022130 19717.508604
108.159128 18842.995090 19035.782829
109.160297 19152.202438 18751.709487
110.160801 19450.812136 18864.399728
111.161706 19718.311116 19216.652799
112.163050 19691.508938 19651.943404
113.165395 19408.877979 19866.079001
114.166028 18522.541515 19717.531065
115.168657 19546.578786 18901.341477
116.170863 19135.659006 19166.574646
117.171959 19242.749604 19086.002431
118.174174 19431.932425 19138.448415
119.175694 18572.588025 19332.633820
120.175760 19030.850826 18810.042874
121.176068 19269.260443 18833.080790
122.177970 18248.699518 19072.849469
123.179077 19336.372580 18476.415858
124.179213 19163.656144 18937.024764
125.179987 19280.305426 19137.628844
126.181774 18936.492652 19331.924671
127.182071 19093.156192 19158.308192
128.183758 19976.339267 19133.543723
129.185378 18944.777943 19773.451912
130.185843 19696.784646 19370.456852
131.186951 19225.449207 19626.544622
132.188173 19935.045936 19418.646934
133.190497 19664.444318 19798.596205
134.191973 18920.506203 19819.732060
135.194444 20156.106731 19233.524465
136.196693 19500.805723 19788.866499
137.197402 19708.818611 19666.871817
138.198258 19250.045821 19720.367619
139.200376 18181.843562 19400.148675
140.202517 18738.734831 18401.361795
141.203051 20057.786846 18264.757249
142.207131 19381.909275 19304.238383
143.207606 19637.789153 19505.457887
144.209621 18896.203533 19767.090395
145.211266 19408.702603 19309.392123
146.213768 19360.332486 19361.620142
147.214429 19119.683611 19363.227179
148.214720 19865.120591 19182.820368
149.218727 18736.319327 19635.910508
150.222214 18953.185713 19073.157151
151.223491 18892.239257 18870.220806
152.224349 19206.275683 18743.784018
153.224884 18816.387411 18953.206754
154.226474 19465.949803 18828.769150
155.229117 19197.185354 19250.626707
156.230551 19904.790304 19313.812923
157.233399 19039.590150 19846.952851
158.234486 19218.891388 19479.082063
159.236030 19282.696005 19319.749619
160.239065 19383.025945 19262.722302
161.241407 18753.475129 19314.449524
162.244354 19214.025039 18885.294128
163.246832 18270.905563 18983.174113
164.248017 18751.273830 18382.487230
165.248360 19269.642730 18414.524572
166.250454 19577.621735 18903.507233
167.253611 18743.681794 19470.516691
168.254504 19111.512804 19155.342726
169.256798 19348.643438 19170.713767
170.259497 18667.692691 19341.447023
171.262535 18828.151606 18917.899694
172.265987 18719.096783 18763.918465
173.268424 19616.868519 18621.195018
174.270638 19394.412927 19247.637538
175.275065 18577.869303 19486.324849
176.275335 18438.365682 18970.282807
177.276541 18953.038052 18509.530694
178.277647 19569.626679 18647.367661
179.279293 19100.128843 19255.145213
180.279851 19663.149116 19285.530979
181.282892 19024.058260 19676.638532
182.286056 19218.040944 19389.501813
183.287069 19350.658640 19300.059578
184.288819 19027.196100 19334.297074
185.291533 20172.600878 19112.909309
186.293454 19289.124827 19839.840707
187.295717 19543.148885 19623.889411
188.297579 18953.419211 19622.740661
189.300715 19527.777286 19159.971086
190.302954 18650.033275 19307.716886
191.305978 18768.231041 18778.296878
192.307769 18426.126324 18570.169297
193.308666 18458.292120 18259.042405
194.311704 19988.358361 18169.374286
195.312924 18929.026991 19344.319365
196.313479 19338.830156 19298.303127
197.314787 19016.775722 19490.328348
198.317442 19369.218849 19306.925584
199.318942 18728.305460 19407.019083
200.321515 19077.719462 18966.930731
201.324814 19071.936361 18949.290739
202.328815 19377.085956 18968.240598
203.329012 18902.305579 19232.501664
204.333080 18785.697830 19044.692988
205.335505 18988.631346 18827.735986
206.338635 19261.511930 18860.948082
207.339748 19000.227678 19114.135384
208.342405 19044.086736 19081.609983
209.343947 18858.781333 19077.896000
210.348403 19236.723433 18928.607640
211.349092 18744.408297 19119.963458
212.350618 19186.387979 18875.595009
213.350975 19960.549877 19052.098868
214.351456 19405.770376 19754.544499
215.353672 19452.893072 19741.184033
216.354806 19395.440172 19685.992408
217.355649 19839.247516 19557.032086
218.356382 20533.293220 19785.009455
219.357436 18769.366609 20433.091933
220.361481 19248.972828 19459.238535
221.362647 18742.306452 19159.548519
222.365865 18793.337608 18652.059806
223.368449 19049.916713 18459.150478
224.369654 19101.959386 18638.676925
225.372810 19419.106756 18870.282101
226.376840 19233.174604 19281.864537
227.378187 18472.790515 19382.517196
228.378462 18968.842362 18825.219811
229.382577 19619.990878 18830.502679
230.386013 18955.597769 19356.090421
231.387884 18462.607517 19186.564575
232.389934 18916.869337 18674.317261
233.393838 19338.140314 18705.962533
234.396649 18952.571626 19090.465103
235.398983 17908.619670 19055.458675
236.400299 19502.818713 18229.269731
237.401023 19127.960772 18931.662027
238.403716 18843.360051 19144.503890
239.405513 17839.074765 19033.338501
240.407778 19114.577344 18177.047230
241.409111 19379.885416 18621.035413
242.410276 18821.254016 19165.396041
243.413384 19067.789412 19072.225148
244.415087 18186.261658 19147.798466
245.417361 19120.767222 18504.437046
246.420126 18904.873215 18804.091662
247.421368 20318.326868 18871.167355
248.423963 19946.350611 19973.221906
249.425033 18342.574519 20331.543230
250.426526 19211.833291 19211.573668
251.426806 19918.090506 19086.283178
252.427024 18842.230721 19584.718373
253.429605 19837.650700 19110.384165
254.432998 19350.404112 19552.743684
255.435068 18915.388734 19479.715257
256.435870 18684.796766 19084.611723
257.437736 18540.058674 18671.810234
258.438364 19077.169660 18360.102553
259.438693 19607.764644 18652.070982
260.441615 18884.942175 19302.276104
261.443319 19762.156435 19161.633948
262.445401 19272.069051 19680.050622
263.447388 19386.827237 19592.219874
264.448659 18904.487943 19554.335434
265.449063 18249.955967 19131.761694
266.452900 19707.724013 18372.757404
267.454386 19742.013280 19055.880935
268.457094 19164.178611 19586.120420
269.458378 18374.080444 19456.837376
270.461816 19166.471798 18726.457537
271.464577 19736.514199 18867.466860
272.466376 18822.479416 19440.254557
273.468226 19544.542975 19115.187228
274.468358 19903.988515 19421.024281
275.469721 19917.061452 19874.406635
276.471554 19610.401239 20118.297985
277.474452 19252.494673 19959.939367
278.476377 18958.646934 19524.945601
279.478766 19414.486216 19018.950182
280.480309 19114.864483 19092.756122
281.481231 18937.680303 18985.375316
282.483439 18963.216234 18831.169070
283.487192 19037.315381 18799.845703
284.488608 19536.999436 18880.601013
285.488966 18611.029100 19334.920301
286.489078 19287.701001 18918.121976
287.491326 19246.913326 19140.453521
288.493703 19050.136195 19257.840407
289.495112 18830.766783 19166.219232
290.499629 19272.083099 18926.860825
291.503251 19285.531964 19114.145349
292.504996 19273.314961 19257.358697
293.506348 18611.151524 19326.845936
294.507754 19382.263997 18851.584233
295.509948 18782.292526 19132.179560
296.512723 19205.786675 18885.019729
297.514858 18301.090513 19053.378625
298.514933 19303.219242 18497.137963
299.516949 19104.728947 18921.602317
300.517489 19280.072195 19080.371004
301.520360 19713.469433 19297.352269
302.523517 19733.345407 19726.570812
303.523773 18974.113713 19952.811719
304.526904 18728.137703 19441.641824
305.528000 18526.048031 18884.692841
306.530044 19577.331700 18415.512311
307.532593 20199.673849 18997.018728
308.536258 19303.789801 19899.606791
309.538806 19397.587241 19754.004551
310.541071 18589.328453 19638.997823
311.544968 19493.933477 18914.947723
312.545803 19502.180939 19149.971623
313.548038 19825.343035 19359.659633
314.548475 19327.280388 19742.505537
315.549491 19374.073456 19581.090878
316.553060 20209.072284 19472.025727
317.553830 18950.743240 20019.254204
318.557550 18690.398348 19396.576180
319.558050 19520.624244 18778.520264
320.560551 19139.331254 19070.131248
321.563532 19439.354531 19042.590248
322.565122 20081.797440 19278.022456
323.566863 19103.163498 19917.903761
324.569638 18537.757006 19544.842377
325.572631 18576.473490 18823.837096
326.573643 18410.109782 18420.851796
327.575040 19318.170447 18133.491789
328.576851 18316.687085 18740.011782
329.578124 19227.290151 18436.698924
330.581530 19576.670651 18937.991834
331.584186 19766.172010 19522.998243
332.586735 19351.591708 19971.045569
333.588603 18330.933881 19832.915616
334.589590 18887.238991 18878.026292
335.591498 19354.832810 18681.037360
336.594929 19420.230407 18984.788666
337.596787 18847.106627 19278.223552
338.597812 19406.717254 19030.599874
339.598567 19755.708454 19280.622694
340.601127 19964.735509 19698.901144
341.601339 19174.466473 20079.012487
342.603012 19133.296692 19647.797138
343.603607 19905.652766 19282.979460
344.607118 18711.101258 19642.416985
345.609434 19179.247987 18992.031062
346.611700 19631.084469 18947.715697
347.612940 19798.834806 19322.318448
348.614069 18996.566152 19712.624082
349.616500 18519.518592 19327.628089
350.619318 18825.536876 18694.578938
351.619377 18384.095637 18563.802990
352.621334 18788.876590 18232.767557
353.625112 19408.773835 18408.667576
354.625196 20132.358537 19056.592773
355.628583 19460.021735 20011.289163
356.629182 19078.116186 20014.652100
357.629556 18616.476548 19591.246815
358.633493 18255.974204 18905.031787
359.638273 19679.288719 18219.408706
360.641674 19256.996746 18953.224425
361.642783 19603.025388 19184.929379
362.642935 19196.063743 19578.320179
363.644109 19297.545915 19475.970648
364.646889 19665.357066 19430.930785
365.650263 18561.807783 19650.922999
366.652836 19369.990454 18936.865661
367.656722 19194.700316 19092.209526
368.659400 18844.568986 19107.859087
369.662687 18770.391341 18874.795677
370.663232 18991.419941 18695.074065
371.663760 18932.623035 18789.814029
372.664231 18941.982600 18843.487809
373.665000 19394.053565 18899.628179
374.666014 18902.545976 19277.340193
375.667585 19557.625985 19126.743851
376.669502 19013.653806 19486.706219
377.670345 19228.584023 19276.438210
378.673102 19680.791551 19266.805767
379.674989 20037.229789 19591.589756
380.675844 18486.449010 20043.610877
381.676670 20284.882072 19104.940582
382.678190 19919.047348 19829.807338
383.680569 18557.218510 20031.633356
384.683251 19382.519165 19083.028235
385.683867 18819.211124 19096.248734
386.684077 18792.456767 18751.945561
387.684536 19473.399671 18576.544597
388.685444 19675.715849 19053.529336
389.688779 19379.760048 19548.726423
390.689154 19138.185333 19606.105472
391.691414 19369.212335 19397.027604
392.693992 18697.287532 19401.048354
393.696965 18871.211835 18891.156122
394.698164 18588.520588 18718.186086
395.699727 18281.943807 18457.939070
396.702508 19668.631136 18130.528356
397.702712 18900.177750 19044.692358
398.706178 18775.869295 19081.419015
399.711084 18600.222098 18961.240685
400.713081 18704.902629 18723.073275
401.716263 19786.623403 18651.787175
402.717672 19631.825468 19440.713568
403.719693 18126.455631 19805.555772
404.721560 19429.142210 18815.516920
405.723162 18185.029205 19125.247107
406.723956 19051.378408 18423.001222
407.724385 19701.605980 18662.147177
408.725498 18816.844975 19366.698642
409.727009 19801.034791 19139.130455
410.728188 19200.145905 19682.917353
411.730639 19509.265810 19533.673497
412.731837 18836.640694 19607.509600
413.734627 19189.063187 19115.397867
414.735733 19297.748269 19063.969577
415.736633 18454.751551 19151.042646
416.738320 19610.730193 18599.008048
417.740039 18858.850668 19153.910606
418.741038 18623.159894 18981.657138
419.742469 19585.928277 18688.060706
420.743705 18215.222852 19247.113574
421.745271 19208.136696 18583.314615
422.747923 19625.231949 18904.077578
423.751176 19208.872117 19453.295279
424.754819 19801.778278 19458.618423
425.756561 19034.922618 19843.523039
426.759335 19896.134791 19450.397412
427.761902 19003.593570 19795.875029
428.764502 18576.674122 19324.272862
429.764580 18331.134116 18688.112370
430.767157 18344.866918 18158.017558
431.770934 19046.924446 17946.548892
432.774352 18826.530013 18466.937212
433.774860 19309.722032 18706.832356
434.776203 19042.208010 19219.098356
435.777819 18720.718430 19297.251759
436.781708 19275.801507 19031.450338
437.782983 19516.942143 19237.178958
438.786348 19739.356074 19530.554383
439.789093 19071.296301 19840.649483
440.791904 19539.183375 19469.328852
441.794719 19782.175637 19535.075703
442.796025 19356.532562 19751.220244
443.798311 18955.808847 19547.799056
444.799862 19065.799726 19097.729052
445.801672 19457.796715 18919.707158
446.802479 19392.907987 19161.217095
447.803947 18269.192269 19307.450422
448.806343 18973.584525 18559.144688
449.806852 18764.428830 18640.797909
450.809991 18797.002335 18607.954402
451.812990 19283.814095 18655.081384
452.816505 19588.198092 19079.233933
453.817885 18968.033920 19570.743246
454.823842 18980.744327 19355.738485
455.826193 18350.115499 19160.842768
456.828611 19057.791632 18545.398679
457.830008 19051.755035 18719.612939
458.831503 19143.755706 18886.737295
459.832529 19004.918240 19080.554411
460.835129 20167.933845 19089.135193
461.837439 18213.575283 19944.633050
462.838934 18470.206903 18962.438255
463.840817 19310.614117 18476.598830
464.844392 18660.273917 18862.386546
465.847069 19548.916246 18679.582147
466.849441 19260.129861 19249.834637
467.851875 19049.652569 19393.141495
468.853623 18610.089553 19273.684047
469.855450 18383.192388 18828.275191
470.857325 19160.390703 18380.851480
471.860119 19152.139988 18740.623588
472.863380 19105.187850 19019.263384
473.864726 18987.508787 19156.588330
474.867136 19118.831146 19124.141385
475.868970 20014.211228 19172.251533
476.870312 19002.841951 19854.486572
477.871279 19039.761698 19477.008297
478.874270 19166.581560 19197.417383
479.874371 19210.867172 19113.322902
480.876696 18552.098012 19117.804534
481.879330 19072.063651 18649.234140
482.880577 19798.955205 18780.639140
483.882705 18342.994351 19464.366433
484.884497 19245.731326 18797.906633
485.887490 19549.977294 19028.001393
486.890048 18875.614756 19425.665732
487.890428 18311.517400 19149.803889
488.893269 19054.749860 18520.252667
489.896697 20440.047228 18710.717584
490.897117 18958.161908 19930.931137
491.898437 18816.984439 19556.902947
492.901554 18603.737858 19114.320490
493.903519 18103.165754 18658.760313
494.905678 19269.774657 18041.795533
495.909045 19074.942141 18623.612375
496.909495 19273.473946 18929.936980
497.909685 19095.197069 19268.249426
498.910464 18535.719479 19305.004121
499.912773 18231.020381 18851.321513
500.914770 19356.678825 18317.055377
501.916772 18772.515960 18872.657393
502.917990 19461.206159 18833.341611
503.920689 19189.013576 19314.994956
504.923846 18506.892432 19388.229992
505.926192 18698.736053 18863.452548
506.928059 19388.373731 18655.806513
507.930681 18725.575425 19079.944138
508.933815 19658.314019 18872.021620
509.937198 19035.726528 19431.002758
510.939188 19295.961408 19300.380524
511.941849 18857.952159 19364.082068
512.944421 18182.827572 19050.395738
513.946028 19343.365287 18339.098238
514.949044 19358.611759 18814.785108
515.952232 18803.235490 19196.208441
516.953468 19960.831370 19010.988736
517.954557 19522.001439 19734.637481
518.956691 18937.941336 19823.887878
519.960276 19132.720150 19354.996389
520.960304 19610.815652 19162.370992
521.960764 19767.865523 19417.217210
522.963668 18818.415224 19710.827332
523.965201 18852.585496 19159.804217
524.968342 18635.574187 18824.573115
525.969187 19176.503645 18501.202177
526.971080 18577.547074 18778.806805
527.972607 19805.787994 18567.815900
528.973011 19273.045300 19385.933931
529.976316 19124.026214 19500.399442
530.980320 18690.966962 19389.029347
531.981052 19520.166116 18942.299077
532.984363 19604.503236 19278.000280
533.984598 19554.364024 19569.645179
534.986473 19918.389999 19686.577734
535.988265 19303.571581 19985.010065
536.991406 18075.860478 19656.457401
537.992954 19401.755326 18483.176286
538.995346 19992.192077 18789.127913
539.996882 20103.025674 19538.088143
540.997692 18744.863187 20109.219439
542.000745 19075.303531 19374.614780
543.001188 19093.697051 19097.704811
544.002974 19208.109304 18967.444646
545.006600 19937.300728 19019.686855
546.009096 18530.840344 19639.807139
547.009295 18538.647322 18969.395391
548.011966 19349.796570 18530.405989
549.013718 19222.391869 18921.333556
550.016102 18747.379395 19128.359568
551.016288 18633.038260 18899.121294
552.146167 18500.398067 18660.810830
553.149379 19813.837759 18435.232312
554.149789 18775.928907 19323.814260
555.152254 18830.579107 19112.179470
556.153769 19495.358123 18963.287084
557.154177 19259.596666 19354.248159
558.156396 19789.928239 19408.185094
559.159765 19297.083347 19795.755135
560.160801 18914.388944 19618.449762
561.163240 18617.503523 19162.434670
562.166410 19450.503075 18649.751626
563.168814 19598.085035 19010.097742
564.170864 19524.102250 19411.058604
565.171795 18427.939847 19602.808553
566.172399 20087.435838 18856.885150
567.173389 18789.827770 19621.309116
568.176514 18956.262551 19146.846728
569.177935 19772.928497 18945.186881
570.181505 18533.702308 19459.625334
571.182229 19452.842271 18865.750710
572.183410 19411.420601 19175.156269
573.184541 18768.468504 19368.214297
574.188038 19089.062465 18993.330814
575.190664 18634.096963 18990.118966
576.193750 19119.245940 18672.024790
577.197141 18907.664341 18867.357478
578.199284 18208.473784 18869.309738
579.199466 19074.839874 18355.481601
580.202185 19233.544020 18711.590146
581.202994 18397.242111 19099.484960
582.205484 19494.535938 18699.720700
583.205785 18286.536950 19247.189293
584.207678 18906.382271 18676.761010
585.210358 18770.793272 18758.874844
586.212145 18884.131090 18735.116868
587.212973 19461.678864 18817.160345
588.213867 19392.401537 19308.085601
589.215353 19517.855625 19539.988549
590.216900 19074.916577 19713.133836
591.217346 19117.799435 19418.682641
592.218539 19414.590422 19217.677670
593.219284 20329.559304 19314.798867
594.222500 18170.685022 20074.534015
595.223825 19506.381682 18899.002200
596.229083 18709.082604 19130.929493
597.230112 19205.309880 18742.781878
598.231523 18299.593789 18912.453709
599.232061 18750.912595 18391.216599
600.234723 19681.323925 18446.181446
601.235438 19684.606476 19247.655154
602.238188 18447.015492 19759.271114
603.239483 18629.315124 19068.219697
604.239760 19054.434604 18704.117661
605.242097 18812.113339 18822.205619
606.244995 19459.084551 18757.565895
607.248396 19965.708129 19224.111304
608.249150 19227.410544 19896.095003
609.251332 18933.040522 19695.766946
610.251865 19720.696409 19257.736300
611.251997 18699.410019 19548.288948
612.252822 18748.818350 18970.702345
613.256876 18479.304320 18651.142210
614.260142 18869.260221 18313.645655
615.262409 18449.846748 18478.778970
616.265101 18723.054640 18344.405835
617.267011 19075.293781 18508.485415
618.269391 19420.087795 18908.346867
619.269512 18744.306428 19408.609832
620.271394 18724.254305 19154.774780
621.275004 18580.309191 18910.201074
622.277953 19022.404818 18633.468693
623.280337 20551.038246 18813.384347
624.281708 18997.221524 20102.072363
625.283832 19312.798175 19693.295301
626.284430 18943.643850 19551.570813
627.286492 18676.265396 19144.149666
628.286596 18668.850589 18689.778798
629.286847 18934.450130 18453.653909
630.286971 19238.444490 18588.590289
631.290681 19546.768508 18970.519210
632.290787 19153.739301 19459.708004
633.290855 19196.912725 19431.295622
634.291386 18917.478285 19380.080419
635.291590 19812.473333 19099.105063
636.295813 19237.118277 19584.456977
637.297135 18551.297346 19452.620731
638.297188 19228.185818 18818.461296
639.297225 18774.281917 18942.256945
640.302298 19345.566026 18735.209062
641.302984 19198.425513 19069.916416
642.306399 19320.876576 19195.827111
643.308450 18146.768331 19351.270356
644.311448 18658.091720 18540.812349
645.314779 18917.765086 18420.564883
646.316706 18522.472520 18614.577884
647.320410 18560.230335 18490.911760
648.322996 19347.473814 18465.287249
649.323518 18890.149634 19066.643375
650.327955 18871.761618 19094.535912
651.328270 18289.539709 19043.594599
652.331683 19487.731320 18538.499266
653.333919 18684.653778 19122.355418
654.336725 19814.444747 18903.319313
655.339414 18601.350219 19586.478104
656.342151 19523.896379 19075.228264
657.346400 19699.011537 19393.043453
658.349510 20207.022975 19716.000647
659.350997 18889.810293 20254.240546
660.351294 19353.239418 19523.646591
661.353284 19388.262668 19347.462383
662.354272 18524.911513 19287.081975
663.355473 19370.187246 18634.673578
664.356279 19094.149255 18914.985663
665.357546 19415.213437 18961.913608
666.358859 19258.824149 19259.234629
667.360851 19925.471564 19329.597875
668.362734 19396.261036 19847.071628
669.367816 19108.902528 19728.500593
670.370855 18556.418706 19370.636305
671.373745 18792.738967 18711.907850
672.376545 19128.120160 18520.911533
673.379476 19049.724683 18744.906127
674.383545 19138.675369 18893.910325
675.383600 18923.021642 19074.079028
676.384060 18912.844767 19018.572169
677.386516 18543.103516 18959.298452
678.389801 18950.400428 18640.742234
679.390639 18678.055440 18762.527129
680.392524 18943.943163 18666.129161
681.394678 19035.831517 18820.327538
682.395833 19768.258615 18997.246899
683.398275 18745.651609 19644.673057
684.399484 19018.805115 19232.327271
685.401309 18659.806637 19109.350592
686.402277 19804.250166 18755.977025
687.402839 19378.734960 19413.580291
688.405474 19639.415312 19520.912988
689.406243 18983.446616 19734.545094
690.408194 19698.890051 19325.602179
691.410989 18690.256514 19572.174407
692.410997 19747.446701 18970.664280
693.411993 18932.369186 19392.699915
694.415753 18942.069151 19081.096292
695.417550 19078.764984 18895.387678
696.419363 19507.407809 18916.725614
697.423639 19698.821636 19289.386543
698.426292 19362.483871 19673.782695
699.429953 18875.977893 19619.987182
700.431650 19244.083260 19163.834114
701.433254 19054.758210 19139.872550
702.435910 18949.757797 19011.950658
703.437806 18648.896432 18879.941290
704.441078 18946.137323 18605.744709
705.445215 19928.939932 18702.365018
706.447627 18381.566678 19548.720205
707.449261 20064.636029 18906.422790
708.452329 18385.994878 19716.362068
709.455985 19252.749168 18949.419334
710.458570 18962.676280 19075.157570
711.460556 19088.845962 18964.869922
712.464577 18533.464512 19003.804949
713.464745 19135.029085 18627.996628
714.467768 19072.120936 18867.632869
715.470439 19781.882221 19007.118931
716.473774 18755.971793 19625.433428
717.475658 19761.752316 19204.270053
718.476081 19127.522248 19635.949193
719.476659 19025.352288 19407.566993
720.479950 19134.024478 19146.737236
721.481861 20478.144409 19067.480264
722.482490 18481.995858 20052.577779
723.482976 18621.067304 19154.406781
724.484242 19245.694728 18641.522136
725.485552 18917.312231 18848.436673
726.487270 19085.351530 18804.921582
727.489878 20207.965879 18937.291174
728.489986 19393.458111 19882.451821
729.494257 19459.754031 19825.529832
730.495211 18305.652566 19738.772848
731.495858 18411.168034 18760.063553
732.497271 19814.318118 18236.242759
733.499084 19739.051449 19070.426244
734.501266 19046.664544 19617.040954
735.503522 19038.262208 19401.560753
736.507279 19425.928173 19198.794849
737.509201 18809.280210 19348.028210
738.512006 19016.182057 18979.633909
739.514580 18555.134402 18908.024719
740.516120 19605.096890 18553.473717
741.520121 18101.960936 19164.085254
742.521057 19032.736130 18452.291966
743.524245 19430.068529 18706.893959
744.526514 18957.141324 19213.654798
745.529876 18431.685345 19166.443246
746.533029 19805.997758 18696.420006
747.534602 18492.907463 19425.959030
748.535385 18290.968371 18900.920503
749.537123 19697.393999 18384.943661
750.537294 18509.165131 19158.280638
751.537556 18896.838731 18788.555816
752.538353 19259.725469 18824.600933
753.539153 18604.712896 19132.847995
754.539978 18750.508270 18827.431465
755.544636 18291.298397 18728.390088
756.545990 19786.483982 18339.991540
757.546002 18811.062338 19255.008169
758.546366 19248.938569 19113.819204
759.548109 18932.914778 19295.942678
760.551778 19425.189782 19138.235544
761.552236 18288.928728 19377.258039
762.554482 18756.993055 18656.556432
763.554936 19628.396866 18555.346947
764.555012 19278.238983 19208.706590
765.556886 18999.424795 19377.690569
766.558795 18590.153352 19228.209020
767.560369 18542.811351 18789.318608
768.564371 19295.032709 18484.575586
769.564676 19905.538694 18910.929035
770.568029 18957.704640 19678.011167
771.572062 19264.946640 19407.558574
772.575150 19027.243701 19390.300294
773.577482 19073.253735 19172.055536
774.577503 19617.840476 19061.237725
775.579759 19087.560712 19417.272877
776.580464 19215.083706 19247.722529
777.583632 19554.885626 19218.549147
778.583740 19488.001835 19457.947536
779.584256 19426.814023 19551.718409
780.586863 19105.382335 19536.783844
781.589910 19058.893673 19260.750339
782.592087 18843.134346 19049.025090
783.595938 19626.849909 18783.810115
784.599581 18383.771351 19253.820358
785.599635 19239.843816 18649.773948
786.600907 18778.733237 18923.304443
787.601425 19491.852575 18793.371600
788.604498 19645.971159 19259.585090
789.605952 19460.887097 19666.347645
790.608033 18799.696949 19725.821755
791.610656 18645.848480 19193.432534
792.612958 19030.885339 18713.417676
793.614157 19683.019186 18745.295592
794.617651 19073.650449 19321.732372
795.620342 17897.648117 19243.245912
796.623137 19540.857936 18279.602068
797.624249 19266.715596 18934.699022
798.627496 18493.998282 19208.180473
799.628527 19330.453762 18780.016994
800.630963 19420.884016 19121.772186
801.631808 18499.290341 19412.642866
802.632748 19076.152480 18868.943238
803.636711 19394.551512 18937.326804
804.637282 19311.320879 19245.024280
805.638587 19586.545523 19373.831851
806.640412 20355.742082 19629.026377
807.641046 19377.622547 20322.900845
808.642254 19165.987879 19944.458738
809.643742 18839.206042 19454.802635
810.644945 19173.313165 18892.684517
811.647057 19075.740667 18848.836181
812.648992 19258.105193 18834.851886
813.652532 18751.337062 19024.855328
814.652638 18172.764319 18798.093417
815.655649 19143.921102 18239.093816
816.658948 19568.786219 18671.379228
817.660917 19371.338081 19324.306241
818.662467 19200.229777 19563.803638
819.664820 17901.359055 19507.104719
820.665833 19384.287411 18427.883483
821.668283 18564.407619 18868.838025
822.669600 18609.670480 18603.267798
823.672075 18491.678263 18494.714786
824.673563 19477.162104 18380.683040
825.676000 19352.186652 19090.528854
826.677206 19414.502355 19448.378485
827.677379 19081.260912 19649.992119
828.678181 18761.661136 19441.995413
829.679645 18690.572707 19008.113602
830.680306 19306.705164 18676.243259
831.681554 18870.447991 18975.989792
832.682608 18305.599869 18881.349022
833.685468 19469.434347 18407.667288
834.687163 19062.314100 19018.185424
835.688386 20520.210899 19130.916538
836.690279 19215.685388 20263.554085
837.692280 19066.676729 19915.642928
838.693353 18187.961628 19454.941471
839.697167 19927.954982 18468.488231
840.698259 19103.396851 19210.124976
841.699455 19782.006948 19141.982252
842.700800 19553.275554 19607.222112
843.701511 18877.487882 19711.989706
844.703930 18951.054519 19217.854210
845.706911 18851.072001 18940.869859
846.709778 19257.509761 18729.936959
847.710836 18563.125530 18959.582590
848.714523 18983.051793 18628.099025
849.715529 19859.147447 18761.058566
850.719092 20003.803893 19540.108383
851.719651 18881.828771 20117.885393
852.719858 19102.974363 19536.772181
853.722007 19135.306776 19248.338916
854.724401 18510.374836 19092.030455
855.727269 19470.059171 18555.996350
856.730703 19392.679412 18996.337170
857.733790 19453.424453 19276.903261
858.733847 19711.571059 19491.689125
859.734152 19218.215582 19783.125844
860.734736 19241.666011 19540.938899
861.736391 19574.909401 19356.752419
862.737221 19423.423727 19485.820119
863.738256 18484.844108 19459.012035
864.739727 19710.075594 18732.776201
865.740231 19536.242995 19226.598875
866.741437 19345.676071 19464.004943
867.742223 19265.806046 19457.842297
868.744695 19212.767472 19366.816899
869.748217 19409.989731 19256.272556
870.751420 19709.480542 19338.040808
871.751575 19074.764409 19621.530272
872.751835 18456.200091 19309.225473
873.752322 19300.125434 18630.534569
874.752962 19652.400069 18880.549504
875.756590 19902.891408 19374.656931
876.757450 18998.257080 19879.014933
877.759931 18968.411971 19458.687307
878.762435 19031.384574 19111.032105
879.765922 19898.892862 18948.778923
880.767630 19322.021052 19538.934961
881.769244 19036.083037 19491.348598
882.771363 19325.573207 19210.770018
883.774819 19011.480769 19243.926611
884.778008 19788.492062 19045.347228
885.778363 18536.820154 19520.349391
886.779118 18823.991227 18886.132210
887.780135 20093.429731 18697.073910
888.781360 19131.086683 19586.352967
889.782709 19173.831324 19436.004401
890.782923 18880.439461 19316.659169
891.783949 19241.969385 19001.235695
892.786104 18947.093819 19084.472342
893.787812 19114.121015 18944.308252
894.790861 18560.234542 19000.192996
895.791251 19123.117917 18641.202518
897.145384 19589.770807 18863.627816
898.146030 19406.736817 19389.702658
899.146718 19685.204198 19565.481624
900.148970 19501.277795 19822.535441
901.150787 18574.665260 19778.784736
902.151011 18440.465419 18992.573247
903.151011 19177.474335 18394.340626
904.153105 20052.568632 18659.512200
905.154769 19513.687116 19577.909243
906.157116 19328.302223 19751.611476
907.159481 18468.765057 19639.942832
908.161036 19518.712961 18861.545484
909.163855 19690.782166 19161.612631
910.166927 18791.154973 19529.973190
911.169518 19717.758545 19079.635319
912.173199 18059.933424 19477.298976
913.174958 19027.947214 18492.876856
914.176906 19115.467878 18618.440281
915.179467 19293.279840 18849.239225
916.181673 19883.079473 19164.554831
