126.004230 19247.116370 0.000000
127.005729 18799.425743 19247.116370
128.006977 18969.070303 18351.735116
129.007886 19349.327658 18367.045879
130.009859 18960.821934 18810.400384
131.011356 18880.329542 18875.430161
132.013171 19000.515587 18868.923699
133.014534 18928.206884 18958.661463
134.015188 19447.581366 18959.762348
135.015821 18871.390243 19341.954787
136.016916 18557.662970 19127.314308
137.018265 19355.759797 18720.717598
138.317693 19829.818246 19075.228206
139.320728 19553.913820 19678.160245
140.321343 19017.970742 19810.612445
141.322559 19192.372257 19410.706580
142.322829 19120.177201 19243.370824
143.323760 18238.196645 19092.807013
144.325919 18748.945639 18362.882237
145.326496 19309.639492 18349.810196
146.327107 19612.502122 18863.578427
147.328052 19716.322472 19459.124780
148.329737 20754.466968 19873.107555
149.331469 20463.092342 20819.511044
150.333971 19432.775955 21057.920800
151.334409 19772.330963 20255.681273
152.334862 18975.491112 19903.501436
153.336181 18515.654816 19096.989011
154.338365 19129.876819 18318.481102
155.340308 19772.529071 18439.187078
156.343631 18647.521399 19154.201690
157.344812 19097.690631 18822.535088
158.345331 19580.492160 18950.575288
159.347288 18738.068751 19413.475371
160.347858 18814.400043 19054.862053
161.349869 19037.643448 18853.605538
162.352433 20196.313754 18910.608460
163.353852 20715.185478 19839.871397
164.357592 19062.467011 20782.767249
165.358716 20102.960300 19997.780881
166.360966 18538.947194 20151.829197
167.363191 19551.275729 19043.626301
168.364207 19351.955317 19122.601478
169.364313 18899.019547 19119.767320
170.367989 19183.036335 18836.695412
171.368055 20231.237077 18923.753084
172.371465 19070.588995 19818.253289
173.373168 18487.263439 19498.263277
174.375829 19184.755368 18793.855533
175.376464 20571.994906 18888.122584
176.379493 19217.091308 20049.843959
177.379719 19603.455463 19745.064685
178.380326 18382.474991 19750.454820
179.384944 19237.746367 18800.664695
180.386654 19425.174361 18862.675737
181.387248 18529.554884 19128.019912
182.389893 19644.265304 18663.266004
183.391077 18129.475341 19233.494085
184.394188 19740.346378 18485.208458
185.395796 18482.277371 19230.285643
186.398712 18946.622665 18786.787664
187.398870 19458.745353 18837.170072
188.401831 18282.278787 19273.816440
189.403645 19377.052104 18656.021928
190.405004 19687.018649 19074.768875
191.405696 18376.135097 19592.188064
192.408061 19040.902378 18891.442641
193.410121 19514.099742 18910.818504
194.414193 17971.542422 19307.925427
195.416176 18597.404565 18401.104477
196.417803 19586.682313 18309.700096
197.420824 18754.773639 19077.882333
198.421173 18423.443350 18965.241941
199.425581 19357.948368 18607.806953
200.427595 19074.835405 19083.877322
201.428421 18677.281805 19178.095545
202.430961 18882.907697 18901.224422
203.434623 19312.995351 18861.022625
204.435057 19115.863034 19168.958735
205.435166 19479.756748 19211.086706
206.436401 19050.404686 19481.265059
207.437166 19159.242731 19293.963112
208.439893 20879.243727 19221.051065
209.441697 19607.019662 20459.143706
210.443111 18922.082837 20229.046982
211.445724 19146.909206 19444.789172
212.446321 19393.675391 19090.603460
213.447519 19878.456744 19112.661679
214.448222 19210.451135 19557.530231
215.452075 18781.524033 19359.191929
216.452521 20326.055266 18901.142253
217.453413 18388.277896 19800.611285
218.456040 17210.877343 18928.373769
219.458565 19860.643234 17474.180628
220.459891 19772.694848 18668.582654
221.462475 19387.160928 19497.837523
222.465541 19661.551569 19692.028848
223.467618 18720.094981 19918.700512
224.468731 19713.090280 19261.656667
225.472431 19311.521100 19542.490797
226.475502 19434.308259 19424.380848
227.475823 18432.734501 19429.201306
228.478413 19836.609676 18681.707954
229.480306 18740.650058 19298.624296
230.483603 18608.017839 18919.609099
231.488454 19372.461295 18585.887575
232.489525 18785.233589 18997.891972
233.491537 18347.286479 18857.115721
234.494288 19351.627192 18440.296731
235.494787 19436.183596 18961.890207
236.496305 19618.840259 19383.538495
237.496366 19405.049554 19744.516411
238.499214 20255.021089 19733.243302
239.500852 19393.190994 20283.036962
240.504236 18501.118125 19904.557253
241.506271 19765.538893 18918.421182
243.318974 19087.701642 19269.342958
244.320263 18715.984886 19060.474892
245.323040 19955.011983 18684.059979
246.324008 19414.366288 19433.104072
247.325451 18952.514682 19532.618825
248.325781 17919.475911 19206.424363
249.326854 19411.255208 18205.070633
250.328871 18769.363205 18751.829561
251.329239 19158.768477 18708.646434
252.332435 19517.688758 18994.288017
253.336432 18521.363171 19447.419135
254.340091 19365.800361 18944.307909
255.340820 19921.958817 19220.344004
256.341763 19967.964383 19811.844983
257.343141 18877.096201 20169.628105
258.343484 21434.416592 19479.952599
259.344318 19436.679759 20902.391040
260.347414 18828.591207 20248.314024
261.348416 19222.157462 19262.300535
262.351261 18714.676953 18956.041150
263.352496 19567.327931 18488.830154
264.352853 19432.290750 18951.174589
265.354870 19454.071380 19235.107256
266.357192 19714.973912 19442.704936
267.357866 18713.331426 19745.022286
268.360806 19710.382366 19137.437003
269.362397 19709.474956 19475.406173
270.362842 19597.730299 19702.454248
271.363786 19746.065301 19733.924969
272.365449 19674.767469 19826.862915
273.366935 18765.750947 19799.659109
274.369607 19309.044163 19073.071906
275.373155 19194.829744 19040.417976
276.376655 19572.677433 19005.586743
277.377503 19451.723919 19318.867644
278.378740 17897.676211 19448.245407
279.379630 19070.203718 18348.268135
280.379761 19246.925331 18565.027148
281.382987 18269.023688 18932.242007
282.385898 18326.235154 18461.094035
283.388613 19264.024300 18220.411062
284.388905 19217.227108 18829.867458
285.390228 20042.620670 19208.036972
286.390888 18969.643133 20018.464435
287.391056 19192.883756 19624.984073
288.394522 19153.737980 19431.839124
289.396169 19885.534942 19246.168475
290.397048 19332.643269 19679.073249
291.399641 18581.166370 19532.472304
292.401427 19296.629144 18845.606899
293.403781 21230.215007 18972.661145
294.404451 19095.821265 20567.369665
295.407343 19379.721061 19929.639954
296.407838 18584.670224 19615.245273
297.411601 19407.180824 18802.878751
298.411656 19415.672359 18959.026309
299.415056 19744.480962 19155.507368
300.417458 19336.663342 19565.395597
301.419562 19586.583436 19509.247838
302.422465 19648.112401 19625.467905
303.424518 20596.544855 19720.003545
304.426908 19226.907007 20460.622920
305.427644 18987.736519 19837.684705
306.428160 19226.097596 19194.143307
307.429810 18456.302335 18999.541719
308.431064 17431.605171 18381.533449
309.432376 18963.022107 17322.698662
310.435509 18934.935370 17969.070598
311.436698 19767.976426 18519.679390
312.436864 20134.227069 19523.578573
313.437006 19392.384181 20361.315610
314.437527 20279.859657 20167.029828
315.440817 18943.147204 20541.832131
316.441689 19029.564306 19661.205825
317.444193 19208.723976 19106.190843
318.445287 18685.990686 18943.896471
319.447458 18192.228103 18536.906193
320.450237 18515.244564 18000.360240
321.451035 18981.034371 18022.316576
322.454241 19373.227451 18505.869096
323.454252 18200.426350 19160.581484
324.458988 18856.389291 18661.498345
325.461710 18755.157469 18788.660982
326.463725 19479.531885 18793.250511
327.466411 18389.553724 19329.302827
328.469854 18695.407559 18817.402629
329.472022 19395.325050 18683.880680
330.472219 19825.975342 19144.939543
331.472700 19226.520020 19761.053071
332.473654 19518.255286 19635.748911
333.474087 19333.909916 19689.591057
334.478243 19242.525513 19535.419160
335.481209 18477.847920 19339.417599
336.481546 19558.778014 18643.685602
337.485550 19388.728947 19065.057753
338.485704 19578.865002 19271.637094
339.488070 19266.123775 19546.801769
340.491002 19705.206831 19457.843994
341.493811 19058.161803 19694.747344
342.495122 19149.580326 19330.530120
343.495900 20538.195421 19148.893320
344.495920 19322.441633 20099.707993
345.496233 19102.992899 19772.921846
346.496477 19524.581476 19332.322169
347.499937 18571.898950 19370.881445
348.500837 19275.449862 18714.074197
349.502875 18369.268200 18877.789945
350.504027 19442.181178 18379.426552
351.504482 19686.869745 18932.390001
352.504883 19272.187414 19519.835945
353.505686 18971.576788 19544.305619
354.509297 19833.118539 19263.052935
355.510425 19193.927989 19695.713870
356.512570 18848.650567 19467.002592
357.516373 19584.061796 19025.420236
358.517089 19127.240904 19311.995062
359.520345 19299.225739 19180.683490
360.522027 19651.802651 19230.655683
361.524655 19249.044582 19537.216978
362.525235 18467.679114 19417.075492
363.526544 19292.378015 18728.972920
364.526835 19328.102390 18938.122358
365.529421 18841.403288 19158.054273
366.533142 18444.552082 18945.507933
367.534620 19604.758635 18515.570197
368.536399 19095.311676 19153.001715
369.537053 19200.527205 19202.571485
370.540170 19496.935493 19279.453064
371.543366 19444.876804 19520.468605
372.544616 19481.522274 19596.049080
373.547180 19647.838588 19623.530352
374.548148 19739.120325 19726.506203
375.549046 19012.392101 19826.788528
376.552836 19198.157321 19309.966472
377.553917 18451.006514 19116.485766
378.556320 19467.629076 18479.800196
379.558310 19451.385032 18916.725913
380.560268 19539.247112 19260.731528
381.561742 20040.173116 19546.294272
382.562867 19489.879959 20063.008357
383.565701 19154.376552 19902.936722
384.566067 18773.404341 19468.009158
385.568364 18924.710963 18886.408067
386.571327 19529.205765 18680.836556
387.572961 18390.690227 19092.390504
388.576385 18950.598838 18553.484640
389.578559 19070.318302 18663.264562
390.582396 18971.281780 18879.777691
391.584841 18989.439257 18961.392016
392.587287 19059.567071 19018.289728
393.590460 19454.788763 19092.121826
394.593251 18733.700567 19417.315456
395.594762 19843.592393 19048.464450
396.595542 19137.459382 19617.766846
397.598436 19506.772909 19429.274673
398.598933 19515.559411 19539.059909
399.601507 18637.904951 19592.470653
400.603194 19977.221083 18941.707370
401.605627 19665.952592 19544.862223
402.608369 20007.263312 19721.077996
403.610594 19731.140041 20051.387572
404.612095 19079.149769 19998.418841
405.614580 18659.061080 19416.122072
406.616680 19460.271838 18725.664095
407.618195 19441.149834 18964.692421
408.619480 19058.849832 19193.759936
409.623601 18868.108036 19083.416166
410.626446 19432.649553 18879.046350
411.630047 19423.258801 19197.533002
412.632970 18993.414043 19408.512402
413.633357 19318.848496 19195.305133
414.637122 18952.667158 19282.304566
415.641558 18979.474103 19060.304261
416.641996 19533.099623 18942.500041
417.642698 19006.800919 19308.060587
418.643242 19273.034243 19152.376591
419.644120 19529.043359 19237.815668
420.645149 19070.652736 19481.346687
421.645881 18319.110623 19271.243398
422.648070 18634.613860 18552.387503
423.649166 20164.881714 18371.267763
424.649222 18653.859323 19494.245308
425.651999 18791.796460 19090.126388
426.652835 19027.936734 18882.453015
427.652835 19328.063745 18933.057396
428.656157 18479.896059 19207.174678
429.657296 19060.818595 18738.329822
430.657402 20255.613155 18874.990855
431.660621 19674.990303 19885.874226
432.664085 19425.796311 20048.283505
433.667280 19320.096894 19849.269350
434.670577 19292.253968 19564.619450
435.672533 19552.722960 19340.281666
436.675862 19941.233541 19411.457594
437.678228 18973.230254 19773.744835
438.682469 18647.266550 19270.758167
439.683135 19685.062505 18700.410077
440.685056 19720.661459 19180.297116
441.686123 18809.448628 19573.131198
442.686261 19077.724731 19123.021181
443.688426 18871.855313 19020.780112
444.690489 19354.005744 18829.493668
445.693150 19618.767608 19106.053681
446.695454 18830.835310 19504.893101
447.695636 19911.522676 19141.832214
448.695962 19155.763225 19693.068070
449.697408 18979.644620 19456.480061
450.699569 18895.497584 19130.917894
451.700481 18702.944548 18867.208214
452.700929 18510.084404 18598.010940
453.703690 18992.142434 18345.000597
454.706166 19501.970962 18621.309900
455.707544 19424.256628 19234.544081
456.709252 19117.525897 19549.732141
457.711550 18909.990521 19445.909245
458.714544 19614.822155 19156.250427
459.716223 19168.541493 19478.479768
460.719484 19165.850882 19338.969538
461.722658 19304.926242 19224.589454
462.724901 19711.903034 19257.021289
463.725398 19245.347921 19590.446039
464.729108 19239.684636 19437.606327
465.730173 18591.002455 19308.874407
466.730710 19373.873956 18740.699368
467.731296 19835.141021 19006.341246
468.733273 19446.816608 19576.995661
469.736091 19603.704404 19635.615899
470.738655 18848.403934 19735.392042
471.740150 19240.059322 19185.882852
472.742928 19110.162320 19120.500068
473.746354 18590.446372 19020.275739
474.750293 18261.481755 18602.848258
475.752192 18423.254969 18144.310584
476.753792 19371.209382 18065.664450
477.757347 19548.043776 18826.704822
478.758726 18306.869020 19475.976944
479.759127 19241.961799 18887.748645
480.760341 18596.660653 19149.734174
481.763049 19082.716972 18819.807985
482.763873 18618.350019 18963.600297
483.766403 18995.588389 18717.000407
484.766411 18765.881788 18851.966642
485.766874 20002.027514 18783.075246
486.766933 19846.847158 19671.440478
487.769619 20330.264248 20081.884586
488.771113 18685.236402 20590.910100
489.772900 19005.341148 19546.490510
490.776575 19397.985481 19049.045748
491.779515 18900.818378 19083.880466
492.782254 18962.197594 18806.948752
493.784692 19779.055276 18737.984713
494.784799 18957.938743 19372.199175
495.786156 19860.509276 19175.183032
496.786432 19191.742475 19699.291788
497.789913 19434.323118 19500.075437
498.791730 19303.089350 19505.319504
499.794172 20743.295961 19391.767115
500.794803 18417.252861 20392.976437
501.796527 20113.109031 19236.628654
502.796805 19438.756248 19725.502942
503.796880 19252.840865 19561.077021
504.798826 20294.447010 19308.847330
505.801259 18213.059445 19949.935477
506.801573 19581.306038 18795.566760
507.803134 19449.816257 19098.940518
508.805744 20111.448251 19272.601440
509.806678 18211.788020 19899.959602
510.806750 18605.341268 18841.765671
511.807922 18934.188210 18450.339229
512.809015 19238.304489 18540.011724
513.809630 19180.905837 18911.479303
514.810910 19091.421649 19135.870399
515.814238 18598.699222 19192.211666
516.816536 18934.075920 18825.642975
517.817030 19866.717003 18837.155214
518.819981 19459.885319 19566.622323
519.822056 19421.994412 19701.255785
520.823419 19262.086287 19679.811718
521.827354 18817.549676 19484.704265
522.828728 20055.512188 18998.093586
523.831582 18888.553770 19638.124153
524.832572 19474.074005 19187.267631
525.835209 18789.596473 19326.301082
526.837286 19383.752857 18919.402888
527.839192 18657.041697 19129.119476
528.840776 18908.412220 18752.602745
529.842319 19562.482425 18728.982010
530.844512 19231.777389 19252.581848
531.847007 18888.526112 19343.828135
532.847244 18859.040329 19104.000134
533.847957 19140.747457 18908.103291
534.850746 18910.876328 19009.169474
535.851983 19059.783043 18920.193715
536.854347 18183.664891 18985.056526
537.856947 19209.497295 18379.080946
538.859224 19633.035592 18796.613445
539.862290 18708.386700 19426.254380
540.862317 18876.985958 19099.283482
541.865801 18696.840805 18964.523281
542.869611 20187.888450 18740.149984
543.871961 19507.793523 19735.421775
544.874073 19454.210000 19836.103145
545.878205 19827.413715 19764.178782
546.878210 19313.643155 19930.627191
547.879791 18849.341879 19602.720106
548.881375 20195.266350 19018.271369
549.881826 19537.380729 19693.257981
550.883355 18991.364572 19662.839164
551.883883 19158.900886 19206.753029
553.316533 19329.892125 19050.515082
554.319897 19220.824290 19127.735989
555.323247 18957.107931 19135.084601
556.325155 17965.855931 18962.406560
557.328453 19853.699438 18131.303882
558.331331 19674.833370 19090.273185
559.332472 18709.761793 19626.464849
560.335693 19845.431584 19182.849128
561.336750 19547.867323 19694.521777
562.339814 19200.742220 19764.912358
563.342048 18334.477508 19485.502562
564.344495 18938.181504 18624.909045
565.344670 19528.352085 18574.782398
566.347575 19557.602539 19083.196788
567.347641 18239.472487 19470.630647
568.349893 18959.510277 18697.493011
569.353375 19085.682312 18736.447404
570.355444 19862.258390 18906.319346
571.356843 19551.137738 19618.528116
572.358676 19264.927609 19802.224581
573.360946 18671.765114 19616.643506
574.361200 19291.650223 18991.052123
575.365627 19463.915847 19063.348510
576.366142 19273.715694 19285.771350
577.368735 19682.976657 19298.868780
578.372120 19216.741120 19606.074946
579.374111 18498.250884 19429.226803
580.375389 18150.677920 18748.813634
581.376134 19708.230546 18085.286639
582.376253 19118.833701 18938.035431
583.377533 19246.247731 19114.910972
584.380012 18082.839594 19299.889948
585.381583 19447.567008 18506.412778
586.381892 19504.323651 19027.326458
587.384085 19137.581447 19435.410917
588.385500 19601.214980 19381.624678
589.387689 19625.502090 19641.445900
590.387728 19023.149777 19779.514114
591.389249 19596.309436 19358.280980
592.389988 19053.479810 19493.751356
593.392388 18455.676472 19180.003845
594.394628 19842.279651 18543.146577
595.394814 19059.933265 19242.802801
596.398277 19141.581228 19155.740336
597.400568 18820.437297 19149.493308
598.404633 19072.924220 18903.533826
599.405932 19657.629523 18949.145145
600.407249 18254.234281 19441.424550
601.407987 19317.959608 18689.069065
602.408946 19166.180542 19001.976621
603.412739 20068.785860 19123.591846
604.415297 19338.990261 19872.000622
605.417492 19577.392548 19748.054620
606.420244 19433.380343 19762.617244
607.422457 18836.288191 19615.583229
608.422457 19266.402482 19048.696386
609.423590 19026.349209 19034.736634
610.426983 19323.888051 18905.633265
611.431293 19172.247029 19094.414698
612.433113 19378.502200 19132.442986
613.433970 19449.426995 19316.099520
614.434342 19145.871744 19476.722052
615.434839 18523.490517 19322.543116
616.434960 18656.611019 18734.499885
617.436279 19731.328736 18487.566304
618.437728 18751.021743 19212.398980
619.438797 19287.836013 18969.317512
620.439893 19844.574993 19195.813539
621.442006 18950.293812 19749.621405
622.444426 19481.846160 19379.552850
623.444559 19219.373929 19485.868074
624.444629 19339.652264 19341.166034
625.446576 19182.981409 19328.575739
626.451489 19568.254334 19207.546581
627.452902 19353.665765 19429.845403
628.453316 19590.858795 19414.655620
629.454892 19149.277734 19569.708037
630.456662 19075.623972 19321.336139
631.457411 18891.562265 19098.895268
632.457765 17850.285048 18843.810728
633.459656 20042.446031 17947.248429
634.460387 19608.778343 19118.847172
635.460601 19061.164228 19610.295492
636.463809 19513.322461 19444.929779
638.317991 20007.981945 19605.424209
639.319085 19757.628184 20033.640600
640.319767 19008.647348 20053.568811
641.322754 19252.004231 19427.812133
642.323766 19505.555922 19192.660260
643.324783 18930.786770 19280.084084
644.325654 19693.529684 18949.087092
645.325718 18463.685199 19351.070701
646.327958 19297.574534 18715.293887
647.329780 19191.693142 18959.920310
648.331816 19133.692995 19087.236033
649.333894 19870.785760 19133.508062
650.337567 19432.526322 19709.509883
651.339210 19041.334281 19709.135185
652.342177 18749.108550 19346.401589
653.344983 17721.870437 18869.598666
654.345943 19234.320144 17830.646091
655.347993 18674.123890 18418.313170
656.350324 19253.123230 18496.001262
657.352313 18443.990325 19013.625470
658.355072 19596.091099 18725.462336
659.357976 18966.678441 19375.088346
660.359292 19216.642221 19283.092546
661.363082 18612.712341 19345.463955
662.363385 18372.245919 18891.496816
663.364660 18823.195545 18414.467311
664.364889 18673.065357 18503.609430
665.366162 19469.459864 18515.479377
666.368283 19202.657462 19158.106726
667.370865 19458.125656 19357.156884
668.373037 17420.644151 19609.658252
669.374305 18859.662945 18169.914659
670.375635 19103.672413 18341.989331
671.375842 19325.708757 18740.452171
672.379459 19466.501582 19197.015910
673.381399 19788.268455 19563.065609
674.384103 19148.233427 19963.274607
675.385977 19124.732582 19639.601297
676.388721 19218.808342 19337.297041
677.389792 18015.655190 19203.560618
678.390476 20743.903623 18238.139473
679.392800 19439.921671 19745.994155
680.394886 18699.740667 19771.412399
681.397080 19067.939146 19146.113085
682.399656 19563.514966 18998.019184
683.402585 18276.505876 19313.134088
684.403876 18622.279336 18568.029943
685.404200 19143.198323 18381.926948
686.405867 19143.787055 18739.652788
687.409485 19631.045526 19019.843641
688.411286 17837.780851 19556.368774
689.414341 19051.419912 18498.352022
690.416941 18806.347280 18714.430149
691.419668 18796.629303 18722.912180
692.422873 18571.823278 18740.723487
693.423820 18874.324689 18595.001076
694.426511 18890.880136 18743.221479
695.427991 19598.597415 18862.524068
696.431650 20225.894460 19460.052339
697.434533 19130.669478 20263.925527
698.436416 17370.201462 19834.935618
699.440508 19411.836283 18124.023116
700.441319 18623.978367 18611.337568
701.444417 19238.373588 18464.226036
702.447602 19128.610041 18891.404768
703.450219 19330.419381 19109.413679
704.451487 19223.746061 19374.574230
705.453567 18544.501505 19416.110803
706.454299 19814.623351 18879.354487
707.457256 19665.231016 19479.854468
708.460644 18535.031776 19751.752428
709.464201 19327.067198 19018.421625
710.466537 19129.839373 19124.935328
711.471597 19669.428575 19080.804277
712.472444 18716.276074 19475.689428
713.472997 18763.186973 19006.702415
714.473337 19040.639172 18734.785497
715.474796 19562.068377 18814.016556
716.477933 18876.625889 19301.359644
717.478038 20129.755388 19096.126504
718.481132 18059.322984 19878.481905
719.483281 19198.117470 18779.653673
720.484730 18490.888991 18904.252749
721.486792 19037.872649 18509.597108
722.489842 18766.099608 18717.830002
723.493162 19856.647371 18698.127330
724.493709 19788.685547 19523.179886
725.495889 19559.046944 19968.101667
726.497931 18877.156635 19973.479575
728.316483 18977.905670 19361.142640
729.317938 18864.132687 19009.539447
730.321149 19904.149694 18740.499669
731.324180 18417.484603 19416.900790
732.327725 18907.806189 18761.914758
733.329402 18735.285678 18716.055393
734.333834 19215.601244 18611.673026
735.336669 19252.698688 18950.621680
736.337139 19313.370868 19214.163981
737.339958 18824.818245 19401.072944
738.340020 18800.829932 19106.187439
739.344435 19185.999627 18870.411153
740.346681 18876.501773 19024.004976
741.348734 19573.555004 18909.177160
742.349675 19806.831695 19366.384328
743.351960 19988.226120 19821.738099
744.354086 18988.382314 20181.734203
745.354321 19146.825021 19563.472379
746.357359 18839.455243 19229.400981
747.357407 18329.043257 18811.193959
748.359399 18512.982684 18226.346779
749.359716 19074.188550 18097.551879
750.362006 19965.362800 18557.916529
751.365967 19545.696997 19585.547548
752.367204 18294.632497 19879.567517
753.370213 20079.967759 19004.811497
754.372796 19555.066694 19728.890183
755.375767 18788.063103 19785.023121
756.377977 19212.131536 19180.347790
757.379356 18800.513093 19097.990278
758.380281 19601.143847 18776.633004
759.382712 18432.756823 19222.397455
760.383245 19491.675897 18663.676010
761.385104 19602.282518 19120.774796
762.386990 18587.093571 19525.004430
763.391340 20589.354003 18985.047059
764.392869 19489.828674 20117.275326
765.395585 19189.968008 19976.765131
766.397500 19819.682250 19559.880421
767.398008 19579.398748 19731.245643
768.398204 19910.347813 19658.824780
769.399178 18896.555185 19850.969639
770.403392 19419.000401 19201.542141
771.406392 19057.677565 19192.415565
772.408464 19263.830546 18973.506359
773.411914 19306.314551 19039.709293
774.412605 19361.530872 19160.704077
775.414245 18850.198420 19299.016328
776.417461 19135.534514 19000.301751
777.421062 19234.412416 19027.420700
778.422221 18783.000898 19142.167055
779.424516 19081.603388 18884.042933
780.426220 19308.128925 18953.672231
781.428135 19571.680904 19190.363822
782.428479 18858.094457 19535.814878
783.431050 21039.636902 19182.317076
784.431362 19617.235421 20560.669355
785.431707 19376.733439 20302.786270
786.431907 18567.251792 19822.080529
787.432263 19794.938087 18863.279650
788.434844 19376.709567 19230.636968
789.435978 19261.065454 19241.719516
790.436640 19186.549280 19194.275219
791.436749 19405.595598 19131.363498
792.439312 19414.430833 19277.988822
793.441352 19436.810099 19389.829604
794.443744 18563.881766 19468.684752
795.445642 19627.335434 18845.447413
796.447104 19179.226990 19261.027583
797.450525 18834.090178 19224.313298
798.451435 18358.918348 18935.831969
799.453622 19350.366604 18409.776984
800.456180 18965.962860 18877.621025
801.457097 19780.099225 18941.426632
802.460375 18986.968639 19590.065767
803.463645 18983.493474 19367.045759
804.464366 19048.777824 19157.910101
805.466221 19707.773049 19058.701378
806.469829 18966.847973 19500.862547
807.470741 20161.759045 19217.976949
808.474468 18913.781730 19909.935211
809.474846 18193.349036 19382.887314
810.480587 19309.306389 18461.762449
811.483326 19199.742299 18771.064678
812.483431 19026.294402 18978.103153
813.485303 21101.471501 19006.946254
814.489397 18940.317733 20582.587666
815.491770 19278.368212 19879.264004
816.496657 18761.770196 19546.403465
817.498419 19910.071036 18925.515870
818.500018 20444.962330 19435.361284
819.500737 19158.408177 20210.129899
820.503664 19354.914594 19691.306700
821.506190 19392.854954 19446.050283
823.317016 19318.338406 19329.093422
824.319743 18398.856840 19230.667963
825.322182 19825.932895 18513.761670
826.322257 19003.245857 19196.889357
827.324188 19012.500029 19078.698806
828.326918 20645.807341 19007.680923
829.330319 19208.769987 20198.357242
830.333490 20032.740326 19827.779910
831.336306 19632.462490 20105.716518
832.338832 19595.144814 19926.232397
833.339522 20590.223582 19735.059602
834.340857 19549.713833 20350.803584
835.343598 18584.612308 19938.148263
836.345584 19772.823174 18910.885851
837.346460 18603.789664 19206.844409
838.348739 19331.285169 18619.543247
839.351888 19011.017008 18867.575899
840.353240 19274.422055 18867.318421
841.357456 19298.924833 19100.668114
842.357925 19390.282756 19279.158530
843.360465 19159.757993 19441.863755
844.361700 19083.164986 19337.427546
845.362859 19610.516422 19183.347298
846.365498 19859.268883 19476.775173
847.366362 19679.056717 19843.488768
848.367435 19961.211181 19895.631470
849.368270 19364.405185 20079.174981
850.369027 19024.626980 19693.851289
851.370416 18575.478014 19163.994263
852.371645 19729.012187 18527.362205
853.372830 19128.449972 19086.225758
854.373021 19721.464424 19075.932480
855.373108 18998.295524 19528.676054
856.373371 18653.817203 19260.868258
857.374957 19370.584663 18802.962436
858.378226 19065.557559 19074.298811
859.380317 19083.715458 19055.268134
860.383179 19494.705225 19061.943576
861.386837 18954.265058 19378.966593
862.387136 18398.298254 19161.082634
863.389046 19320.006317 18583.461158
864.390675 19104.770690 18939.640741
865.392167 19278.461019 19051.395206
866.392276 19411.216463 19250.884057
867.392793 19552.353168 19457.089305
868.392950 19391.004066 19654.576248
869.395714 19043.469993 19606.752123
870.397722 18925.435383 19268.252491
871.401226 20024.617942 18954.281093
872.402568 19132.211038 19614.470886
873.405349 21001.608551 19377.797368
874.406437 19410.554103 20600.112162
875.408036 19268.416427 20118.352820
876.408364 19403.459573 19593.920213
877.409120 18714.217365 19351.610322
878.410049 20579.939095 18726.486034
879.410387 18398.296609 19810.148020
880.410489 19451.535861 18908.194917
881.411826 19256.017941 19119.673228
882.415381 19346.112577 19161.739602
883.415594 18734.758275 19273.913350
884.418160 18906.391386 18889.534305
885.418331 18561.260088 18787.375608
886.421238 19131.954460 18507.201731
887.424368 18052.508987 18808.650160
888.428044 19526.312948 18230.616345
889.430255 19936.400837 19002.425569
890.430988 20173.011571 19826.867942
891.433733 19149.408382 20443.930403
893.316414 18834.629560 19917.029534
894.318977 19598.168906 19225.589695
895.319128 19679.869350 19354.784251
896.319904 18890.684154 19541.503026
898.317116 19538.479448 19077.565097
899.321258 19576.391214 19284.722367
900.323039 19002.105877 19480.174097
901.325162 19414.282312 19171.240239
903.317325 19709.397828 19283.622045
904.317856 19379.694116 19593.814652
905.318502 19094.741176 19530.528966
906.321113 19388.344889 19247.462705
908.316678 19308.729116 19287.951977
909.317681 19087.022797 19273.583012
910.319110 18994.311520 19108.905316
911.320953 19025.520185 18951.562380
913.315417 19500.121185 18906.984696
914.317833 19350.566828 19270.280476
915.317909 19257.163597 19397.222776
916.319531 19671.206818 19378.977516
918.314489 18637.047718 19649.933821
919.315601 19318.531602 19015.110898
920.316651 18877.920440 19114.296555
923.314327 19110.699536 18884.489774
924.314991 19039.282517 18942.528371
925.315497 19580.433753 18960.027697
928.315054 18853.006307 19394.454492
929.316251 18969.703833 19112.592120
930.316877 19138.046304 18994.287625
933.313624 19103.446029 19055.246283
934.315303 18518.014098 19080.475411
935.316068 18960.110826 18659.758682
938.315478 19374.074561 18745.536717
939.316297 18612.671691 19152.542063
940.317777 18574.568018 18840.375708
943.315388 18644.774193 18598.788772
944.316471 18565.208022 18524.594746
945.318290 19064.104975 18457.867967
948.313029 19373.262329 18825.512306
949.313559 18724.943938 19300.850658
953.313029 15839.242558 19070.383958
954.314175 18737.340555 16704.514569
958.313029 21269.896137 17478.835369
959.314149 18690.089663 20080.038752
963.313029 20936.809784 19743.249934
968.313029 19188.848350 20996.605548
969.315303 18571.507095 20297.363339
973.313029 19110.851100 19207.607546
974.314993 18692.736165 18908.212540
978.313029 19242.690139 18495.588476
979.314208 19099.844652 18751.028847
983.313029 18654.597722 18894.530240
984.313429 18910.269968 18683.674343
988.313029 19041.395276 18762.731423
989.313326 19101.005020 18937.488580
993.313029 18809.700526 19095.551140
994.314167 18814.945028 18957.467520
998.313029 17427.766419 18855.417338
999.313272 18864.923125 17753.890213
1003.313029 19590.544326 18199.463231
1004.313251 18800.972197 19132.830614
1008.313029 20223.304932 19121.763637
1009.313069 19189.873372 20102.781840
1013.313029 19703.259817 19848.348044
1014.313050 19077.864424 19941.552312
