11.140721 9993.387187
21.140721 5531.129600
31.140721 5531.129600
41.140721 16663.256000
51.140721 11062.259200
61.140721 11062.259200
71.141326 19073.549445
81.141459 19131.667980
91.142160 17175.787204
101.142209 19034.656744
111.142276 19194.444099
121.142616 19206.063673
131.142627 19162.162772
141.143162 19194.891329
151.143962 19237.421860
161.144043 19145.849741
171.144563 19182.068206
181.145011 19204.471280
191.145444 19242.978519
201.145824 19142.912205
211.146531 19206.923800
221.146621 19198.689804
231.146930 19148.625156
241.147147 19186.422601
251.147221 19164.510386
261.147237 19161.707819
271.148496 19179.387450
281.148893 19180.303453
291.149375 19167.871344
301.149910 19200.899876
311.150697 19136.915942
321.150785 19143.222233
331.151486 19211.198269
341.151710 19133.544177
351.151982 19111.455332
361.152673 19144.645632
371.152938 19160.186416
381.153357 19213.886553
391.153970 19201.242452
401.154717 19176.441574
411.155010 19140.498798
421.155717 19194.925000
431.156328 19192.410093
441.156779 19177.011345
451.157458 19217.376306
461.157867 19200.431853
471.158773 19100.794580
481.158847 19131.836096
491.159290 19183.258180
501.159357 19133.076303
511.159413 19199.366090
521.159556 19128.853381
531.160037 19187.383389
541.160288 19121.188604
551.160606 19218.742956
561.160945 19155.012447
571.161323 19137.389862
581.161508 19138.250491
591.161590 19191.218428
601.162052 19168.398524
611.162110 19145.857596
621.162463 19113.352836
631.163722 19152.147497
641.163756 19139.367857
651.164240 19167.864535
661.164600 19174.239418
671.164895 19180.499971
681.165321 19181.475282
691.165466 19174.653371
701.165618 19218.816281
711.166136 19146.939104
721.166484 19193.897549
731.166862 19176.658964
741.166884 19210.474691
751.167156 19122.867518
761.167713 19072.009882
771.168198 19155.591860
781.168785 19183.622704
791.169337 19172.643943
801.169702 19117.779953
811.170079 19191.386241
821.170189 19129.313770
831.170866 19158.905203
841.170883 19136.854726
851.171281 19179.075129
861.171638 19203.697368
871.171841 19226.081323
881.172335 19204.660153
891.172912 19198.365591
901.173214 19134.597052
911.173433 19204.484166
921.173968 19077.827529
931.174899 16419.376715
941.175309 16557.303303
951.175819 16294.310099
961.176629 14349.204178
971.177234 14354.406998
983.313029 11170.749145
993.313029 9126.345600
1003.313029 9126.345600
1013.313029 9126.345600
1024.117553 6911.033733
1034.117553 5531.129600
1044.117553 5531.129600
