# AndroidClient mimuroto
0.140881 4542.851786 3584
8.749113 2048.207722 1536
1.982355 3874.180492 1792
1.621313 5526.384336 2048
1.720977 5950.107349 2304
2.619382 4397.984493 2560
5.087471 2515.985063 2304
5.131742 2244.851546 2304
5.293096 2176.420084 2048
4.373353 2341.452936 2048
4.172923 2453.915480 2048
3.815466 2683.813642 2048
3.408037 3004.662026 2048
2.961736 3457.431269 2048
2.619533 3909.093092 2048
2.693080 3802.338143 2304
3.273581 3519.081981 2304
3.833057 3005.433788 2304
4.272709 2696.182002 2304
4.668033 2467.848871 2304
5.119688 2250.137138 2048
4.347663 2355.288123 2048
4.385399 2335.021176 2048
4.264586 2401.170943 2048
4.203858 2435.857874 2048
4.250560 2409.094226 2048
4.035250 2537.636936 2048
3.677671 2784.371099 2048
3.306196 3097.214852 2048
3.255115 3145.818502 2048
3.272140 3129.450206 2048
3.277528 3124.305757 2048
3.262048 3139.131893 2048
3.223719 3176.455344 2048
3.258270 3142.771696 2048
3.216159 3183.921917 2048
3.328950 3076.044604 2048
3.419139 2994.906415 2048
3.515108 2913.139332 2048
3.610070 2836.510114 2048
3.703295 2765.105255 2048
3.813383 2685.279553 2048
3.861355 2651.918916 2048
3.955736 2588.645893 2048
4.021454 2546.342950 2048
4.034764 2537.942921 2048
4.023531 2545.028248 2048
4.002201 2558.592191 2048
4.005960 2556.191249 2048
3.981650 2571.798109 2048
3.947311 2594.171157 2048
3.994219 2563.705183 2048
4.077238 2511.503923 2048
4.107815 2492.809255 2048
4.152943 2465.721045 2048
4.220875 2426.037360 2048
4.285762 2389.307005 2048
4.308421 2376.740823 2048
4.386482 2334.444813 2048
4.440059 2306.275408 2048
4.404076 2325.118984 2048
4.469094 2291.292342 2048
4.215457 2429.155363 2048
3.901626 2624.546730 2048
3.716083 2755.589561 2048
3.542475 2890.634633 2048
3.339398 3066.420604 2048
3.173709 3226.508559 2048
2.991007 3423.596293 2048
2.861563 3578.463635 2048
3.095280 3308.263016 2048
3.151916 3248.817250 2048
3.221677 3178.468574 2048
3.330458 3074.652311 2048
3.401522 3010.417142 2048
3.477106 2944.977511 2048
3.667430 2792.145913 2048
3.808648 2688.618282 2048
4.020133 2547.179690 2048
4.139651 2473.638774 2048
4.177371 2451.302565 2048
4.338304 2360.369534 2048
4.399601 2327.483605 2048
4.457857 2297.067632 2048
4.134056 2476.986521 2048
3.863253 2650.616115 2048
3.742078 2736.447686 2048
3.741733 2736.699604 2048
3.750285 2730.459387 2048
3.777871 2710.521681 2048
3.727681 2747.016390 2048
3.717917 2754.230612 2048
3.735159 2741.516701 2048
3.769773 2716.344153 2048
3.699850 2767.680058 2048
3.831960 2672.261874 2048
3.755929 2726.356332 2048
3.739677 2738.204205 2048
3.753506 2728.116013 2048
3.753528 2728.100148 2048
3.836440 2669.141099 2048
3.947474 2594.063709 2048
3.985857 2569.083614 2048
3.791083 2701.075228 2048
3.733438 2742.780005 2048
3.729482 2745.689703 2048
3.738033 2739.408605 2048
3.762137 2721.857408 2048
3.750462 2730.330007 2048
4.041502 2533.711467 2048
4.154425 2464.841807 2048
3.956997 2587.821051 2048
3.788096 2703.204751 2048
3.708704 2761.072270 2048
3.730882 2744.659107 2048
3.742292 2736.291044 2048
3.731478 2744.220744 2048
3.717519 2754.525037 2048
3.713996 2757.138399 2048
3.732149 2743.727534 2048
3.769602 2716.467173 2048
3.731457 2744.236578 2048
3.725672 2748.497358 2048
3.738581 2739.007447 2048
3.749320 2731.161582 2048
3.732322 2743.600206 2048
3.750778 2730.100389 2048
3.754895 2727.107205 2048
3.777319 2710.917340 2048
3.700864 2766.921111 2048
3.721143 2751.842491 2048
3.743902 2735.114462 2048
3.648584 2806.568218 2048
3.641309 2812.175450 2048
3.652055 2803.901094 2048
3.645210 2809.166113 2048
3.640188 2813.041543 2048
3.660332 2797.560333 2048
3.604162 2841.159843 2048
3.603261 2841.870324 2048
3.627452 2822.917783 2048
3.645733 2808.763163 2048
3.646687 2808.028352 2048
3.651158 2804.589882 2048
3.648995 2806.252280 2048
3.623672 2825.862959 2048
3.626741 2823.471213 2048
3.635946 2816.323353 2048
3.645787 2808.721685 2048
3.644002 2810.097184 2048
3.643800 2810.253057 2048
3.648573 2806.576858 2048
3.645285 2809.108443 2048
3.620560 2828.292038 2048
3.623835 2825.735723 2048
3.612283 2834.772663 2048
3.655500 2801.258523 2048
3.625219 2824.657140 2048
3.652344 2803.678722 2048
3.630333 2820.677914 2048
3.636082 2816.217748 2048
3.733107 2743.023582 2048
3.725258 2748.802748 2048
3.728786 2746.202413 2048
3.739172 2738.574186 2048
3.625502 2824.436615 2048
3.608034 2838.110487 2048
3.625656 2824.316657 2048
3.621727 2827.380231 2048
3.612473 2834.622970 2048
3.625996 2824.051302 2048
3.672170 2788.542135 2048
3.611862 2835.102938 2048
3.685927 2778.133912 2048
3.654215 2802.243086 2048
3.672999 2787.912871 2048
3.633822 2817.969323 2048
3.634699 2817.289905 2048
3.640978 2812.431449 2048
3.661515 2796.656431 2048
