# AIMDClient mimuroto
1.217805 0.128000  1.478325 0.128000 
1.478325 0.256000  1.973604 0.256000 
1.973604 0.384000  2.697896 0.384000 
6.973604 0.512000  8.132487 0.512000 
11.973604 0.640000  13.445992 0.640000 
16.973604 0.768000  18.597810 0.768000 
21.973604 0.896000  23.658864 0.896000 
26.973604 0.896000  29.066819 0.896000 
31.973604 0.896000  34.558243 0.896000 
36.973604 0.896000  39.759019 0.896000 
41.973604 0.896000  43.730891 0.896000 
46.973604 0.896000  48.870632 0.896000 
51.973604 0.896000  54.313815 0.896000 
56.973604 0.896000  59.143621 0.896000 
61.973604 0.896000  64.614738 0.896000 
66.973604 0.896000  69.484359 0.896000 
71.973604 0.896000  74.119132 0.896000 
76.973604 0.896000  79.350789 0.896000 
81.973604 0.896000  84.117816 0.896000 
86.973604 0.896000  89.797371 0.896000 
91.973604 0.896000  95.288698 0.896000 
96.973604 0.896000  99.945000 0.896000 
101.973604 0.896000  104.312611 0.896000 
106.973604 0.896000  109.535140 0.896000 
111.973604 0.896000  114.534124 0.896000 
116.973604 0.896000  119.277866 0.896000 
121.973604 0.896000  124.272495 0.896000 
126.973604 0.896000  129.237058 0.896000 
131.973604 0.896000  134.374901 0.896000 
136.973604 0.896000  139.077995 0.896000 
141.973604 0.896000  143.957670 0.896000 
146.973604 0.896000  149.462581 0.896000 
151.973604 0.896000  154.261314 0.896000 
156.973604 0.896000  158.983466 0.896000 
161.973604 0.896000  164.042732 0.896000 
166.973604 0.896000  169.531238 0.896000 
171.973604 0.896000  174.474125 0.896000 
176.973604 0.896000  179.486691 0.896000 
181.973604 0.896000  184.400998 0.896000 
186.973604 0.896000  189.366240 0.896000 
191.973604 0.896000  194.167407 0.896000 
196.973604 0.896000  199.049661 0.896000 
201.973604 0.896000  204.157748 0.896000 
206.973604 0.896000  209.245317 0.896000 
211.973604 0.896000  214.293159 0.896000 
216.973604 0.896000  219.443437 0.896000 
221.973604 0.896000  224.428915 0.896000 
226.973604 0.896000  229.453773 0.896000 
231.973604 0.896000  234.026662 0.896000 
236.973604 0.896000  238.897818 0.896000 
241.973604 0.896000  244.120168 0.896000 
246.973604 0.896000  249.062438 0.896000 
251.973604 0.896000  254.328758 0.896000 
256.973604 0.896000  259.040109 0.896000 
261.973604 0.896000  264.055919 0.896000 
266.973604 0.896000  268.915926 0.896000 
271.973604 0.896000  274.300314 0.896000 
276.973604 0.896000  279.678288 0.896000 
281.973604 0.896000  284.313645 0.896000 
286.973604 0.896000  289.455972 0.896000 
291.973604 0.896000  294.303537 0.896000 
296.973604 0.896000  299.275264 0.896000 
301.973604 0.896000  304.245468 0.896000 
306.973604 0.896000  309.220815 0.896000 
311.973604 0.896000  314.196490 0.896000 
316.973604 0.896000  319.325461 0.896000 
321.973604 0.896000  324.388084 0.896000 
326.973604 0.896000  329.367553 0.896000 
331.973604 0.896000  334.243290 0.896000 
336.973604 0.896000  339.304603 0.896000 
341.973604 0.896000  344.041388 0.896000 
346.973604 0.896000  349.382021 0.896000 
351.973604 0.896000  354.238899 0.896000 
356.973604 0.896000  359.106853 0.896000 
361.973604 0.896000  364.184922 0.896000 
366.973604 0.896000  369.426936 0.896000 
371.973604 0.896000  374.412122 0.896000 
376.973604 0.896000  379.316251 0.896000 
381.973604 0.896000  384.329499 0.896000 
386.973604 0.896000  388.923387 0.896000 
391.973604 0.896000  394.209779 0.896000 
396.973604 0.896000  399.122686 0.896000 
401.973604 0.896000  404.168893 0.896000 
406.973604 0.896000  409.356193 0.896000 
411.973604 0.896000  414.159421 0.896000 
416.973604 0.896000  419.285438 0.896000 
421.973604 0.896000  424.302782 0.896000 
426.973604 0.896000  429.353979 0.896000 
431.973604 0.896000  434.028600 0.896000 
436.973604 0.896000  438.922349 0.896000 
441.973604 0.896000  444.236073 0.896000 
446.973604 0.896000  448.981924 0.896000 
451.973604 0.896000  454.018127 0.896000 
456.973604 0.896000  459.335839 0.896000 
461.973604 0.896000  464.135790 0.896000 
466.973604 0.896000  469.314682 0.896000 
471.973604 0.896000  474.469057 0.896000 
476.973604 0.896000  479.080095 0.896000 
481.973604 0.896000  484.003857 0.896000 
486.973604 0.896000  488.814696 0.896000 
491.973604 0.896000  493.951320 0.896000 
496.973604 0.896000  498.698255 0.896000 
501.973604 0.896000  504.021594 0.896000 
506.973604 0.896000  509.149267 0.896000 
511.973604 0.896000  514.090611 0.896000 
516.973604 0.896000  518.579263 0.896000 
521.973604 1.024000  523.769132 1.024000 
526.973604 1.024000  528.890174 1.024000 
531.973604 1.024000  534.028047 1.024000 
536.973604 1.024000  538.763228 1.024000 
541.973604 1.024000  543.731145 1.024000 
546.973604 1.024000  548.761237 1.024000 
551.973604 1.024000  553.879422 1.024000 
556.973604 1.024000  559.145257 1.024000 
561.973604 1.024000  563.976740 1.024000 
566.973604 1.024000  568.687442 1.024000 
571.973604 1.024000  573.612991 1.024000 
576.973604 1.280000  579.074789 1.280000 
581.973604 1.280000  584.081858 1.280000 
586.973604 1.280000  589.076572 1.280000 
591.973604 1.280000  594.040178 1.280000 
596.973604 1.280000  599.098052 1.280000 
601.973604 1.280000  604.081100 1.280000 
606.973604 1.280000  609.087250 1.280000 
611.973604 1.280000  614.090217 1.280000 
616.973604 1.280000  619.101961 1.280000 
621.973604 1.280000  624.058859 1.280000 
626.973604 1.280000  629.045550 1.280000 
631.973604 1.280000  634.074045 1.280000 
636.973604 1.280000  639.049336 1.280000 
641.973604 1.280000  644.022056 1.280000 
646.973604 1.280000  649.082396 1.280000 
651.973604 1.280000  654.082261 1.280000 
656.973604 1.280000  659.077702 1.280000 
661.973604 1.280000  664.061163 1.280000 
666.973604 1.280000  669.054631 1.280000 
671.973604 1.280000  674.048581 1.280000 
676.973604 1.280000  679.095849 1.280000 
681.973604 1.280000  684.063348 1.280000 
686.973604 1.280000  689.080095 1.280000 
691.973604 1.280000  694.065804 1.280000 
696.973604 1.280000  699.064863 1.280000 
701.973604 1.280000  704.063040 1.280000 
706.973604 1.280000  709.053209 1.280000 
711.973604 1.280000  714.056712 1.280000 
716.973604 1.280000  719.069892 1.280000 
721.973604 1.280000  724.095560 1.280000 
726.973604 1.280000  729.053248 1.280000 
731.973604 1.280000  734.091477 1.280000 
736.973604 1.280000  739.050482 1.280000 
741.973604 1.280000  744.054578 1.280000 
746.973604 1.280000  749.087255 1.280000 
751.973604 1.280000  754.051197 1.280000 
756.973604 1.280000  759.096776 1.280000 
761.973604 1.280000  764.051202 1.280000 
766.973604 1.280000  769.084877 1.280000 
771.973604 1.280000  774.097297 1.280000 
776.973604 1.280000  779.080364 1.280000 
781.973604 1.280000  784.126827 1.280000 
786.973604 1.280000  789.253183 1.280000 
791.973604 1.280000  794.385943 1.280000 
796.973604 1.280000  799.501101 1.280000 
801.973604 1.280000  804.577306 1.280000 
806.973604 1.280000  809.627847 1.280000 
811.973604 1.280000  814.641922 1.280000 
816.973604 1.280000  819.640164 1.280000 
821.973604 1.280000  824.580262 1.280000 
826.973604 1.280000  829.657818 1.280000 
831.973604 1.280000  834.645417 1.280000 
836.973604 1.280000  839.635141 1.280000 
841.973604 1.280000  844.628571 1.280000 
846.973604 1.280000  849.615660 1.280000 
851.973604 1.280000  854.628716 1.280000 
856.973604 1.280000  859.597989 1.280000 
861.973604 1.280000  864.625763 1.280000 
866.973604 1.280000  869.650364 1.280000 
871.973604 1.280000  874.631753 1.280000 
876.973604 1.280000  879.661695 1.280000 
881.973604 1.280000  884.625502 1.280000 
886.973604 1.280000  889.618801 1.280000 
