# WEMAClient mimuroto
94.124258 0.114944 5567.918000 5120
97.850196 3.675938 6964.208000 5120
103.362646 5.512449 4644.033000 4608
108.596172 5.233527 4402.385000 4352
113.483088 4.886916 4452.706000 4352
118.421045 4.937957 4406.680000 4352
123.229260 4.808215 4525.587000 4352
128.908198 5.678937 3831.702000 3584
133.905485 4.997288 3585.945000 3584
138.825259 4.919774 3642.443000 3584
143.802659 4.977399 3600.273000 3584
148.809878 5.007219 3578.832000 3328
153.497521 4.687644 3549.757000 3328
158.657042 5.159520 3225.105000 3072
163.815887 5.158845 2977.410000 2816
168.569045 4.753158 2962.240000 2816
173.204952 4.635907 3037.161000 2816
177.755822 4.550870 3093.914000 3072
182.625891 4.870069 3153.959000 3072
187.631406 5.005515 3068.615000 2816
192.182308 4.550902 3093.892000 3072
197.244971 5.062663 3033.976000 2816
201.858884 4.613913 3051.639000 2816
206.307258 4.448374 3165.201000 3072
211.219494 4.912236 3126.885000 3072
216.169636 4.950142 3102.941000 3072
221.081031 4.911395 3127.420000 3072
225.874618 4.793587 3204.281000 3072
230.705862 4.831244 3179.305000 3072
235.577675 4.871814 3152.829000 3072
240.535052 4.957377 3098.412000 3072
245.549620 5.014568 3063.075000 2816
250.093274 4.543653 3098.828000 3072
255.026237 4.932963 3113.747000 3072
260.022717 4.996480 3074.164000 3072
264.956627 4.933910 3113.149000 3072
269.866216 4.909589 3128.571000 3072
274.748147 4.881931 3146.295000 3072
279.686831 4.938684 3110.140000 3072
284.659068 4.972237 3089.152000 3072
289.626435 4.967368 3092.181000 3072
294.610276 4.983840 3081.960000 3072
299.521209 4.910933 3127.715000 3072
304.526012 5.004803 3069.051000 2816
309.092073 4.566061 3083.620000 3072
314.023808 4.931735 3114.522000 3072
319.088760 5.064952 3032.605000 2816
323.626382 4.537622 3102.947000 3072
328.591143 4.964762 3093.804000 3072
333.448234 4.857090 3162.387000 3072
338.384650 4.936416 3111.569000 3072
343.311040 4.926390 3117.901000 3072
348.302364 4.991324 3077.339000 3072
353.221162 4.918798 3122.714000 3072
358.204502 4.983341 3082.269000 3072
363.066655 4.862152 3159.094000 3072
367.959922 4.893267 3139.006000 3072
372.940880 4.980958 3083.744000 3072
377.894384 4.953504 3100.835000 3072
382.843521 4.949137 3103.571000 3072
387.787418 4.943897 3106.860000 3072
392.659301 4.871883 3152.784000 3072
397.530083 4.870782 3153.497000 3072
402.443693 4.913610 3126.011000 3072
407.461932 5.018239 3060.834000 2816
412.013427 4.551495 3093.488000 3072
416.949306 4.935879 3111.907000 3072
421.928976 4.979670 3084.541000 3072
426.896183 4.967206 3092.281000 3072
431.785951 4.889768 3141.253000 3072
436.666877 4.880926 3146.943000 3072
441.640740 4.973863 3088.143000 3072
446.529767 4.889027 3141.729000 3072
451.509082 4.979315 3084.761000 3072
456.420212 4.911129 3127.590000 3072
461.320873 4.900661 3134.271000 3072
466.301434 4.980562 3083.989000 3072
471.271575 4.970141 3090.455000 3072
476.224859 4.953284 3100.973000 3072
481.220779 4.995920 3074.508000 3072
486.201397 4.980618 3083.954000 3072
491.127214 4.925818 3118.263000 3072
496.031856 4.904642 3131.727000 3072
500.924047 4.892191 3139.697000 3072
505.810878 4.886831 3143.141000 3072
510.593561 4.782683 3211.586000 3072
515.493770 4.900209 3134.560000 3072
520.399523 4.905753 3131.017000 3072
525.310047 4.910524 3127.975000 3072
530.183783 4.873736 3151.586000 3072
535.068728 4.884945 3144.354000 3072
539.985175 4.916447 3124.207000 3072
544.929765 4.944590 3106.425000 3072
550.006256 5.076491 3025.712000 2816
554.513115 4.506858 3124.127000 3072
559.478719 4.965605 3093.278000 3072
564.411689 4.932970 3113.742000 3072
569.290306 4.878616 3148.433000 3072
574.227877 4.937571 3110.841000 3072
579.034008 4.806131 3195.918000 3072
584.161110 4.986852 3080.099000 3072
589.110352 4.936094 3111.772000 3072
593.972250 4.797992 3201.339000 3072
599.090913 4.916655 3124.075000 3072
604.045353 4.871095 3153.294000 3072
609.080313 4.906055 3130.825000 3072
614.042781 4.868523 3154.960000 3072
619.107658 4.933400 3113.471000 3072
624.075594 4.901336 3133.839000 3072
629.077417 4.903159 3132.674000 3072
634.066952 4.892694 3139.374000 3072
639.143992 4.969734 3090.708000 3072
644.092385 4.918127 3123.140000 3072
649.132365 4.958106 3097.956000 3072
654.051093 4.876835 3149.583000 3072
659.078113 4.903855 3132.229000 3072
664.058014 4.883756 3145.120000 3072
669.084997 4.910739 3127.838000 3072
674.040493 4.866235 3156.444000 3072
679.071691 4.897433 3136.337000 3072
684.128458 4.954200 3100.399000 3072
689.098994 4.924736 3118.948000 3072
694.140899 4.966641 3092.633000 3072
699.086753 4.912495 3126.720000 3072
704.097968 4.923710 3119.598000 3072
709.043447 4.869189 3154.529000 3072
714.058273 4.884015 3144.953000 3072
719.053888 4.879630 3147.779000 3072
724.084506 4.910248 3128.151000 3072
728.996179 4.821921 3185.452000 3072
734.134491 4.960233 3096.628000 3072
739.110056 4.935798 3111.958000 3072
744.023848 4.849590 3167.277000 3072
749.233705 5.059447 3035.904000 2816
753.856763 4.623058 3045.603000 2816
758.532106 4.357848 3230.952000 3072
763.911690 4.737432 3242.263000 3072
769.027318 4.853060 3165.013000 3072
774.115669 4.941411 3108.423000 3072
779.138282 4.964024 3094.263000 3072
784.117062 4.942804 3107.548000 3072
789.051247 4.876989 3149.483000 3072
794.148235 4.973977 3088.071000 3072
799.111133 4.936875 3111.280000 3072
804.027825 4.853567 3164.682000 3072
809.006467 4.832209 3178.670000 3072
814.112524 4.938266 3110.403000 3072
819.102163 4.927905 3116.943000 3072
824.157355 4.983097 3082.420000 3072
829.205094 5.030836 3053.170000 2816
833.743437 4.538343 3102.453000 3072
839.056751 4.882493 3145.933000 3072
844.042238 4.867980 3155.312000 3072
849.118267 4.944009 3106.790000 3072
854.117838 4.943580 3107.060000 3072
859.024281 4.850023 3166.995000 3072
864.118584 4.944326 3106.591000 3072
869.129854 4.955596 3099.526000 3072
874.075303 4.901045 3134.025000 3072
879.030614 4.856356 3162.865000 3072
884.082901 4.908643 3129.174000 3072
889.093215 4.918957 3122.613000 3072
894.115021 4.940763 3108.831000 3072
898.964433 4.790175 3206.563000 3072
904.228196 5.053938 3039.214000 2816
908.782860 4.554664 3091.336000 3072
914.034188 4.859930 3160.539000 3072
918.710070 4.535812 3386.384000 3328
923.320892 4.146634 4012.893000 3840
928.986270 4.812012 3990.014000 3840
933.791803 4.617545 4158.053000 4096
938.296512 4.122254 4968.155000 4864
943.728577 4.554319 5339.985000 5120
949.417761 5.243503 4882.232000 4864
954.687838 5.270077 4614.732000 4608
959.584105 4.896267 4705.625000 4608
964.542631 4.958526 4646.542000 4608
969.513036 4.970405 4635.437000 4608
974.416688 4.903652 4698.539000 4608
979.344625 4.927937 4675.384000 4608
