# WEMAClient mimuroto
32.090725 0.079382 8062.293000 5120
34.093517 1.952792 13109.437000 5120
35.564051 1.470533 17408.648000 5120
37.926679 2.362628 10835.391000 5120
39.913922 1.987243 12882.168000 5120
44.073109 1.932383 13247.889000 5120
49.078753 1.938028 13209.305000 5120
54.055097 1.914371 13372.538000 5120
59.073375 1.932649 13246.065000 5120
64.997329 2.856603 8961.692000 5120
70.932491 3.791765 6751.472000 5120
75.115302 2.974576 8606.267000 5120
79.769746 2.629021 9737.466000 5120
84.801923 2.661197 9619.730000 5120
89.713134 2.572408 9951.763000 5120
95.137407 2.996681 8542.783000 5120
102.496992 5.356266 4779.448000 4608
107.702078 5.205086 4426.439000 4352
112.599671 4.897593 4442.998000 4352
117.555892 4.956221 4390.441000 4352
122.442641 4.886749 4452.858000 4352
127.907439 5.464798 3981.848000 3840
133.415665 5.508226 3485.695000 3328
138.135163 4.719497 3525.799000 3328
142.775657 4.640494 3585.825000 3584
147.826532 5.050875 3547.900000 3328
152.544776 4.718245 3526.735000 3328
157.524580 4.979804 3341.496000 3328
163.078785 5.554205 2995.928000 2816
167.828225 4.749440 2964.560000 2816
172.556072 4.727848 2978.099000 2816
177.152845 4.596772 3063.018000 2816
181.691815 4.538970 3102.025000 3072
187.179271 5.038545 3048.498000 2816
191.713755 4.534484 3105.094000 3072
197.241310 5.100585 3011.419000 2816
201.920744 4.679434 3008.910000 2816
206.782114 4.641389 3033.574000 2816
211.804983 4.664257 3018.701000 2816
216.777146 4.636420 3036.825000 2816
221.764714 4.623988 3044.990000 2816
226.672100 4.531374 3107.225000 3072
232.028819 4.888094 3142.329000 3072
237.080527 4.939801 3109.436000 3072
242.147516 5.006790 3067.833000 2816
246.751557 4.604041 3058.183000 2816
251.657042 4.516316 3117.585000 3072
257.054480 4.913755 3125.919000 3072
262.065248 4.924522 3119.084000 3072
267.116753 4.976027 3086.799000 3072
272.025804 4.885078 3144.268000 3072
277.034621 4.893896 3138.603000 3072
282.065744 4.925019 3118.769000 3072
287.071523 4.930797 3115.114000 3072
292.020138 4.879412 3147.920000 3072
297.060226 4.919501 3122.267000 3072
302.095876 4.955151 3099.804000 3072
307.129575 4.988850 3078.866000 3072
312.061430 4.920705 3121.504000 3072
317.084858 4.944132 3106.712000 3072
322.066357 4.925632 3118.381000 3072
327.133424 4.992698 3076.492000 3072
332.024034 4.883309 3145.408000 3072
337.110548 4.969822 3090.653000 3072
342.026581 4.885856 3143.768000 3072
347.097403 4.956677 3098.849000 3072
351.939452 4.798726 3200.849000 3072
357.130146 4.989420 3078.513000 3072
362.040069 4.899344 3135.113000 3072
367.022390 4.881665 3146.467000 3072
372.108557 4.967831 3091.892000 3072
377.003964 4.863239 3158.388000 3072
382.049170 4.908444 3129.301000 3072
387.025553 4.884828 3144.430000 3072
392.134885 4.994160 3075.592000 3072
397.019258 4.878533 3148.487000 3072
401.985955 4.845229 3170.128000 3072
407.131931 4.991205 3077.413000 3072
412.074517 4.933792 3113.224000 3072
417.149609 5.008884 3066.551000 2816
421.612317 4.462708 3155.034000 3072
426.933614 4.792889 3204.747000 3072
432.106109 4.965384 3093.416000 3072
437.126142 4.985416 3080.986000 3072
442.067918 4.927192 3117.394000 3072
447.066433 4.925707 3118.334000 3072
452.096759 4.956033 3099.252000 3072
457.113253 4.972528 3088.972000 3072
462.140101 4.999375 3072.383000 3072
467.098038 4.957313 3098.452000 3072
472.082160 4.941434 3108.409000 3072
477.134907 4.994181 3075.579000 3072
482.063382 4.922656 3120.266000 3072
487.053890 4.913165 3126.294000 3072
492.100228 4.959502 3097.085000 3072
497.047281 4.906555 3130.505000 3072
502.147348 5.006623 3067.936000 2816
506.719876 4.572528 3079.259000 3072
512.062387 4.921661 3120.897000 3072
517.028457 4.887732 3142.561000 3072
522.156198 5.015473 3062.522000 2816
526.726162 4.569964 3080.986000 3072
532.023268 4.882543 3145.901000 3072
537.041921 4.901196 3133.929000 3072
542.009245 4.868519 3154.963000 3072
547.139291 4.998566 3072.881000 3072
552.029450 4.888725 3141.923000 3072
557.109106 4.968381 3091.550000 3072
562.130251 4.989526 3078.448000 3072
567.086215 4.945490 3105.860000 3072
572.107649 4.966924 3092.457000 3072
577.111835 4.971109 3089.853000 3072
582.059637 4.918911 3122.642000 3072
587.134677 4.993952 3075.720000 3072
592.007877 4.867151 3155.850000 3072
596.961030 4.820304 3186.520000 3072
601.925933 4.785208 3209.891000 3072
607.018058 4.877332 3149.262000 3072
612.023983 4.883258 3145.441000 3072
616.969393 4.828668 3181.001000 3072
622.061265 4.920540 3121.608000 3072
627.067770 4.927044 3117.487000 3072
632.076121 4.935396 3112.212000 3072
637.080939 4.940213 3109.177000 3072
642.104641 4.963915 3094.331000 3072
647.077754 4.937029 3111.182000 3072
652.025628 4.884903 3144.382000 3072
656.978526 4.837800 3174.996000 3072
662.101644 4.960919 3096.200000 3072
667.048860 4.908134 3129.498000 3072
672.080420 4.939695 3109.503000 3072
677.023933 4.883208 3145.473000 3072
681.967216 4.826491 3182.436000 3072
687.109183 4.968458 3091.502000 3072
692.089759 4.949033 3103.636000 3072
697.057998 4.917273 3123.682000 3072
702.004355 4.863629 3158.135000 3072
706.995583 4.854857 3163.841000 3072
711.973566 4.832841 3178.255000 3072
716.939541 4.798815 3200.790000 3072
722.139732 4.999007 3072.610000 3072
727.132071 4.991345 3077.326000 3072
732.104176 4.963450 3094.621000 3072
737.073161 4.932436 3114.079000 3072
742.095312 4.954587 3100.157000 3072
747.056141 4.915416 3124.862000 3072
752.008724 4.867999 3155.300000 3072
756.902822 4.762096 3225.470000 3072
761.826460 4.685735 3278.034000 3072
766.963517 4.822791 3184.877000 3072
772.101520 4.960794 3096.278000 3072
777.090784 4.950059 3102.993000 3072
782.092751 4.952025 3101.761000 3072
787.049553 4.908828 3129.056000 3072
792.000103 4.859378 3160.898000 3072
797.091542 4.950817 3102.518000 3072
801.982552 4.841827 3172.356000 3072
806.931173 4.790448 3206.380000 3072
812.134917 4.994191 3075.573000 3072
816.962934 4.822209 3185.262000 3072
822.070971 4.930245 3115.463000 3072
827.017018 4.876293 3149.933000 3072
832.024772 4.884046 3144.933000 3072
836.974316 4.833591 3177.761000 3072
842.048827 4.908102 3129.519000 3072
847.052611 4.911885 3127.108000 3072
851.974408 4.833683 3177.701000 3072
856.911136 4.770410 3219.848000 3072
861.983888 4.843163 3171.481000 3072
867.057981 4.917255 3123.693000 3072
871.920358 4.779633 3213.635000 3072
877.013167 4.872442 3152.423000 3072
882.102076 4.961351 3095.931000 3072
886.991803 4.851077 3166.307000 3072
892.146517 5.005791 3068.445000 2816
896.712269 4.565752 3083.829000 3072
901.991820 4.851094 3166.296000 3072
907.185677 5.044951 3044.627000 2816
911.598252 4.412575 3190.880000 3072
917.046314 4.905588 3131.122000 3072
