# SAndroidClient mimuroto
125.190864 0.180196 3551.695750 2816
129.060307 3.819443 3686.401261 2816
133.048964 3.988657 3530.010637 2816
136.991710 3.942746 3571.115275 2816
140.931011 3.939301 3574.238285 2816
144.798792 3.867782 3640.329610 2816
148.763612 3.964819 3551.233754 2816
152.739224 3.975612 3541.592821 2816
156.840644 4.101420 3432.957649 2816
161.509519 4.668875 3015.715552 2560
165.784458 4.274939 2994.195021 2560
170.116704 4.332247 2954.586909 2560
174.614700 4.373835 2926.493296 2560
179.520067 4.279203 2991.211303 2560
184.421570 4.180706 3061.683918 2560
189.603426 4.362562 2934.055984 2560
194.540999 4.300134 2976.651169 2560
199.583683 4.342818 2947.394771 2560
204.463014 4.222150 3031.631066 2560
209.531162 4.290298 2983.476046 2560
214.444097 4.203232 3045.275430 2560
219.482783 4.241918 3017.502694 2304
224.161111 3.920246 2938.590917 2304
229.046089 3.805225 3027.416327 2304
234.185460 3.944595 2920.451753 2304
239.180528 3.939664 2924.107210 2304
244.017606 3.776742 3050.248418 2304
249.007933 3.767069 3058.080554 2304
254.038898 3.798034 3033.148229 2304
259.079154 3.838290 3001.336723 2304
264.120467 3.879603 2969.376120 2304
269.144321 3.903456 2951.230618 2304
274.100979 3.860115 2984.367308 2304
279.183954 3.943090 2921.566718 2304
284.121007 3.880143 2968.962826 2304
289.084535 3.843671 2997.134993 2304
294.168107 3.927243 2933.355710 2304
299.102584 3.861719 2983.127224 2304
304.147788 3.906923 2948.611697 2304
309.264812 4.023948 2862.860068 2304
314.252427 4.011563 2871.698545 2304
319.179657 3.938792 2924.754310 2304
324.188528 3.947664 2918.181727 2304
329.091993 3.851129 2991.330749 2304
334.119271 3.878406 2970.292195 2304
339.191553 3.950689 2915.947394 2304
344.110836 3.869972 2976.765606 2304
349.065353 3.824489 3012.166979 2304
354.064709 3.823844 3012.674909 2304
359.043479 3.802615 3029.494428 2304
364.192609 3.951745 2915.168209 2304
368.969619 3.728754 3089.503684 2304
374.043246 3.802381 3029.680365 2304
379.139932 3.899068 2954.552118 2304
384.087285 3.846421 2994.992279 2304
389.119825 3.878961 2969.867380 2304
394.140022 3.899158 2954.483889 2304
399.183154 3.942289 2922.160002 2304
404.101979 3.861115 2983.594316 2304
409.095596 3.854732 2988.534649 2304
414.063780 3.822916 3013.406648 2304
419.195854 3.954989 2912.776565 2304
424.029868 3.789004 3040.376730 2304
429.025356 3.784492 3044.001976 2304
434.120356 3.879492 2969.460798 2304
439.133671 3.892806 2959.304658 2304
444.087815 3.846951 2994.579683 2304
449.127184 3.886320 2964.243771 2304
454.071365 3.830501 3007.439871 2304
459.102484 3.861620 2983.204057 2304
464.096678 3.855813 2987.696526 2304
469.098267 3.857402 2986.465659 2304
474.124631 3.883767 2966.192355 2304
479.235874 3.995010 2883.597479 2304
484.094755 3.853890 2989.187264 2304
489.070791 3.829927 3007.890095 2304
494.043211 3.802346 3029.708187 2304
499.172569 3.931704 2930.027039 2304
504.087815 3.846951 2994.579648 2304
509.094196 3.853331 2989.620867 2304
513.944414 3.703550 3110.529465 2304
519.048083 3.807219 3025.830968 2304
524.169240 3.928375 2932.509896 2304
529.087662 3.846798 2994.698287 2304
534.116679 3.875815 2972.278436 2304
539.171998 3.931133 2930.452504 2304
544.129744 3.888879 2962.292938 2304
549.119811 3.878946 2969.878669 2304
554.086909 3.846045 2995.284965 2304
559.150380 3.909516 2946.656512 2304
564.059541 3.818677 3016.751764 2304
569.161111 3.920247 2938.590377 2304
574.144275 3.903411 2951.264801 2304
578.936954 3.696089 3116.807817 2304
584.052334 3.811470 3022.456021 2304
589.134757 3.893893 2958.479195 2304
593.932774 3.691910 3120.336177 2304
599.031445 3.790580 3039.112525 2304
604.044590 3.803726 3028.609360 2304
609.131012 3.890148 2961.327044 2304
614.036298 3.795434 3035.226255 2304
619.104274 3.863410 2981.821758 2304
624.068972 3.828107 3009.319944 2304
629.093656 3.852792 2990.039663 2304
634.068578 3.827714 3009.629123 2304
638.996846 3.755982 3067.107317 2304
644.052575 3.811711 3022.264774 2304
649.125672 3.884808 2965.397568 2304
654.139885 3.899020 2954.588220 2304
659.153427 3.912562 2944.362024 2304
664.033861 3.792997 3037.176512 2304
669.165013 3.924149 2935.668633 2304
674.061182 3.820317 3015.456188 2304
679.099978 3.859113 2985.141588 2304
684.093759 3.852895 2989.959393 2304
689.070936 3.830072 3007.776450 2304
694.102666 3.861802 2983.063710 2304
699.072307 3.831443 3006.700253 2304
704.064611 3.823747 3012.751626 2304
709.072373 3.831509 3006.648616 2304
714.129266 3.888402 2962.656694 2304
719.159614 3.918750 2939.713175 2304
724.150274 3.909409 2946.736640 2304
729.090342 3.849478 2992.613879 2304
734.103971 3.863107 2982.055687 2304
739.090272 3.849408 2992.668228 2304
744.040277 3.799413 3032.047210 2304
749.063598 3.822734 3013.549932 2304
754.045421 3.804557 3027.947669 2304
758.912256 3.671391 3137.774914 2304
763.984223 3.743359 3077.450144 2304
769.014141 3.773277 3053.049200 2304
774.091044 3.850179 2992.068384 2304
779.082353 3.841489 2998.837196 2304
784.178250 3.937386 2925.799082 2304
789.037391 3.796527 3034.352357 2304
794.112657 3.871793 2975.365700 2304
799.077686 3.836821 3002.485357 2304
803.974412 3.733548 3085.536846 2304
808.979429 3.738564 3081.396785 2304
814.144451 3.903586 2951.132315 2304
819.021206 3.780342 3047.343720 2304
824.156729 3.915864 2941.879121 2304
829.090586 3.849722 2992.424210 2304
833.963232 3.722368 3094.804379 2304
839.072685 3.831821 3006.403715 2304
844.060459 3.819594 3016.027002 2304
849.018685 3.777821 3049.376739 2304
854.093439 3.852574 2990.208365 2304
858.972568 3.731704 3087.061568 2304
864.160778 3.919914 2938.840299 2304
869.088177 3.847312 2994.298022 2304
873.965571 3.724707 3092.860849 2304
879.052587 3.811722 3022.255837 2304
884.048904 3.808040 3025.178231 2304
889.069940 3.829076 3008.559054 2304
894.141959 3.901095 2953.016943 2304
899.123285 3.882421 2967.220932 2304
904.038121 3.797257 3033.768792 2304
909.037058 3.796194 3034.618518 2304
913.991974 3.751109 3071.091407 2304
918.775207 3.534342 3259.446448 2304
923.238681 2.997817 3842.796113 2304
928.315628 3.074763 3746.629834 2304
933.204862 2.963998 3886.642934 2304
937.854103 2.613239 4408.323054 2304
942.752976 2.512112 4585.782584 2304
947.969686 2.728821 4221.602667 2304
953.083337 2.842473 4052.808744 2304
958.127376 2.886512 3990.976028 2304
963.146247 2.905383 3965.054163 2304
968.095957 2.855093 4034.895214 2304
973.176150 2.935286 3924.660274 2304
978.154101 2.913236 3954.365054 2304
982.156894 1.916030 6012.433247 2304
985.946001 0.705137 16337.261331 2304
990.946546 0.705681 16324.651726 2304
995.945921 0.705056 16339.122781 2560
1001.075546 0.834682 15335.187962 2560
1006.079666 0.838802 15259.859006 2560
