# AndroidClient mimuroto
63.108249 0.099913 6405.564612 5120
65.531385 2.373135 10787.416443 5120
68.324840 2.743456 9331.297487 5120
71.605500 3.230660 7924.077145 5120
75.748180 2.373339 10786.489584 5120
80.526071 2.151231 11900.162801 5120
85.545307 2.170467 11794.696876 5120
90.513817 2.138976 11968.341541 5120
96.840072 3.465232 7387.672914 5120
104.002001 5.627161 4549.363480 5120
109.788451 5.786450 4424.128930 5120
115.609882 5.821431 4397.544384 5120
121.352020 5.742138 4458.269831 5120
127.712325 6.360305 4024.963933 5120
134.834878 7.122553 3594.216769 5120
142.119940 7.285062 3514.040267 5120
149.428830 7.308890 3502.583965 5120
156.789661 7.310832 3501.653558 5120
165.509788 8.670127 2952.667196 5120
174.294598 8.734810 2930.802261 4864
182.305237 7.960639 3055.031308 4864
190.229156 7.873919 3088.677885 4608
197.735314 7.456158 3090.063358 4608
205.174733 7.389420 3117.971524 4352
212.238836 7.014102 3102.321472 4352
219.465194 7.176359 3032.178316 4352
226.396131 6.880936 3162.360344 4352
233.473165 7.027034 3096.612376 4096
240.084871 6.561707 3121.139218 4096
246.855547 6.720676 3047.312434 4096
253.332755 6.427207 3186.453980 4096
259.938397 6.555643 3124.026187 4096
266.594314 6.605917 3100.250904 4096
273.345412 6.701098 3056.215681 3840
279.579068 6.183656 3104.959455 3840
285.734579 6.105511 3144.699739 3840
292.014079 6.229500 3082.109382 3840
298.315204 6.251125 3071.447083 3840
304.480953 6.115749 3139.435835 3840
310.646363 6.115410 3139.609638 3840
316.826539 6.130176 3132.046948 3840
323.124770 6.248231 3072.869789 3840
329.480131 6.305361 3045.027676 3840
335.627467 6.097336 3148.916370 3584
341.457293 5.779826 3100.439253 3584
347.298462 5.791168 3094.366903 3584
353.112236 5.763774 3109.073784 3584
358.974772 5.812536 3082.991655 3584
364.748619 5.723847 3130.761480 3584
370.554252 5.755633 3113.471814 3584
376.544205 5.939953 3016.858760 3584
382.416809 5.822604 3077.660801 3584
388.360055 5.893246 3040.768853 3584
394.189833 5.779778 3100.465357 3584
399.948877 5.709044 3138.879416 3584
405.688053 5.689176 3149.841056 3584
411.649541 5.911489 3031.385196 3584
417.493045 5.793504 3093.119478 3584
423.300343 5.757297 3112.571505 3584
429.100460 5.750117 3116.458074 3584
434.766387 5.615927 3190.924672 3584
440.547826 5.731439 3126.614611 3584
446.284850 5.687024 3151.032886 3584
452.140041 5.805191 3086.892602 3584
458.051342 5.861301 3057.341680 3584
463.987434 5.886092 3044.464604 3584
469.718872 5.681438 3154.131192 3328
475.037948 5.269076 3158.048840 3328
480.372471 5.284523 3148.817932 3328
485.728823 5.306352 3135.864547 3328
491.127837 5.349014 3110.853660 3328
496.557899 5.380062 3092.901099 3328
501.975147 5.367248 3100.285412 3328
507.243389 5.218242 3188.813384 3328
512.587335 5.293946 3143.213005 3328
517.820069 5.182734 3210.660565 3328
523.163030 5.292961 3143.797694 3328
528.393098 5.180068 3212.313076 3328
533.897369 5.454271 3050.820319 3328
539.326012 5.378644 3093.716777 3328
544.632665 5.256653 3165.512408 3328
550.051903 5.369237 3099.136660 3328
555.446221 5.344318 3113.586964 3328
560.916972 5.420751 3069.685331 3328
566.374681 5.407709 3077.088789 3328
571.783736 5.359055 3105.025145 3328
577.079455 5.245719 3172.110181 3328
582.496179 5.366724 3100.588221 3328
587.924219 5.378040 3094.063833 3328
593.277796 5.303577 3137.504988 3328
598.510490 5.182694 3210.685515 3328
603.995602 5.435112 3061.574551 3328
609.269553 5.223951 3185.328265 3328
614.548462 5.228909 3182.308483 3328
619.812441 5.213979 3191.420612 3328
625.150784 5.288343 3146.543344 3328
630.551190 5.350406 3110.044251 3328
635.937760 5.336570 3118.107782 3328
641.349231 5.361472 3103.625392 3328
646.744895 5.345664 3112.803389 3328
652.126957 5.332062 3120.744097 3328
657.484999 5.308042 3134.865964 3328
662.828740 5.293742 3143.334382 3328
668.216933 5.338192 3117.160152 3072
673.176028 4.909096 3128.885861 3072
677.997809 4.821781 3185.544819 3072
682.909522 4.911713 3127.218776 3072
687.812562 4.903040 3132.750159 3072
692.639808 4.827245 3181.938923 3072
697.564786 4.924978 3118.795475 3072
702.447842 4.883056 3145.571273 3072
707.328247 4.880405 3147.279865 3072
712.124813 4.796566 3202.290970 3072
716.991093 4.866280 3156.414858 3072
721.843252 4.852159 3165.601297 3072
726.673746 4.830494 3179.798853 3072
731.467267 4.793521 3204.325229 3072
736.274054 4.806788 3195.481374 3072
741.189945 4.915890 3124.561230 3072
746.114242 4.924297 3119.227012 3072
750.890566 4.776325 3215.861672 3072
755.759948 4.869381 3154.404944 3072
760.326700 4.566752 3363.440694 3072
765.179261 4.852561 3165.338565 3072
770.012816 4.833555 3177.785507 3072
775.004345 4.991529 3077.213141 3072
779.956229 4.951884 3101.849923 3072
784.969656 5.013427 3063.772732 3072
789.873181 4.903525 3132.440155 3072
794.784223 4.911041 3127.646231 3072
799.726246 4.942023 3108.038803 3072
804.591217 4.864971 3157.264173 3072
809.471677 4.880460 3147.244603 3072
814.435329 4.963653 3094.495371 3072
819.365099 4.929769 3115.764357 3072
824.326956 4.961857 3095.615272 3072
829.315542 4.988586 3079.028631 3072
834.143345 4.827803 3181.571386 3072
838.980958 4.837613 3175.119420 3072
843.933762 4.952804 3101.273652 3072
848.856308 4.922546 3120.336520 3072
853.746822 4.890513 3140.774492 3072
858.524641 4.777819 3214.855907 3072
863.278249 4.753608 3231.229676 3072
868.212935 4.934686 3112.659802 3072
873.068542 4.855607 3163.353471 3072
877.949258 4.880716 3147.079008 3072
882.787860 4.838602 3174.470822 3072
887.650905 4.863045 3158.514710 3072
892.574624 4.923718 3119.593513 3072
897.456445 4.881821 3146.366981 3072
902.296452 4.840008 3173.548773 3072
907.136448 4.839996 3173.556363 3072
911.965758 4.829310 3180.578646 3072
916.798753 4.832995 3178.153412 3072
920.530778 3.732025 4115.728044 3072
924.120951 3.590173 4278.345033 3072
928.004060 3.883108 3955.594197 3072
932.021693 3.754761 4090.806743 3072
936.264233 2.997301 5124.611089 3072
940.818275 2.551342 6020.360970 3072
946.193656 2.926723 5248.190329 3072
951.632594 3.365661 4563.739331 3072
956.531853 3.264920 4704.555703 3072
961.655903 3.388970 4532.349931 3072
966.598158 3.331226 4610.915080 3072
971.716245 3.449313 4453.060891 3072
976.732432 3.465499 4432.261795 3072
981.017064 2.750132 5585.187089 3072
984.206827 0.939894 16342.266389 3072
989.159923 0.892991 17200.626226 3328
994.223179 0.956246 17401.373953 3328
999.225765 0.958833 17354.435739 3328
1004.226003 0.959071 17350.132141 3328
1009.224402 0.957469 17379.146484 3328
1014.231468 0.964535 17251.836128 3328
1019.234400 0.967467 17199.546988 3328
1024.229009 0.962077 17295.915970 3328
1029.230321 0.963388 17272.367607 3584
1034.297412 1.030479 17389.964142 3584
