# WEMAClient mimuroto
156.010165 0.128000  156.218817 0.128000 
156.268817 2.816000  161.070452 2.816000 
161.070452 2.816000  165.722694 2.816000 
165.722694 2.816000  170.452619 2.816000 
170.452619 2.816000  175.037363 2.816000 
175.037363 2.816000  179.755880 2.816000 
179.755880 2.816000  184.282436 2.816000 
184.282436 3.072000  189.286366 3.072000 
189.286366 2.816000  193.716697 2.816000 
193.716697 3.072000  198.621484 3.072000 
198.621484 3.072000  203.672952 3.072000 
203.672952 2.816000  208.288712 2.816000 
208.288712 2.816000  212.808335 2.816000 
212.808335 3.072000  217.814320 3.072000 
217.814320 2.816000  222.341487 2.816000 
222.341487 3.072000  227.281370 3.072000 
227.281370 3.072000  232.245399 3.072000 
232.245399 3.072000  237.210704 3.072000 
237.210704 3.072000  242.063442 3.072000 
242.063442 3.072000  246.911986 3.072000 
246.911986 3.072000  251.721297 3.072000 
251.721297 3.072000  256.616047 3.072000 
256.616047 3.072000  261.517133 3.072000 
261.517133 3.072000  266.455969 3.072000 
266.455969 3.072000  271.450648 3.072000 
271.450648 3.072000  276.501749 3.072000 
276.501749 2.816000  281.041372 2.816000 
281.041372 3.072000  286.010322 3.072000 
286.010322 3.072000  290.960706 3.072000 
290.960706 3.072000  295.859139 3.072000 
295.859139 3.072000  300.818451 3.072000 
300.818451 3.072000  305.766840 3.072000 
305.766840 3.072000  310.682185 3.072000 
310.682185 3.072000  315.622092 3.072000 
315.622092 3.072000  320.556495 3.072000 
320.556495 3.072000  325.518081 3.072000 
325.518081 3.072000  330.488551 3.072000 
330.488551 3.072000  335.564515 3.072000 
335.564515 2.816000  340.069684 2.816000 
340.069684 3.072000  344.973490 3.072000 
344.973490 3.072000  349.943898 3.072000 
349.943898 3.072000  354.856943 3.072000 
354.856943 3.072000  359.858386 3.072000 
359.858386 2.816000  364.460841 2.816000 
364.460841 2.816000  369.043870 2.816000 
369.043870 3.072000  373.951451 3.072000 
373.951451 3.072000  378.941613 3.072000 
378.941613 3.072000  383.851198 3.072000 
383.851198 3.072000  388.754508 3.072000 
388.754508 3.072000  393.733424 3.072000 
393.733424 3.072000  398.695966 3.072000 
398.695966 3.072000  403.678569 3.072000 
403.678569 3.072000  408.534171 3.072000 
408.534171 3.072000  413.525661 3.072000 
413.525661 3.072000  418.369293 3.072000 
418.369293 3.072000  423.131105 3.072000 
423.131105 3.072000  427.975460 3.072000 
427.975460 3.072000  432.891720 3.072000 
432.891720 3.072000  437.885853 3.072000 
437.885853 3.072000  442.958398 3.072000 
442.958398 2.816000  447.435507 2.816000 
447.435507 3.072000  452.337852 3.072000 
452.337852 3.072000  457.219967 3.072000 
457.219967 3.072000  462.141141 3.072000 
462.141141 3.072000  467.044745 3.072000 
467.044745 3.072000  472.023170 3.072000 
472.023170 3.072000  477.022264 3.072000 
477.022264 3.072000  482.024021 3.072000 
482.024021 2.816000  486.420331 2.816000 
486.420331 3.072000  491.299714 3.072000 
491.299714 3.072000  496.278347 3.072000 
496.278347 3.072000  501.212532 3.072000 
501.268817 3.072000  506.280935 3.072000 
506.280935 2.816000  510.731964 2.816000 
511.268817 3.072000  516.146440 3.072000 
516.268817 3.072000  521.217686 3.072000 
521.268817 3.072000  526.241420 3.072000 
526.268817 3.072000  531.116343 3.072000 
531.268817 3.072000  536.221533 3.072000 
536.268817 3.072000  541.112476 3.072000 
541.268817 3.072000  546.263136 3.072000 
546.268817 3.072000  551.123371 3.072000 
551.268817 3.072000  556.254044 3.072000 
556.268817 3.072000  561.175587 3.072000 
561.268817 3.072000  566.215540 3.072000 
566.268817 3.072000  571.297724 3.072000 
571.297724 2.816000  575.764277 2.816000 
576.268817 3.072000  581.152353 3.072000 
581.268817 3.072000  586.319790 3.072000 
586.319790 2.816000  590.828983 2.816000 
591.268817 3.072000  596.016170 3.072000 
596.268817 3.072000  601.159602 3.072000 
601.268817 3.072000  606.194675 3.072000 
606.268817 3.072000  611.083777 3.072000 
611.268817 3.072000  616.173348 3.072000 
616.268817 3.072000  621.155686 3.072000 
621.268817 3.072000  626.163741 3.072000 
626.268817 3.072000  631.258972 3.072000 
631.268817 3.072000  636.207179 3.072000 
636.268817 3.072000  641.181199 3.072000 
641.268817 3.072000  646.180645 3.072000 
646.268817 3.072000  651.188435 3.072000 
651.268817 3.072000  656.259487 3.072000 
656.268817 3.072000  661.156367 3.072000 
661.268817 3.072000  666.227728 3.072000 
666.268817 3.072000  671.105157 3.072000 
671.268817 3.072000  676.043837 3.072000 
676.268817 3.072000  681.168679 3.072000 
681.268817 3.072000  686.209375 3.072000 
686.268817 3.072000  691.200374 3.072000 
691.268817 3.072000  696.186598 3.072000 
696.268817 3.072000  701.115984 3.072000 
701.268817 3.072000  706.194788 3.072000 
706.268817 3.072000  711.190000 3.072000 
711.268817 3.072000  716.200432 3.072000 
716.268817 3.072000  721.297235 3.072000 
721.297235 2.816000  725.779840 2.816000 
726.268817 3.072000  731.249607 3.072000 
731.268817 3.072000  736.149440 3.072000 
736.268817 3.072000  741.058909 3.072000 
741.268817 3.072000  746.166157 3.072000 
746.268817 3.072000  751.325007 3.072000 
751.325007 2.816000  755.701941 2.816000 
756.268817 3.072000  761.086921 3.072000 
761.268817 3.072000  765.975811 3.072000 
766.268817 3.072000  771.044551 3.072000 
771.268817 3.072000  776.246858 3.072000 
776.268817 3.072000  781.254797 3.072000 
781.268817 3.072000  786.153628 3.072000 
786.268817 3.072000  791.265276 3.072000 
791.268817 3.072000  796.322522 3.072000 
796.322522 2.816000  800.825697 2.816000 
801.268817 3.072000  806.068937 3.072000 
806.268817 3.072000  811.155800 3.072000 
811.268817 3.072000  816.247847 3.072000 
816.268817 3.072000  821.137016 3.072000 
821.268817 3.072000  826.277823 3.072000 
826.277823 2.816000  830.780200 2.816000 
831.268817 3.072000  836.095296 3.072000 
836.268817 3.072000  841.231348 3.072000 
841.268817 3.072000  846.145340 3.072000 
846.268817 3.072000  851.313833 3.072000 
851.313833 2.816000  855.811706 2.816000 
856.268817 3.072000  861.185647 3.072000 
861.268817 3.072000  866.270618 3.072000 
866.270618 2.816000  870.791447 2.816000 
871.268817 3.072000  876.195788 3.072000 
876.268817 3.072000  881.147460 3.072000 
881.268817 3.072000  886.225823 3.072000 
886.268817 3.072000  891.115469 3.072000 
891.268817 3.072000  896.244949 3.072000 
896.268817 3.072000  901.150642 3.072000 
901.268817 3.072000  906.146704 3.072000 
906.268817 3.072000  911.117556 3.072000 
911.268817 3.072000  916.005998 3.072000 
916.268817 3.072000  920.194955 3.072000 
921.268817 3.840000  925.802578 3.840000 
926.268817 4.096000  931.410027 4.096000 
931.410027 3.840000  935.254034 3.840000 
936.268817 4.864000  940.466404 4.864000 
941.268817 5.120000  946.095120 5.120000 
946.268817 5.120000  951.647233 5.120000 
951.647233 4.608000  956.635020 4.608000 
956.635020 4.608000  961.575744 4.608000 
961.575744 4.608000  966.573722 4.608000 
966.573722 4.608000  971.388559 4.608000 
971.388559 4.608000  976.358281 4.608000 
976.358281 4.608000  980.843735 4.608000 
981.268817 5.120000  983.365669 5.120000 
986.268817 5.120000  987.739509 5.120000 
991.268817 5.120000  992.750747 5.120000 
996.268817 5.120000  997.744723 5.120000 
1001.268817 5.120000  1002.736786 5.120000 
1006.268817 5.120000  1007.753826 5.120000 
1011.268817 5.120000  1012.746038 5.120000 
1016.268817 5.120000  1017.736296 5.120000 
1021.268817 5.120000  1022.744616 5.120000 
1026.268817 5.120000  1027.734436 5.120000 
1031.268817 5.120000  1032.723531 5.120000 
1036.268817 5.120000  1037.728769 5.120000 
