157.004067 18686.063343 0.000000
158.006025 18441.192960 18686.063343
159.008350 19238.381897 18196.322577
160.009345 19039.375515 18732.996684
161.009691 19647.821226 18978.425254
162.010455 19289.238234 19572.711388
163.013128 19120.787663 19619.694670
164.015816 19531.760488 19434.234274
165.018128 20464.927301 19571.372042
166.021308 18521.011109 20329.913147
167.022053 19298.902100 19285.000094
168.023785 19156.372625 19154.964564
169.025943 18733.379342 19019.034078
170.028909 20426.226302 18668.158509
171.031236 19616.205250 19778.661153
172.033711 18850.019839 19888.287973
173.036170 20111.120789 19300.441644
174.038195 19175.912139 19839.738741
175.043392 18403.457199 19475.826314
176.046627 18274.826710 18639.550352
177.047453 19489.791737 18065.916216
178.047697 19592.037622 18742.550542
179.050447 19126.399481 19344.362418
180.052136 19372.243697 19357.958550
181.052285 18872.790897 19491.250011
182.053620 19702.328512 19153.554564
183.054074 19339.787737 19536.669134
184.057246 18716.370435 19497.735683
185.057900 19303.754426 18971.218994
186.060376 20056.598053 19084.786503
187.061455 18736.143084 19760.944958
188.062542 19158.383562 19182.596233
189.063172 19524.344930 19098.488942
190.063275 20109.655175 19345.879977
191.065199 19453.716885 19953.174417
192.065560 19726.124839 19803.988109
193.067279 18809.482454 19846.133114
194.070421 20090.581958 19149.721759
195.072392 19185.305085 19677.280884
196.075762 20055.917412 19365.428059
197.077497 19908.330987 19817.430149
198.078685 19009.630678 19992.363191
199.080424 19631.758886 19384.796429
200.082815 19276.659272 19453.817766
201.084882 18931.112419 19266.489004
202.085729 18432.440390 18916.207051
203.086155 19200.266243 18370.788394
204.086252 19024.110682 18689.361454
205.086703 19232.263280 18844.257511
206.088269 18799.644918 19122.783281
207.091262 18031.719901 18964.952394
208.093160 19865.335511 18268.766319
209.095544 19201.458483 19236.623385
210.095984 18615.528776 19379.822178
211.096852 19134.276154 18967.383371
212.097064 19509.241372 19062.260852
213.100115 19357.266522 19408.927331
214.101332 18921.429001 19493.357944
215.102264 18683.245762 19174.672254
216.105411 19009.715549 18773.381166
217.107190 19089.951798 18795.054111
218.108468 18452.288943 18919.733130
219.109821 19408.005185 18546.380165
220.111470 19862.863072 19052.968059
221.113636 18595.993850 19736.164702
222.116052 19110.962143 19159.285700
223.118606 18760.197516 19116.249456
224.119692 18313.120305 18830.336036
225.122593 19429.651978 18334.536787
226.124010 19025.810052 18918.681797
227.125358 18526.375542 19035.615403
228.127652 18522.050248 18717.054986
229.129349 19037.067686 18506.860946
230.131689 19608.457087 18791.824329
231.133321 19336.274082 19424.158911
232.135451 19567.592420 19582.263492
233.136433 18872.782595 19773.307184
234.136536 18694.350195 19296.292970
235.137501 19523.362602 18818.083969
236.137929 18984.607293 19169.805330
237.138491 19573.088446 19029.988847
238.139312 19254.616181 19390.096082
239.142146 19994.828173 19377.043592
240.143867 19339.651994 19895.069488
241.145397 19761.858088 19687.639973
242.146114 20253.910582 19813.582791
243.146530 19666.717409 20232.662395
244.146830 18646.221015 20007.119364
245.148056 18063.430973 19043.875064
246.154172 20424.737086 18025.746870
247.155766 19709.968991 19297.083384
248.157610 18829.651266 19678.588995
249.157877 19193.401078 19216.948506
250.158732 20029.554141 19162.116311
251.159657 19435.971065 19769.636202
252.161013 19173.428324 19693.188325
253.161771 18941.340786 19393.753016
254.161886 18826.107765 19014.888535
255.162265 19187.574315 18720.644591
256.163652 18669.397940 18870.988325
257.163728 18511.734916 18636.674408
258.164859 18899.430147 18409.451065
259.164944 20517.981117 18612.181779
260.165776 18968.749277 19999.272456
261.168860 18785.076540 19660.571080
262.172335 18966.536675 19180.510388
263.172757 19962.663343 18977.716681
264.174951 19377.028967 19620.619827
265.175086 19224.969449 19588.356497
266.178436 19490.452518 19405.348311
267.181162 19226.290492 19467.861805
268.185260 18643.454246 19306.644710
269.185967 19094.338623 18768.820424
270.186278 18650.252931 18806.730019
271.187929 18452.177746 18564.522699
272.190449 18348.552343 18316.295208
273.192341 17994.957572 18148.433045
274.195171 19459.594781 17849.335709
275.196986 19349.441122 18834.670414
276.198547 18930.832325 19400.953614
277.200154 19292.995037 19357.260493
278.203413 18360.701537 19500.428925
279.206613 19069.745636 18820.934543
280.209062 19441.318478 18897.912176
281.211342 18673.488290 19258.038988
282.214043 18759.661436 18908.049626
283.215554 19435.364458 18739.044470
284.217285 19066.887262 19166.473400
285.218500 19028.145983 19171.052733
286.219715 18632.575668 19118.245072
287.219888 18448.037945 18772.638733
288.221498 19772.541396 18426.416505
289.223854 19765.122769 19252.088340
290.224922 19355.963878 19789.473551
291.227319 19601.973197 19745.209292
292.230520 19275.342344 19810.272799
293.234099 19112.969638 19545.756512
294.234162 18928.687884 19224.115297
295.234386 19167.121330 18897.296959
296.237490 19290.997571 18920.560606
297.239417 19294.869691 19086.739791
298.241952 19619.831981 19223.797919
299.245686 18632.298490 19553.816643
300.247146 18666.271463 18994.679721
301.248436 19587.415388 18649.995683
302.251072 19563.008697 19172.580552
303.253240 18148.983048 19519.276678
304.256182 19229.222414 18643.038509
305.258569 19572.503279 18891.585083
306.262766 19883.467621 19357.728352
307.264771 19479.718534 19877.716974
308.265868 18654.223215 19836.337132
309.269214 19301.459111 19107.371072
310.271612 19526.617847 19115.028000
311.273385 19685.302289 19334.333294
312.274377 18428.197690 19611.070410
313.274680 19107.529741 18825.168489
314.277794 19558.745855 18842.473867
315.279159 19787.980203 19255.802610
316.279861 19377.677622 19710.128554
317.281167 19280.720022 19649.027502
318.283350 18869.119369 19477.921306
319.285445 19289.725862 19034.367398
320.287697 18820.970411 19086.733306
321.288986 19017.173877 18812.097811
322.292320 19837.194015 18824.150813
323.292902 19002.592053 19493.448184
324.296652 18988.517544 19288.081855
325.297006 19506.089242 19103.470358
326.298111 18411.301968 19370.605180
327.301273 19232.075570 18716.953151
328.301523 19322.022381 18929.294542
329.301608 18719.774752 19178.620602
330.304564 19376.173149 18887.448356
331.305351 18866.736015 19192.242629
332.308176 18643.811433 19008.544545
333.309995 18598.315497 18714.049934
334.310393 18316.315560 18515.121052
335.311379 19561.384629 18224.955269
336.312737 19942.561566 19036.514252
337.315263 19485.108782 19859.394041
338.316325 19487.557222 19948.536228
339.316669 18478.578155 19879.086790
340.320629 18927.273593 18989.745379
341.322399 19920.269662 18753.804446
342.325668 19570.439255 19423.948318
343.327208 19324.714865 19620.727785
344.329462 19006.299201 19522.252093
345.333035 18709.779494 19184.818192
346.333259 19846.530897 18749.081714
347.335226 18901.314160 19373.951472
348.337080 19125.214363 19095.618654
349.338250 18747.007188 19075.801274
350.339863 19492.278317 18794.590475
351.342516 18595.442719 19201.042600
352.344737 19528.325141 18804.450894
353.349024 19810.489864 19253.564813
354.349999 18587.971654 19758.435397
355.354051 19856.285880 19106.995648
356.355328 18143.031569 19602.755445
357.358250 19171.247773 18629.077219
358.360338 18949.182946 18791.888846
359.362165 18437.641251 18801.585771
360.362480 19549.989109 18459.677256
361.362945 19529.523876 19117.474891
362.365108 18957.561294 19539.153338
363.367159 19013.439453 19318.613259
364.367523 19129.572932 19159.988848
365.369276 19361.188123 19131.139403
366.371529 19432.224135 19290.034456
367.372121 18005.891511 19440.547408
368.373307 19410.477657 18443.973598
369.374086 19252.995288 18889.605781
370.374155 20158.694085 19124.528065
371.375895 18902.905146 19953.380110
372.378037 18925.019111 19477.292922
373.378623 19016.813355 19112.237858
374.380337 18530.744829 18951.751322
375.383808 18812.616764 18523.222168
376.386232 19160.387553 18522.242207
377.390755 18793.829468 18855.173958
378.391689 19123.402465 18823.024668
379.392060 18803.413600 19046.830971
380.394081 18890.669933 18937.885347
381.395173 19894.778755 18915.236848
382.397338 19899.015586 19650.852487
383.397893 19328.190146 20082.819496
384.399765 19460.326591 19824.732943
385.401618 19203.185278 19670.656301
386.402347 19126.006143 19348.179568
387.403956 18930.895601 19092.808277
388.406578 19309.574732 18827.089192
389.408443 18334.728985 19004.190600
390.409730 19512.690431 18437.953027
391.412995 19011.515275 19012.499314
392.414094 19146.249302 19048.938870
393.415437 20155.280566 19158.853269
394.416509 19358.881787 19967.432925
395.416564 19474.451657 19821.385579
396.416910 18329.201669 19719.413361
397.419438 18481.152250 18748.249335
398.422303 18630.790692 18271.868341
399.424122 19624.220667 18198.227652
400.427720 18449.197573 19014.620550
401.429082 18671.315390 18693.949707
402.431191 19653.832175 18639.014615
403.431760 19237.373165 19356.509851
404.434863 19318.032532 19477.243793
405.437927 19434.723252 19538.137632
406.437941 18854.944664 19601.076317
407.438367 20443.601273 19156.123452
408.439477 19472.615292 20049.844779
409.441190 18975.511238 19866.905080
410.441735 18190.704277 19304.034743
411.442128 18440.215001 18351.863478
412.445261 19803.415478 18022.621088
413.449455 19262.654270 18984.798729
414.450938 19598.478987 19264.970831
415.453724 19715.126927 19656.346279
416.456459 19274.249849 19925.053135
417.458674 19816.556444 19676.267203
418.460147 19573.894247 19858.099844
419.462381 18802.066987 19756.633667
420.463305 20422.574876 19081.345279
421.465930 20073.321883 19889.262429
422.469341 18794.843953 20164.609371
423.471557 19058.034445 19320.602522
424.473228 19782.288936 18964.552325
425.474511 19250.838869 19353.088625
426.476015 19744.581084 19256.069302
427.476114 18660.689027 19576.558693
428.478945 18883.420998 18965.889944
429.479551 20406.509745 18751.304319
430.480878 18550.288389 19819.357236
431.482099 19111.535271 19108.005805
432.483466 19533.091451 19033.835897
433.484212 18556.050214 19332.342921
434.487209 18399.455349 18799.002638
435.488957 19993.484070 18354.148242
436.489429 18986.878108 19338.569361
437.490694 18623.827837 19239.554127
438.492858 18659.018401 18854.589802
439.494218 18848.918412 18630.810071
440.494557 19006.348893 18668.397296
441.498910 17898.943753 18850.394049
442.499775 19204.189212 18149.827281
443.501841 18782.075673 18715.757109
444.504574 19253.093334 18804.244895
445.505165 19142.054996 19196.209728
446.506277 20063.330346 19323.134293
447.506567 19205.301298 20032.283263
448.511038 19540.521855 19751.097733
449.512215 19571.805445 19725.471277
450.516367 19455.001372 19689.883386
451.518736 19040.978938 19554.966900
452.519427 18956.335087 19152.000450
453.521733 19773.103164 18859.278959
454.521973 18289.940506 19349.758303
455.522239 20035.153949 18588.462197
456.522928 20282.563796 19442.093803
457.524858 18992.028769 20202.732028
458.526700 19161.116062 19635.107812
459.527767 20069.185797 19317.341413
460.528989 18753.866283 19800.454178
461.529895 19108.562420 19122.703828
462.532554 19028.122210 18957.641371
463.532850 19202.742050 18852.510246
464.534078 19169.649921 18974.812555
465.534470 19442.428561 19068.126986
466.538480 19850.851191 19344.748916
467.539632 19311.010112 19813.796765
468.541057 19559.342999 19652.703486
469.541809 18533.774718 19672.983169
470.543483 18508.096728 18885.536757
471.544104 19267.592968 18384.614549
472.544274 19031.271272 18734.646169
473.547097 18566.126349 18865.657408
474.548276 19204.324051 18623.707801
475.551729 18343.588972 18966.985911
476.553710 19617.792001 18552.408192
477.553786 18653.542383 19248.566799
478.558681 18870.530445 18965.765189
479.561758 18515.211763 18909.049730
480.563442 19697.322373 18604.573167
481.565132 18830.747766 19316.577493
482.567372 19896.859605 19117.834920
483.569153 19253.084839 19746.275724
484.570520 19644.364662 19615.311022
485.571683 20251.593760 19752.731993
486.572865 18838.489426 20249.772469
487.575695 19709.560113 19438.919779
488.577533 19854.726230 19536.688861
489.579779 18804.261115 19737.665803
490.580436 19304.728498 19079.570544
491.582414 19784.811429 19057.046095
492.582990 18872.194926 19467.766669
493.583220 18692.729571 19067.925769
494.583953 19022.809537 18684.473592
495.585709 18766.117604 18742.371473
496.585731 19332.565317 18648.910979
497.588874 19399.385717 19056.318174
498.589031 18620.169810 19379.198857
499.590782 19198.304749 18961.273983
500.593581 19593.498330 19100.636707
501.596671 19442.891890 19491.130265
502.599424 18984.118956 19599.014230
503.603708 18631.652351 19269.845928
504.604410 18717.620491 18769.480079
505.607305 18855.903411 18549.316328
506.610714 19049.779054 18585.022683
507.611643 18936.853609 18816.002775
508.614401 19653.163614 18905.242807
509.616139 18950.360492 19494.998027
510.616166 18820.686141 19302.314693
511.620225 19887.133976 19020.728712
512.621296 17537.597763 19629.760955
513.622691 19617.432866 18236.468173
514.624613 19410.870239 18924.980506
515.625729 19737.361817 19287.427792
516.626527 19717.731233 19744.380730
517.629944 18899.083113 19956.379533
518.630753 18928.653992 19388.730770
519.631133 18842.396858 19004.672633
520.631432 18595.149071 18728.946054
521.632698 18519.372100 18434.009625
522.635192 19088.990322 18269.993544
523.637988 18788.180351 18677.543809
524.640579 19632.800995 18758.573092
525.642196 19837.646653 19439.955031
526.645404 19278.786607 19982.491735
527.646344 19480.486163 19798.403782
528.647465 18983.803350 19727.730179
529.648309 19498.168198 19258.070264
530.650282 19221.984722 19340.447213
531.651505 18445.521067 19213.928328
532.653270 18124.424479 18570.335242
533.656557 20073.042170 17976.512714
534.658957 19288.489045 19178.042660
535.662349 19729.778016 19414.142666
536.666099 18476.883768 19831.745993
537.668831 20197.466244 19075.384976
538.671958 19593.859246 19838.016022
539.674393 19815.252805 19856.488853
540.678192 19117.499347 19966.113035
541.679981 19511.160232 19459.894976
542.681211 18971.058998 19416.432702
543.684306 18423.241307 19013.307522
544.685798 18948.236231 18390.319533
545.687272 18220.113279 18480.802175
546.689105 20191.121207 18096.809796
547.689815 19466.906126 19413.895423
548.691064 19555.891502 19723.583372
549.691674 19441.551066 19880.997067
550.694436 19460.672481 19792.672196
551.698193 18396.473622 19675.070539
552.701132 19692.511541 18764.521052
553.704531 18914.411879 19189.262890
554.707322 18812.453644 18943.871225
555.709805 19004.210482 18737.341880
556.712015 19926.663547 18796.672777
557.712512 18972.655110 19570.062450
558.714210 19064.165796 19330.401234
559.718003 19346.445919 19189.767109
560.720374 19690.101119 19299.759811
561.722609 18841.284773 19624.169089
562.723755 19721.135943 19166.244476
563.726898 18787.491972 19515.930621
564.727393 18908.292552 19041.842045
565.729377 19870.655460 18831.810675
566.730271 19186.426892 19467.687639
567.733354 18599.037938 19373.196651
568.736039 18644.760777 18838.717002
569.736073 18519.058008 18545.849541
570.737874 18995.363407 18329.866543
571.740012 19630.736277 18626.401959
572.740588 19033.245298 19343.439682
573.741574 19178.125110 19325.664458
574.744328 20004.185680 19352.331915
575.746181 18622.041848 19941.659370
576.748913 18991.100228 19215.346800
577.751458 18798.539520 18980.658063
578.752488 19343.335164 18721.503704
579.753703 19993.232340 19019.782212
580.754227 18996.269951 19737.232586
581.758013 18227.998152 19412.235919
582.760800 18410.116922 18569.542245
583.764376 18788.643736 18199.398462
584.764728 19064.916861 18350.901296
585.765146 18318.429438 18743.293167
586.769080 19277.658323 18460.029458
587.771539 19253.781854 19002.419263
588.772543 19315.482713 19324.516579
589.773148 18946.049178 19514.157199
590.776586 19037.893772 19282.233737
591.781273 19906.184577 19151.109311
592.784154 20225.242706 19708.461317
593.784397 19615.571022 20275.861732
594.784562 18861.653562 20089.653420
595.784965 18536.845316 19312.590569
596.785895 19378.671871 18567.718708
597.789036 17849.047549 18818.934345
598.789895 19842.302253 17937.258304
599.791282 19380.240667 18969.308623
600.793664 19441.539593 19357.036001
601.796615 18456.882437 19602.675050
602.797020 19464.922197 18946.717844
603.799632 18580.426909 19252.310209
604.801155 19044.135924 18794.887922
605.802940 19482.342862 18860.343287
606.803167 19744.213843 19267.674332
607.806185 18629.400294 19721.410222
608.808812 20113.484868 19117.868911
609.809828 19475.633380 19807.044532
610.812234 18920.379019 19749.853810
611.815923 19733.161965 19236.262571
612.819088 18658.704681 19510.083273
613.821791 18573.338683 18896.920334
614.823326 19181.374767 18466.760453
615.827244 19436.067654 18734.352133
616.828374 19695.549344 19170.923297
617.830158 19326.638821 19650.106235
618.832984 18624.119897 19624.375590
619.835085 19280.184339 19010.186881
620.837539 18439.736840 19098.624113
621.840334 19385.807557 18557.897161
622.843161 18880.331549 18967.546643
623.844786 20264.227063 18897.829606
624.847157 18604.429207 19896.518209
625.850053 18688.408889 19242.941332
626.851478 18778.525643 18819.509623
627.855096 19399.615594 18642.606151
628.858327 19123.320927 19053.951751
629.858721 18117.643533 19138.819512
630.860490 19343.110734 18423.120700
631.864116 18685.803023 18908.002404
632.866661 19487.586079 18766.239554
633.868308 19012.621156 19276.586289
634.869173 18911.809252 19228.285912
635.871352 19096.052016 19074.610606
636.873489 18961.950417 19095.254688
637.874976 18941.073815 19005.199862
638.876766 19095.696247 18933.702636
639.876907 19548.844093 19015.763642
640.877933 19395.215905 19416.638180
641.879948 18975.819395 19534.905787
642.880428 19235.696905 19244.569737
643.882594 19461.461958 19227.122259
644.883856 18691.625693 19389.865972
645.886746 19346.483604 18911.759626
646.888691 19514.978749 19108.816403
647.890045 18609.540307 19393.132951
648.891826 19114.369455 18886.673843
649.894898 19518.052713 18942.782766
650.898635 19047.957438 19316.496343
651.900227 19351.285466 19201.170768
652.900974 18667.719028 19332.700669
653.901584 18918.929574 18890.436990
654.903777 18572.394293 18802.033570
655.907456 18442.833902 18527.154400
656.910510 19267.273412 18303.854495
657.911096 19699.785070 18845.279027
658.914367 19226.034257 19545.873632
659.916928 19260.649086 19579.335685
660.917827 18492.497913 19533.702476
661.920338 18758.233125 18866.509144
662.923238 18531.077545 18638.711079
663.925653 19685.672821 18384.325874
664.926652 18804.294513 19159.767645
665.928297 19412.548000 19017.931094
666.929313 19520.575778 19349.793789
667.929347 19723.237430 19612.434522
668.931774 19775.071044 19872.786442
669.934763 19220.765856 20004.450359
670.937201 19004.459634 19597.208598
671.940116 19469.291805 19137.247366
672.941325 18976.444490 19222.693945
673.941532 20461.838358 18957.431213
674.942446 19632.885854 19943.598567
675.943968 19435.888110 19944.527814
676.945756 19478.430180 19719.333639
677.946283 19529.672875 19567.781722
678.948922 19085.833370 19508.099899
679.950417 18690.739835 19150.772603
680.952692 19879.376085 18659.553995
681.955382 18710.103670 19313.218339
682.958046 19148.713010 18904.635636
683.960168 18810.260293 18980.668298
684.961702 19113.238730 18806.856269
685.965572 19687.544855 18948.035089
686.966098 19222.735898 19490.655002
687.967193 19079.624933 19462.580705
688.969220 18837.346200 19281.249130
689.971491 19065.053210 18958.468244
690.971992 19858.894379 18937.577547
691.972345 19261.066321 19554.381992
692.974815 19855.810271 19490.541267
693.978077 18768.221976 19847.310130
694.980909 18952.624924 19212.128376
695.984085 19531.578133 18921.863110
696.986698 20009.935474 19218.635837
697.989539 18977.466413 19804.025780
698.990269 19325.862079 19373.846380
699.990716 19304.962808 19320.958438
700.992288 18939.541333 19280.065924
701.994347 19389.054077 18991.777782
702.996417 18935.979608 19171.709157
703.997360 18422.380916 18976.205222
704.999109 19450.666797 18483.197833
706.002286 19315.489781 18992.704319
707.002568 19366.440740 19260.565420
708.005167 18746.561104 19446.440280
709.006975 18586.700850 19054.468098
710.007172 19392.665509 18661.610068
711.010585 18932.320620 19050.927243
712.012713 18908.551592 18985.761730
713.015961 18792.914084 18921.991925
714.015981 19205.608384 18800.018808
715.017748 19303.556773 19046.776794
716.020073 18532.903125 19283.324977
717.022969 18696.350663 18828.666780
718.024786 19041.213812 18649.982422
719.026436 18454.566428 18830.879665
720.026577 18573.787744 18533.926285
721.030074 19497.338517 18455.025618
722.033297 19628.199209 19137.928896
723.033616 18874.151859 19667.378459
724.034092 19792.395407 19356.772916
725.036193 18591.361355 19769.497541
726.277845 20052.958572 19080.808781
727.278361 18899.235000 19710.300457
728.279329 18359.188843 19245.418145
729.280068 18525.219149 18521.396585
730.281738 18997.371537 18243.356599
731.284111 20085.366494 18528.916534
732.288548 19913.313322 19604.806471
733.291730 18737.297233 20133.851566
734.293570 18781.355112 19461.227485
735.296261 19445.619418 18976.976291
736.299690 19098.106184 19184.143629
737.301906 19873.376057 19092.461320
738.304916 19342.083082 19629.483786
739.307300 20289.938198 19560.498355
740.308165 19474.799721 20182.293158
741.308553 19492.565087 19908.747962
742.310144 18727.336021 19676.812328
743.310166 19154.405990 18940.860902
744.310773 19626.412496 18839.806445
745.313378 18766.897312 19221.933983
746.313497 18331.196639 18869.480992
747.314840 19041.988232 18340.833071
748.316468 18763.959547 18607.193698
749.316567 18458.437348 18640.551131
750.318546 19334.329723 18458.940302
751.322095 19038.164380 19024.928431
752.325486 19868.278500 19163.148810
753.326021 19460.527276 19823.598483
754.327299 19266.860583 19859.179906
755.330044 19011.429447 19632.057440
756.331000 18940.740164 19235.623641
757.334160 18823.605875 18928.341231
758.334514 18170.375992 18689.949042
759.334668 18979.053217 18114.244744
760.338944 18974.586554 18446.933325
761.341871 19852.506889 18742.957592
762.345156 18979.123964 19607.317216
763.345704 19901.950043 19445.757254
764.348312 19756.230330 19940.438509
765.350392 19222.668092 20068.867235
766.350753 19143.222096 19654.750693
767.354204 20096.576126 19280.087275
768.358824 19005.970920 19773.554794
769.360393 19724.019401 19283.089982
770.360472 19831.713756 19507.114171
771.361726 18777.475505 19754.123339
772.363272 18561.021686 19106.346839
773.365687 19400.316137 18537.900391
774.366810 19086.344982 18888.928329
775.367110 19082.900631 18956.810884
776.370062 19456.124337 19020.552422
777.372252 19231.301902 19347.928024
778.373742 18589.567643 19370.048076
779.374439 18676.541491 18865.120865
780.375374 19436.197898 18608.999339
781.376920 19473.716462 19067.566420
782.380540 19695.059668 19417.146753
783.381355 18800.964080 19772.086751
784.383997 19750.414672 19259.728288
785.387256 19381.172979 19600.945949
786.388564 20026.682041 19531.990690
787.389920 18460.789245 19943.940429
788.390066 18105.504116 18996.181105
789.392575 18998.507049 18121.989631
790.394055 18450.148670 18350.524715
791.394216 19036.511458 18215.519056
792.394826 18227.570645 18646.445722
793.396823 18874.127710 18352.719879
794.399649 18861.314018 18659.487448
795.400898 18738.484385 18856.921029
796.403224 19519.491245 18864.613841
797.406674 19230.846004 19422.683029
798.409819 18678.670747 19509.435745
799.412380 19316.111876 19069.033226
800.414867 19055.723393 19229.322193
801.415726 19591.773080 19135.872735
802.418020 19396.420583 19471.147936
803.421493 19901.480084 19522.427449
804.423648 19261.774645 19895.360116
805.425906 18901.079344 19603.577362
806.428330 18957.954189 19101.713830
807.431769 18130.984749 18843.279576
808.432649 19991.079835 18122.504023
809.434282 18700.156056 19159.307742
810.435655 19719.692590 18917.459790
811.436988 18680.481318 19506.862282
812.438247 19433.762809 19075.362650
813.438545 18926.261407 19325.853620
814.439251 18980.479352 19097.450351
815.443207 19233.536308 18981.114939
816.443784 19365.321513 19112.581053
817.445260 19867.954426 19307.391828
818.446144 19149.236157 19796.254321
819.446471 18677.847175 19519.571892
820.448564 19352.734090 18935.105008
821.449923 20174.631179 19084.722293
822.452523 18629.010524 19842.956702
823.454580 18657.448643 19145.777034
824.455479 18596.472668 18689.324162
825.458849 19161.042917 18407.396865
826.461066 18322.356976 18737.129854
827.461414 19436.412349 18378.960159
828.464321 20203.531552 19021.266045
829.464421 18727.684258 20021.544966
830.466184 19586.143223 19460.295603
831.470236 18878.382298 19640.362309
832.471633 19846.940499 19186.020197
833.474306 19335.660908 19608.358317
834.475776 17776.734970 19495.713229
835.475869 19482.190758 18230.183151
836.479253 18905.817853 18763.147908
837.482262 18509.214565 18777.111320
838.485516 19340.471722 18518.817193
839.487594 18879.750370 19010.712341
840.491453 19071.835217 18993.558746
841.492525 18945.002033 19100.593490
842.495606 19030.798155 19051.796405
843.497836 19347.276597 19065.046362
844.500850 19368.356315 19300.468120
845.502649 20143.139393 19445.690907
846.507684 18355.586814 20080.055961
847.509349 18171.469825 19072.344912
848.509575 19448.545307 18251.212121
849.511724 18341.192459 18778.516762
850.514029 18852.258204 18379.161584
851.514318 19325.033285 18553.291022
852.515174 19422.572090 19069.678847
853.518549 18820.480285 19464.865473
854.521252 19121.282870 19200.316586
855.524320 18575.023396 19198.685006
856.525997 18239.629396 18768.824077
857.529088 19129.130743 18253.897942
858.529513 18530.114450 18659.993749
859.529856 19659.952668 18531.063680
860.531032 19370.184473 19313.740002
861.534337 19206.759470 19574.305183
862.535997 19149.234235 19530.988844
863.536355 18226.674739 19385.129404
864.537823 18934.631167 18561.306270
865.540246 19088.603092 18596.704142
866.540311 19355.708085 18814.363777
867.543364 18309.341125 19192.082168
868.543720 19375.758894 18637.072623
869.546019 19440.182317 19077.448303
870.549748 19266.730576 19420.531357
871.552435 18983.051715 19466.896819
872.554983 19272.812231 19227.278843
873.556549 18678.778750 19263.733460
874.556634 18500.192820 18838.705351
875.559100 19206.464600 18452.270198
876.562413 18526.717483 18800.737113
877.564577 18981.672346 18566.592104
878.565777 19203.076325 18780.767092
879.566733 19285.284808 19104.133883
880.567443 20427.803703 19352.209252
881.569981 18268.288443 20316.404997
882.571021 19261.224427 19206.716100
883.573681 19214.658814 19161.966726
884.575163 18859.894090 19129.482254
885.578006 19430.154652 18868.460615
886.580086 19232.083178 19163.503586
887.584016 19711.238415 19229.134232
888.587016 19452.964667 19622.053220
889.587221 19256.433297 19647.103701
890.590581 19446.373071 19463.695656
891.592828 19418.846093 19462.630874
892.595091 19269.055916 19437.388799
893.595372 19251.071798 19307.789452
894.595468 18663.184767 19219.818306
895.595952 18809.292272 18742.730832
896.596720 18559.061212 18593.881209
897.599096 19026.121009 18385.635868
898.602834 19412.296494 18675.164381
899.605342 19070.105403 19197.299408
900.606929 19131.778953 19255.472875
901.608580 19754.709505 19284.472903
902.610525 19891.035021 19727.997344
903.612075 19124.148722 20058.681741
904.614998 18811.136216 19606.947536
905.617402 19230.767732 19025.621350
906.621352 19457.614444 18996.060610
907.622754 18964.249096 19210.092055
908.623851 19030.492197 19008.964364
909.625951 19506.659463 18946.904027
910.626796 19132.872317 19293.896350
911.627052 19460.985354 19240.242931
912.629530 19039.942190 19432.658346
913.631663 19514.075421 19220.165432
914.632829 19301.313844 19424.463088
915.633191 19173.158956 19389.443816
916.633939 19332.936280 19253.785521
917.635648 19246.655712 19285.632725
918.635692 19507.153406 19248.671790
919.637506 18152.675198 19425.060574
921.273742 18618.067292 18517.919518
922.274770 19633.735703 18322.081980
923.275823 19783.708657 19059.910848
924.278174 18947.147141 19684.761211
925.279013 19021.229661 19394.502117
926.279887 18999.379817 19193.095716
927.280568 19351.120287 19033.038619
928.282283 19001.116844 19208.400722
929.282486 19293.890819 19069.259083
930.282820 19360.179844 19202.233185
931.284629 19199.019493 19341.351413
932.286031 19140.500723 19294.747372
933.286835 19223.326178 19203.624303
934.287090 19017.114139 19204.400966
936.273782 19367.909838 19054.861570
937.273786 19130.359112 19233.751790
938.274503 18823.434092 19178.573366
939.275575 19074.160169 18908.736826
940.279015 18969.319474 18940.537430
941.280713 18669.706397 18911.212896
942.282657 19246.073270 18686.367465
943.282861 19107.741243 19002.054637
944.284159 19149.157550 19117.153861
945.284731 19478.226725 19203.412550
946.286098 19476.137054 19479.780025
947.286242 18890.097284 19616.008185
948.288089 19185.119593 19209.624654
949.289906 19615.869606 19147.817778
950.290651 19524.980955 19449.302303
951.290684 19118.581491 19573.519904
952.291430 18965.308763 19318.694369
953.291940 18880.171668 19026.298836
954.293134 19056.175427 18801.000730
955.293312 19310.329781 18840.147230
956.293953 19153.838406 19104.343295
957.296034 19510.554535 19170.569418
958.296411 19377.214767 19467.036823
959.298524 18794.735990 19526.145128
960.299274 19282.615945 19081.607607
961.299706 18929.489617 19153.530908
962.299954 19073.124533 18956.919073
963.301460 18660.940221 18959.481978
964.302672 19260.087758 18680.035835
965.305212 18693.677987 18984.899513
966.308668 19614.459833 18781.321085
967.311481 19363.287240 19348.207481
968.311766 19223.142923 19509.834322
969.312418 19440.058380 19448.902735
970.313572 19419.775068 19524.683581
971.316589 19980.372064 19526.205220
972.317079 19194.613969 19920.806248
973.318396 18725.907780 19543.679645
974.319614 18960.017045 18916.320283
975.320912 19025.939776 18730.619424
976.324429 18980.811029 18744.560449
977.325393 18691.681115 18788.029232
978.326663 19580.735264 18641.111638
979.328540 19292.726919 19247.085822
980.329907 19107.301730 19417.479015
981.331607 18912.767159 19332.418696
982.331989 19066.317328 19087.708367
983.332652 18673.450482 19036.780527
986.269987 18698.086559 18724.050673
987.270588 19011.751997 18573.512756
991.269987 18487.723416 18764.636326
992.269988 18726.032497 18528.955593
996.269987 18664.127323 18579.538993
997.270217 18956.374243 18595.025189
1001.269987 18949.826146 18839.229010
1002.270630 18876.731218 18985.706156
1006.269987 18944.190911 18995.153531
1007.270144 18822.959010 19020.866410
1011.269987 18574.688338 18923.630049
1012.270378 18722.969454 18663.641105
1016.269987 18847.014976 18622.619278
1017.270444 19036.645294 18720.230050
1021.269987 18726.781164 18942.954406
1022.270394 18792.425389 18845.341208
1026.269987 18770.792479 18816.127767
1027.270070 18970.582122 18779.370769
1031.269987 19144.117206 18908.689931
1032.270270 19339.157707 19118.973872
1036.269987 18604.438099 19376.682052
1037.270162 19314.793698 18945.115349
