95.003761 19090.764907 0.000000
96.004890 18814.377136 19090.764907
97.005565 19466.756947 18537.989365
98.005694 19022.059985 18958.177281
99.005714 19510.358633 18961.893434
100.008294 19373.646655 19345.017134
101.009430 19225.227263 19475.380375
102.010813 18922.072661 19403.814022
103.012305 19576.294502 19096.018204
104.012835 19754.916417 19389.300290
105.014952 19019.825104 19716.656322
106.017140 18999.531775 19338.580877
107.018237 18132.633318 19054.634215
108.019594 18801.022671 18248.711431
109.020062 18830.869268 18318.022526
110.021488 19404.119152 18495.813057
111.022228 19765.049053 19098.409789
112.023783 19502.476141 19746.832921
113.025591 18728.664754 19878.668836
114.025758 19376.959468 19270.180080
115.026120 19423.224857 19316.777905
116.027415 18610.961053 19389.821251
117.028652 19019.769030 18825.495972
118.030884 19293.941770 18796.305586
119.032957 18921.738673 19043.205809
120.034554 19614.605653 18950.187588
121.034934 19812.593902 19416.216484
122.037073 19902.096916 19847.319411
123.038161 19565.546853 20121.316757
124.040482 18459.547740 19951.097923
125.042223 19275.734527 18940.101404
126.044864 19324.741077 18926.604819
127.046043 19676.667315 19043.893865
128.046576 19024.520863 19436.694870
129.048506 19163.347608 19203.978645
130.050949 19583.473915 19146.876145
131.053265 19032.286329 19437.537492
132.055835 19611.822446 19205.961581
133.056505 19517.383673 19481.406901
134.059366 19570.121048 19580.904367
135.060222 20270.879736 19654.325958
136.062202 19953.566150 20195.554542
137.062406 19850.341576 20247.014943
138.063650 18825.420885 20121.964515
139.064586 18845.662379 19222.843048
140.064958 19232.244150 18689.107894
141.065690 20351.458469 18751.315267
142.067660 19594.216492 19742.061913
143.068768 19107.471087 19821.852892
144.070461 19763.117042 19439.780228
145.071719 19233.628085 19657.401078
146.071769 19257.802782 19395.523776
147.073440 19372.800841 19242.242224
148.074654 19061.382626 19255.740132
149.079341 18978.153080 19058.190602
150.082085 19148.443659 18897.791684
151.084376 19405.635618 18965.400508
152.086809 19362.422826 19237.859677
153.087786 17989.859008 19383.623653
154.090382 18962.700549 18421.782571
155.093149 19304.830383 18562.512295
156.095415 19602.580025 18989.521596
157.097864 18633.353026 19505.165674
158.098119 19219.970891 19060.421052
159.099957 19667.407879 19171.245134
160.100587 18854.267602 19574.416355
161.102554 19003.555030 19189.394638
162.103896 19875.200673 19025.067592
163.105480 18794.319086 19591.260161
164.107675 19017.775518 19134.680383
165.108573 19085.850343 18988.892494
166.111914 20079.228678 18974.275424
167.113088 19098.026440 19739.894370
168.115343 18478.437923 19471.635742
169.116547 19657.431552 18779.412714
170.117514 19537.601858 19242.302724
171.119206 20181.531516 19487.657666
172.119623 19369.172832 20105.768429
173.120630 19496.819167 19824.495569
174.121504 19129.298726 19665.763206
175.124608 19730.546222 19268.520684
176.125946 19706.641319 19486.029555
177.126541 19590.702134 19637.984481
178.129956 18914.435548 19644.171764
179.131765 20121.634544 19126.698059
180.132029 18837.150502 19720.294825
181.132678 19369.445646 19154.065107
182.135873 19808.453240 19190.942954
183.137035 19326.445380 19583.263247
184.137413 18809.386176 19474.214996
185.138305 19082.904543 18994.954064
186.138797 19397.920162 18914.070400
187.139641 19581.599668 19152.098819
188.141825 18974.652714 19470.327994
189.141970 18653.038591 19202.050284
190.142168 18934.592376 18769.851444
191.142937 19388.608027 18735.714150
192.145358 19172.338159 19108.876797
193.148972 18693.762090 19203.188527
194.151725 19735.481016 18883.699748
195.152867 19668.089809 19457.760139
196.155555 18281.244981 19763.677148
197.155854 19241.317601 18852.605197
198.160044 19356.215856 18974.283633
199.160061 19316.610237 19188.055034
200.163330 19106.257727 19307.276726
201.166673 19153.526808 19211.456566
202.166942 19173.539849 19172.698588
203.169686 19702.621859 19163.536435
204.173003 19911.728527 19558.267719
205.175561 19532.640364 19948.551897
206.178477 19615.340411 19850.172021
207.180286 19889.802100 19783.624205
208.180413 19690.400038 19914.125615
209.180505 19154.798397 19823.743894
210.183594 18637.887366 19343.515839
211.186273 19944.447569 18668.539178
212.189852 19124.915680 19303.308046
213.193217 18825.210862 19166.328444
214.196891 19115.116470 18862.706839
215.199010 18899.451820 18918.951248
216.203054 18999.702168 18834.366271
217.203765 19568.327522 18883.532930
218.204031 19910.709380 19363.627585
219.204476 18899.665868 19911.636290
220.204531 19250.479495 19427.126281
221.208560 19684.782726 19316.116394
222.211463 20532.672234 19569.929648
223.214416 19201.867834 20361.466676
224.214835 18995.693151 19801.933280
225.216563 19416.489570 19217.519208
226.219004 19288.510530 19185.452972
227.219792 19640.911969 19131.194724
228.221010 18413.705878 19407.695630
229.223073 19328.230544 18683.845600
230.225093 18849.667370 18940.279154
231.226061 20015.951439 18806.561398
232.228937 19281.224619 19625.192064
233.230011 20202.052313 19581.152127
234.230137 18861.396528 20174.771051
235.231531 19449.383557 19472.908990
236.231714 18952.297177 19410.090116
237.235097 19483.968633 19015.689254
238.235202 18733.976109 19201.394396
239.236310 19144.803033 18802.396133
240.236968 18874.384064 18893.912188
241.238980 18586.602419 18799.578701
242.242513 19068.025797 18555.277064
243.243960 19148.954689 18802.025118
244.245324 18759.888460 19052.595983
245.247668 19015.482038 18910.171421
246.249312 18695.797865 18993.083583
247.252007 18676.835975 18800.376148
248.252119 18704.217837 18663.656442
249.255502 18980.733609 18619.127869
250.259849 18166.738760 18825.522903
251.261244 19209.584676 18357.026960
252.262643 18730.859280 18857.341376
253.264757 19650.946803 18836.515362
254.267107 18735.664924 19489.753976
255.267797 18657.790984 19170.210081
256.271303 19116.711937 18843.396389
257.273288 19123.071689 18977.778907
258.276179 19218.996596 19084.473237
259.277422 18469.643867 19219.413695
260.278080 19624.608036 18724.765103
261.278317 19691.595939 19279.883625
262.280498 18838.151740 19693.864916
263.281500 19259.419455 19260.205168
264.283032 19614.340806 19253.812724
265.286909 18676.369972 19518.209197
266.287505 18760.237832 18970.962210
267.291967 19798.544904 18686.591553
268.295788 20162.627978 19341.548098
269.297449 19555.810126 20056.337877
270.297579 19376.405902 19985.191903
271.298253 18676.926201 19707.720304
272.301123 20089.841097 18961.546128
273.304080 19762.822856 19576.990230
274.304995 18938.414427 19767.661317
275.308508 19379.170710 19243.480924
276.309384 19468.483211 19235.691315
277.309961 18963.553332 19334.650735
278.313364 19634.815613 19038.891155
279.314836 18968.227724 19375.623620
280.318678 18613.883869 19108.846934
281.319627 19527.454690 18674.545897
282.322865 19508.940893 19127.407987
283.324965 19075.075757 19439.965360
284.325887 18646.326375 19288.089078
285.327696 19418.657393 18837.335570
286.328122 19206.339852 19143.454781
287.330872 19336.796428 19206.076884
288.333528 18485.120097 19335.296109
289.335222 19285.044630 18761.523553
290.336869 18932.861832 19005.479811
291.339505 18188.742933 18933.212046
292.341162 19043.051161 18338.901436
293.342465 19315.512854 18644.937676
294.342824 18864.497848 19101.830437
295.345751 19929.304790 19045.436167
296.349021 19199.839913 19770.609660
297.350605 18906.203144 19625.771531
298.353976 19740.525555 19226.641985
299.354637 19018.171824 19572.709310
300.359220 18279.276592 19245.931736
301.362621 19033.392229 18471.431547
302.363232 18600.937620 18601.729441
303.364775 19477.883301 18450.453128
304.367867 20391.538945 19070.145355
305.370321 19022.021636 20167.167689
306.376233 19463.703173 19744.633688
307.377988 19014.093259 19683.974827
308.379712 19265.021815 19261.370048
309.382616 19615.171001 19176.444878
310.386762 19212.947337 19418.738416
311.388930 18683.213372 19287.325584
312.392089 18644.510948 18805.724132
313.393293 19797.033979 18505.268898
314.395466 19062.181766 19254.244067
315.398931 18449.643958 19213.289970
316.399324 18839.850270 18695.632514
317.403086 18692.765010 18667.961381
318.404778 18652.971763 18586.784092
319.407624 19464.673138 18542.845742
320.409728 19086.755749 19157.184103
321.412027 19977.549907 19257.787501
322.414361 18241.037506 19933.426880
323.414824 19502.964010 18979.893026
324.418747 18769.964652 19264.857097
325.418860 19311.448299 18917.116342
326.420637 19192.340473 19112.570777
327.421220 19332.475546 19170.686505
328.423821 19610.762737 19310.259167
329.424996 19032.419596 19594.314985
330.427583 19167.905226 19306.697477
331.431353 19573.761334 19195.933475
332.433303 19555.611461 19437.936493
333.436472 19829.855732 19579.281807
334.437141 19496.729795 19849.720081
335.437632 18417.182673 19730.128678
336.439995 19559.844492 18802.322914
337.442072 18793.799473 19099.131336
338.444044 18972.913711 18788.180072
339.445477 19556.487890 18768.444969
340.446480 18561.910632 19247.375237
341.447697 19332.427928 18818.185591
342.449292 19811.413771 19117.410000
343.452606 18739.489983 19680.016069
344.454441 18987.744895 19190.225688
345.457302 19470.682635 19018.837755
346.460601 18480.918137 19287.573879
347.463968 18982.607694 18725.395756
348.466336 19101.221035 18759.454457
349.467541 19311.785076 18921.232123
350.469763 18879.649119 19205.041214
351.470152 19720.940495 19049.529758
352.470687 18541.906052 19560.272402
353.472633 18820.084526 18971.534915
354.473905 18924.930289 18778.392811
355.476158 19184.955634 18770.879010
356.479614 19399.659798 19000.653938
357.479801 19275.040925 19322.644949
358.479931 18462.794369 19409.430012
359.482184 19162.939719 18810.040355
360.482424 19222.324309 18948.643042
361.485676 20584.433688 19116.056997
362.487066 19518.292659 20247.912838
363.490620 19577.895677 20098.365198
364.493334 18977.148580 19923.275507
365.496643 19344.727494 19298.825381
366.496773 19048.630099 19181.865304
367.498615 19873.726903 18942.027766
368.501290 18624.230188 19467.582184
369.503839 18785.017957 18894.773036
370.505536 18721.784031 18661.323577
371.507946 19165.051558 18528.096998
372.510324 19013.351771 18842.356112
373.511782 19517.757577 18966.384690
374.511896 19111.123061 19418.445104
375.512303 19090.381229 19364.327542
376.514913 18228.890127 19258.411267
377.516907 18814.569695 18517.327294
378.520628 19374.854105 18513.935691
379.522912 19652.641872 19007.611699
380.525559 19027.736492 19554.601129
381.528712 19123.642826 19383.926995
382.530739 18374.666418 19281.472053
383.533734 18485.990945 18629.054968
384.536091 19712.774201 18322.742684
385.536841 19227.283233 19130.486049
386.537100 19418.230117 19315.811544
387.539123 19087.468611 19529.552376
388.539595 19365.179034 19360.521098
389.540853 20190.038761 19416.025155
390.543324 19149.876912 20049.710448
391.545697 19748.688568 19621.513786
392.546104 18511.931565 19738.614978
393.549928 19261.340817 18872.116220
394.550063 18837.572981 18910.877616
395.551695 20788.582199 18700.048237
396.552112 19429.511426 20092.271647
397.555065 18778.790434 19943.157910
398.557163 19350.760391 19252.148677
399.557166 19262.223886 19217.281967
400.559342 19802.252463 19166.815840
401.563358 18984.996222 19570.456220
402.563474 18863.298486 19217.283290
403.563558 18261.355080 18891.351756
404.566133 19161.088498 18269.915117
405.566885 19471.940362 18631.856852
406.567462 19007.403668 19178.274529
407.569706 18942.320631 19176.497305
408.572477 19098.797894 19084.523007
409.572785 18506.343322 19120.343210
410.572861 19383.474315 18688.526054
411.575974 19790.486403 19084.920038
412.579282 19518.239772 19663.014665
413.580109 19278.405421 19779.744940
414.582037 18475.994225 19592.858022
415.582373 18790.187867 18818.993016
416.583176 19239.681030 18581.956047
417.586611 18936.288909 18852.615389
418.586729 18756.372800 18857.167380
419.588684 19216.383370 18744.286676
420.591203 18667.577784 19035.875782
421.594373 18611.885296 18815.193043
422.598342 19094.675964 18626.178492
423.600026 19405.316048 18890.190919
424.602661 18808.439911 19306.298457
425.604145 18718.016893 19091.449521
426.608393 18306.367723 18845.455387
427.609734 20183.837681 18381.861819
428.612189 19386.688966 19539.293979
429.612894 18390.070681 19681.284449
430.613761 19517.938418 18931.167099
431.616687 18579.414827 19266.735122
432.619852 18805.797732 18793.427265
433.620796 19228.300443 18673.057406
434.623872 20405.923133 18962.934591
435.624176 19536.909000 20057.431664
436.624315 19298.230771 20040.042468
437.624626 19550.789484 19726.555831
438.624679 18882.739365 19652.150283
439.626466 18451.760818 19088.569720
440.629750 19373.238857 18432.087939
441.632477 19245.747745 18799.873798
442.635260 20004.213433 19031.489658
443.636523 18547.527776 19769.711376
444.637686 19213.083857 19104.933506
445.638207 20101.830153 19132.360200
446.639296 18834.079435 19832.814183
447.641259 19362.610061 19299.482129
448.644285 18990.831019 19312.863398
449.647290 19140.063774 19053.156417
450.649091 18774.891468 19019.646143
451.649799 19780.175706 18759.116184
452.650424 18912.884695 19386.758204
453.651289 19012.436573 19148.465332
454.652417 19114.447276 19045.087645
455.653399 19556.758084 19061.744060
456.656578 19900.169143 19414.981178
457.659864 19508.029595 19884.602258
458.660064 19737.700373 19829.199858
459.661704 18331.515376 19893.459176
460.665963 19341.081914 18832.010386
461.670803 18799.680877 18933.337142
462.673844 19017.330388 18679.885936
463.677031 19496.111129 18746.346201
464.677867 19132.534956 19206.407936
465.680449 18658.457424 19236.182472
466.683887 18209.470031 18869.599712
467.685839 19612.242858 18296.782215
468.688340 19147.772226 19040.625041
469.688723 19115.249057 19207.097934
470.690599 19070.735921 19251.110577
471.693157 19027.754345 19205.766667
472.696883 18969.385277 19117.100843
473.698123 19094.869414 19006.654506
474.699681 19213.013444 19036.227132
475.702940 19299.595549 19154.282039
476.705567 18736.352557 19292.928922
477.705808 19596.563529 18941.486776
478.706527 18609.071684 19359.640378
479.706770 18998.687193 18887.329082
480.710324 19285.107673 18873.820717
481.711584 18638.874481 19113.098513
482.714488 19526.666297 18791.064807
483.716882 19431.556427 19257.844235
484.717210 18472.713581 19487.107062
485.721706 19101.050553 18868.718682
486.725188 19243.497845 18931.775946
487.727729 18975.883753 19112.458698
488.729645 19667.544031 19034.849293
489.730367 18838.353059 19500.048413
490.732425 18846.957064 19152.628649
491.735274 19928.176010 18906.802873
492.736975 19541.325707 19579.842742
493.739607 18952.036737 19713.308267
494.742750 19163.190169 19295.078661
495.742782 19250.875609 19158.568451
496.743801 19651.751799 19157.232856
497.744019 19475.719957 19480.632889
498.745725 18763.034804 19553.088752
499.747461 19484.159645 19035.460620
500.748981 19428.179011 19249.383730
501.751106 19310.667162 19373.053788
502.753684 19454.125984 19360.536236
503.754034 19083.873854 19449.404308
504.756005 19686.140861 19217.329665
505.756999 19545.604637 19519.628647
506.758639 19536.046157 19607.004023
507.761609 19395.677049 19628.173004
508.764648 20096.826114 19510.448952
509.765447 18832.319856 19948.755749
510.766070 18588.010376 19256.547046
511.770039 18732.818231 18621.153787
512.770223 18514.593907 18403.777195
513.770921 19120.771834 18213.680915
514.771369 19015.939472 18648.494468
515.772156 19337.343238 18905.346315
516.773308 19446.888667 19302.473352
517.776703 19068.440336 19591.913414
518.779837 18884.554051 19416.541010
519.780376 19060.490707 19103.914926
520.780583 19957.005694 19024.714157
521.781489 19209.351442 19666.444150
522.784731 19814.554334 19499.208844
523.785334 19055.013436 19797.029009
524.786808 18783.881462 19380.664749
525.789330 18685.951324 18887.720811
526.789770 19251.740975 18541.841401
527.790350 19073.172959 18829.271415
528.794053 19482.404134 18944.677800
529.795325 19326.098652 19341.428163
530.796991 18601.169377 19457.818226
531.797448 19419.700717 18939.386408
532.797894 19772.150018 19209.514746
533.800580 19118.480845 19661.462384
534.802314 20038.236386 19424.856231
535.806206 18718.332222 19919.775964
536.809501 19490.504947 19206.922813
537.810489 18987.535323 19307.478134
538.812517 19251.734856 19026.285280
539.814901 19491.364530 19074.151013
540.816395 19025.898667 19322.202096
541.819627 19141.260062 19139.418848
542.823368 18665.941917 19106.168226
543.825723 19181.128368 18741.827265
544.828701 18205.639429 18927.075285
545.831695 19211.572880 18351.595862
546.831887 18528.728388 18781.817130
547.833444 18153.989800 18592.233333
548.838141 19038.208603 18200.511257
549.839984 19420.142746 18656.183957
550.840331 19082.674584 19265.977076
551.841965 19623.358173 19356.313931
552.843369 19104.891507 19738.585214
553.843587 19675.175323 19512.064095
554.844970 19182.946094 19724.723251
555.848189 19636.625310 19449.493925
556.851094 18879.772061 19585.501717
557.855781 18527.572053 19098.646574
558.857947 19187.430444 18536.350368
559.859986 18765.366546 18747.901480
560.862905 19407.206962 18647.011354
561.864529 19010.556647 19107.535400
562.866521 19721.459793 19115.227578
563.868610 18991.623650 19626.083294
564.870825 19569.116179 19357.978169
565.871974 19453.091495 19565.456374
566.875313 19744.920899 19583.091914
567.876764 19698.451378 19778.281633
568.877749 19496.381890 19832.684168
569.877967 19771.744893 19674.775122
570.879018 18972.388235 19757.744544
571.882218 18901.655057 19203.211848
572.884929 19075.362081 18815.189713
573.885530 19328.090194 18773.075250
574.888514 19215.598438 19017.135811
575.890380 18958.042594 19132.535870
576.892308 20068.569784 19017.834659
577.892779 19004.477885 19778.431429
578.893429 18875.627020 19433.195479
579.894236 19045.129933 19056.759956
580.896865 18228.264599 18950.386146
581.899982 19055.861818 18308.236187
582.902587 19545.341035 18587.866224
583.903848 18276.138795 19211.789555
584.906311 19858.777647 18655.237410
585.909042 19104.153733 19469.165823
586.910150 19045.319628 19407.565050
587.913122 19853.566212 19256.786255
588.913558 19712.318360 19734.715139
589.916469 19130.777314 19897.456460
590.918710 19263.432466 19496.386811
591.920756 19506.695492 19303.940977
592.921927 19211.568775 19380.038201
593.923726 19046.672451 19228.406098
594.923855 19826.796207 19024.708473
595.925732 19178.854109 19513.443472
596.928075 18677.685531 19350.192581
597.931030 18355.751812 18849.856085
598.931975 19478.107635 18315.194909
599.934063 18769.025856 18899.770413
600.938535 19606.757786 18804.831137
601.939508 20246.910923 19376.709126
602.942234 18459.284925 20200.275138
603.944627 19178.784041 19282.997592
604.946959 19685.856819 19158.054990
605.949891 19615.838112 19481.070535
606.952633 18301.250942 19641.260848
607.952656 19430.265033 18729.059943
608.955193 19673.410247 19012.767809
609.958107 19550.855063 19441.354958
610.959180 19349.965578 19621.745967
611.959339 19281.198476 19543.551632
612.960352 18964.753987 19404.482624
613.963047 18257.436445 19066.793717
614.965155 18185.306614 18341.951173
615.965842 18804.284573 17904.303847
616.967604 19724.640932 18219.964345
617.969422 20064.580509 19214.141920
618.971047 18999.600773 20093.810143
619.973502 19709.801450 19727.602044
620.975162 19500.160748 19895.148185
621.976819 19068.999627 19775.354045
622.978522 19083.778419 19323.287810
623.980818 19158.832091 19044.766741
624.981233 19441.406156 18971.549380
625.983024 18591.503586 19193.691926
626.983902 19571.826197 18729.264829
627.985535 19316.032753 19197.852928
628.987710 18815.997186 19333.795212
629.989217 19851.195006 19022.299064
630.990228 19218.842473 19591.373885
631.993340 19871.419255 19466.602176
632.996775 19316.777148 19831.708982
634.000161 19054.638581 19608.208374
635.002041 18888.397647 19226.996338
636.003850 18863.866293 18868.620180
637.003875 19462.186184 18675.977953
638.006527 18403.369492 19075.368842
639.006845 19721.526071 18577.656104
640.010377 18791.167287 19273.845515
641.014056 18856.529756 19036.091272
642.014251 18998.093608 18905.005006
643.016171 19883.327327 18933.515950
644.018679 19705.225053 19627.841125
645.019101 18442.384964 19905.298558
646.019985 19383.212368 19046.878831
647.023733 18737.724814 19172.166054
648.024038 19159.122429 18803.455578
649.025391 19087.748622 18918.715861
650.027454 19544.838703 18982.917289
651.030940 19512.657179 19384.043397
652.031777 19686.609133 19600.669134
653.032576 19067.964913 19817.442980
654.033911 19239.228576 19429.138276
655.035297 18787.842325 19273.140331
656.036887 19415.359247 18848.123731
657.038910 19821.798839 19091.182771
658.040664 18764.262778 19598.586104
659.041495 18920.746257 19114.938909
660.042422 19469.874912 18902.808888
661.044828 20033.888096 19213.074711
662.046766 19227.809868 19855.417560
663.049723 18982.578096 19616.647948
664.053876 19943.558001 19216.129793
665.054641 19324.495239 19678.217720
666.055694 18816.631038 19511.299682
667.056876 18923.387896 19000.241402
668.057143 19540.797842 18778.877314
669.061001 19888.343142 19167.380376
670.063306 19551.293791 19715.645248
671.065921 18739.997104 19780.165144
672.067027 19288.630427 19146.734739
673.070222 19432.126632 19139.810120
674.178388 18314.534145 19281.175041
675.178588 19304.094322 18551.401034
676.182363 19251.975341 18869.467441
677.185543 19301.017451 19098.068129
678.188963 20315.136383 19287.626859
679.190780 19350.373762 20146.343070
680.191854 19001.435944 19894.327539
681.194400 18679.850128 19370.627965
682.195828 19056.111299 18775.290811
683.198463 19084.446685 18735.957942
684.200547 19287.769239 18817.581386
685.200684 18812.450037 19077.601349
686.202755 18754.453359 18903.663901
687.204094 19532.911217 18750.394202
688.206659 19931.404513 19258.617536
689.209357 18888.991840 19880.172595
690.210258 18790.246045 19421.948600
691.212334 18832.539419 18985.538065
692.215737 19460.484166 18750.229824
693.219696 19362.175480 19124.111662
694.220834 19562.380142 19321.414193
695.223096 19526.254652 19580.409277
696.224288 18293.402638 19678.305417
697.225351 19296.233169 18764.601786
698.226404 19594.609887 18942.073081
699.226557 19215.253893 19343.131290
700.227471 19372.541355 19322.013048
701.229467 18883.407748 19402.729735
702.230946 18739.154605 19068.690778
703.232560 19464.081861 18747.160685
704.235030 20045.008079 19128.089561
705.235585 19313.177523 19838.246737
706.238438 18738.623708 19696.142743
707.238709 18591.453839 19098.434080
708.241964 20276.214550 18599.249754
709.244674 19008.238264 19611.279146
710.245230 19279.339633 19332.545478
711.246686 19706.457849 19315.427867
712.247005 19455.789484 19618.185665
713.248500 19235.767731 19603.631337
714.250334 19186.138537 19394.377394
715.252046 19058.391643 19212.876112
716.254715 18814.914261 19019.630906
717.257704 20000.047346 18750.090452
718.257870 20145.836241 19520.375990
719.258939 19447.782236 20134.778270
720.262419 19100.098706 19921.203399
721.264579 19438.790635 19435.298025
722.267978 18848.600588 19362.564455
723.269360 19901.196203 18902.611680
724.272088 18804.593876 19448.579230
725.273590 19783.856583 19012.265504
726.274664 19658.461525 19476.637764
727.277316 19200.092973 19691.582305
728.278250 19573.341744 19446.997967
729.279483 19816.259314 19542.916127
730.280225 19034.445947 19780.669789
731.281367 18739.583904 19322.083976
732.283090 19037.055778 18799.735030
733.283464 18821.451935 18746.626681
734.285592 19030.171642 18630.976899
735.288288 18552.897453 18777.310547
736.290320 19572.736236 18555.737003
737.291025 19376.985383 19209.119431
738.292536 19786.751776 19479.901706
739.294198 19464.832914 19896.888558
740.295752 19399.592484 19836.408642
741.296939 19232.641945 19664.344429
742.297344 19561.211019 19386.911433
743.300730 19049.231734 19456.054368
744.300770 18620.846551 19132.930535
745.302508 18571.524916 18629.155030
746.305551 18837.024776 18338.198932
747.308120 18748.347899 18450.177274
748.309700 18376.807524 18536.370663
749.312012 19211.162162 18353.806385
750.312788 18404.281639 18894.040509
751.313717 19109.134538 18638.277592
752.314127 18516.371577 18980.536820
753.315686 19267.117085 18739.243643
754.316427 19207.628949 19125.938168
755.316684 19106.448561 19309.964059
756.317189 19176.670254 19300.507935
757.320833 19617.959990 19299.931300
758.322229 19526.126004 19599.795023
759.324299 19613.217011 19685.392636
760.328154 20234.313644 19753.693041
761.330722 19952.576895 20218.546710
762.335113 19578.762975 20243.612717
763.335358 18873.463538 19903.026325
764.336624 18791.325389 19122.692713
765.337241 19747.254524 18608.615002
766.339036 19286.933478 19114.200594
767.341662 18863.108846 19180.016088
768.344785 20624.223641 18921.784708
769.347861 19345.040354 20098.836149
770.349592 18865.086145 19859.321277
771.354206 19474.877812 19251.027954
772.357787 19239.668725 19307.739590
773.359106 18038.740928 19201.473148
774.361216 18859.967514 18257.192974
775.364014 19751.657413 18346.359815
776.365706 19701.945133 19188.112584
777.365725 18315.479669 19712.590966
778.367134 19224.634991 18932.319601
779.369208 19677.937792 19069.840427
780.369466 19058.308226 19517.276581
781.371040 19275.501512 19316.437787
782.373673 18926.392998 19314.380964
783.375416 19587.070157 19041.801304
784.377804 18706.928753 19372.167267
785.378633 20130.840870 18930.969918
786.381886 19510.044944 19722.295040
787.382228 19240.931500 19754.497114
788.384213 19292.717810 19507.650026
789.384511 18606.429395 19356.386582
790.384800 19098.102685 18750.121356
791.388007 19035.717555 18779.820721
792.390639 19679.343505 18827.452046
793.393809 18995.469470 19386.053549
794.395186 19185.904157 19225.771263
795.395920 19471.082264 19230.880687
796.399131 18695.066160 19436.074847
797.400553 19507.872939 18965.411703
798.401333 19756.841633 19272.098829
799.401668 19976.035071 19671.112440
800.405697 18362.136250 20056.446623
801.408630 19386.232099 19018.586710
802.410947 19065.603000 19103.616025
803.412588 19116.388238 18976.312877
804.414946 18147.809852 18973.072763
805.417734 18916.278003 18280.847785
806.418560 20274.361136 18477.826925
807.419520 20213.060560 19704.491615
808.420275 19367.765869 20414.315908
809.422677 19415.959151 20084.943200
810.422706 19523.072432 19777.107474
811.427220 19131.616431 19613.237492
812.430358 19068.454249 19215.169234
813.431992 18968.137894 18947.875269
814.432714 19134.254166 18769.135765
815.434887 19153.418407 18854.103749
816.436308 19442.505242 18980.998526
817.436490 18889.689965 19304.366012
818.439042 19343.975623 19085.973103
819.440111 18989.133363 19268.420108
820.441541 19122.696858 19112.400794
821.442327 19056.927372 19103.746901
822.446690 18984.354718 19054.830329
823.448417 18819.072121 18976.466813
824.450421 18898.574705 18815.295084
825.451700 18239.155541 18795.280416
826.453800 19283.980105 18316.532281
827.454574 18671.944024 18841.432452
828.454612 19049.478660 18755.492390
829.456173 18438.239726 18974.786245
830.458588 18384.047907 18644.677075
831.462009 19277.148007 18387.369289
832.462056 18848.702555 18927.710125
833.462542 18679.985746 18963.905925
834.462948 19167.428504 18826.665376
835.466932 18911.012179 19086.957262
836.471080 19584.990323 19044.908772
837.474531 19320.550082 19495.893986
838.475171 19493.744062 19545.330497
839.477371 19329.160338 19643.749134
840.478211 19039.508573 19532.019392
841.482164 19431.386387 19208.200933
842.484279 19904.244899 19298.026974
843.487695 20023.312748 19730.923732
844.489422 19619.779427 20080.003290
845.491029 18476.608010 19937.720442
846.491564 19200.458335 18929.715202
847.491855 19042.312023 18855.323528
848.493537 19114.201459 18785.801658
849.494033 18807.407355 18869.085391
850.494813 19039.382558 18741.910697
851.496748 19522.109990 18868.678917
852.498726 19354.573355 19336.784510
853.499588 18940.789353 19491.516201
854.502175 18957.915026 19224.308334
855.505686 19001.749444 19032.668909
856.508315 19531.147271 18951.036540
857.509174 19246.857914 19319.946951
858.509466 18699.808921 19343.985219
859.509677 18900.779716 18921.435782
860.513007 19476.891235 18805.482445
861.513889 19418.417705 19203.413733
862.514049 19234.917453 19426.893605
863.516266 18964.792167 19398.889377
864.518226 19654.222753 19141.300318
865.521155 18275.479028 19485.451690
866.522245 18453.662549 18665.662348
867.525237 20198.399406 18291.859488
868.527994 19036.205333 19453.961466
869.531203 18999.237777 19349.476385
870.532965 18955.850030 19191.190415
871.533530 18899.254235 19031.518460
872.533880 18406.731622 18890.318529
873.536992 19635.845187 18452.560530
874.537126 18794.850257 19144.059477
875.540148 20041.833045 18982.009181
876.542114 19714.038520 19789.431393
877.545934 19214.218746 20010.397018
878.549058 19463.811536 19671.925375
879.550386 19010.317324 19575.457489
880.553694 19792.516843 19159.191399
881.557338 19014.670241 19500.489474
882.559971 18978.230281 19160.760403
883.560837 19774.985932 18927.043357
884.561791 18583.619002 19420.548303
885.563616 18915.595405 18862.384985
886.563882 19866.175221 18762.594134
887.565729 19533.808846 19463.883887
888.567887 19229.809675 19665.826816
889.568110 20013.428836 19505.794410
890.568443 18837.178312 19944.496394
891.572014 18671.416394 19298.892604
892.575244 19417.037686 18736.340697
893.577666 19654.944248 18998.049637
894.579788 19086.375318 19412.081041
895.581163 20251.791819 19253.385847
896.581994 19330.323245 20006.347994
897.583865 19564.331512 19753.088593
898.586451 18819.691694 19696.273756
899.587019 17964.040534 19076.400913
900.587705 18858.547568 18060.548817
901.590461 18953.687116 18199.375974
902.593824 18263.930795 18504.937112
903.595349 18852.290918 18252.587941
904.596962 19169.116796 18570.519161
905.598776 19347.529412 19037.547119
906.601463 19031.964242 19437.762979
907.602801 19299.152079 19378.638640
908.605512 19261.694054 19462.798749
909.606783 19121.287394 19435.873617
910.609611 18637.003501 19273.561165
911.612840 19504.109312 18791.123577
912.615810 18593.192747 19161.704122
913.617873 19998.504853 18749.408268
914.619247 18834.409676 19558.190540
915.622134 20712.037507 19199.588872
916.624518 18890.619518 20337.214112
917.626149 18960.219983 19633.669089
918.629102 19877.511027 19148.334533
919.629523 18805.829469 19546.606901
920.631180 19511.523812 19024.707948
921.633819 18768.194247 19238.309609
922.634532 18524.861680 18855.916816
924.179257 18730.798125 18460.290352
925.180001 19233.929173 18433.072286
926.180516 19076.640456 18871.242999
927.180968 19470.902846 19063.033361
928.181770 18899.573826 19458.027108
929.184305 18316.054039 19230.246151
930.186410 19059.921682 18596.047751
931.187371 19140.298369 18766.850855
932.188332 19407.318957 18985.802629
933.189558 19038.479867 19334.167892
934.190955 19224.635975 19250.008972
935.192356 18742.867181 19294.664317
936.194205 18456.209669 18938.158308
937.196618 19960.700124 18496.089388
938.197114 19150.443156 19393.452839
939.198748 19743.684529 19376.253660
940.199578 19476.652303 19756.132474
941.199639 19391.116678 19742.685725
942.199831 20018.856242 19605.302277
943.200771 19222.601642 19953.868826
944.201414 18656.616380 19547.208005
945.202865 19850.128356 18838.237057
946.203717 18818.580875 19333.480395
947.205315 19439.420384 18936.603444
948.205471 19016.149505 19174.288958
949.206789 18997.148442 19041.961412
950.208193 18791.079482 18955.093865
951.209712 19192.402377 18767.622016
952.212791 19463.169743 18980.742629
953.213466 19169.036009 19343.293397
954.214078 19115.593879 19333.937567
955.216050 18767.063025 19247.952665
956.218783 20557.324177 18910.472377
957.220968 19103.200662 20048.575759
958.221990 19253.429579 19654.221919
959.222939 19022.384165 19431.961372
960.224082 18932.366405 19102.914090
961.226473 19232.429514 18850.744647
962.228060 19052.185692 18970.112698
963.228314 19295.649558 18960.193061
964.228773 18906.662114 19160.829299
965.231127 19340.066018 19003.111900
966.233253 18978.170503 19225.193682
967.233361 18758.972639 19093.531021
968.235396 18754.564616 18834.461163
969.236042 19215.486928 18682.748086
970.236447 20024.748615 18970.537414
971.237619 19002.542405 19782.615721
972.239320 19952.937616 19482.533441
973.239577 19101.985240 19925.290950
974.240188 19259.748660 19515.367089
975.241378 19834.546192 19325.382261
976.242721 19390.774331 19645.079597
977.245333 20189.873911 19519.466017
978.245834 18968.472137 20023.810991
979.247651 19252.893894 19401.447877
