2.000526 17997.154874 0.000000
3.001269 18984.503818 17997.154874
4.001738 18828.676798 19971.852763
5.002100 18905.347408 20101.819734
6.140721 18682.399996 19906.020444
7.140761 18742.411256 19390.741980
11.140721 19194.176444 19001.025697
12.140754 18681.981903 19080.337837
16.140721 18810.184586 18764.307653
17.140955 18807.104685 18681.863135
21.140721 18760.540821 18670.411313
22.140903 18907.479752 18663.935847
26.140721 18653.481333 18795.053556
27.140825 18887.171104 18698.220145
31.140721 18828.296937 18813.886065
32.140918 18990.479988 18845.884659
33.141218 18979.369485 18979.124314
36.142372 20776.747556 19040.250183
37.143457 18940.491571 20403.626496
38.144094 18988.374823 19801.402929
41.140721 18766.846947 19320.975745
42.141126 18883.132392 18831.466015
46.140721 18724.669097 18657.770468
47.141044 18623.114155 18508.415703
51.140721 19295.397026 18411.635463
52.140731 19047.675215 18920.327170
56.140721 18781.663586 19082.649128
57.140735 18557.906370 18955.557908
61.140721 18853.435896 18680.720805
62.141744 18932.153819 18734.245790
66.142392 19220.858793 18849.844251
67.142987 18917.435964 19144.749604
68.143798 18981.019659 19083.662455
69.144427 19831.718408 19059.250030
71.142453 19503.579448 19665.510286
72.142698 18890.493594 19764.088224
73.143504 18696.812291 19288.435609
76.140721 18783.163205 18805.862821
77.140783 18811.843746 18602.076980
81.140721 18754.678382 18566.966021
82.141504 18762.302585 18567.755950
86.140721 19012.720811 18620.599675
87.140738 18885.658482 18870.260935
91.140721 18902.615107 18935.409787
92.141219 18643.579236 18968.263855
96.143470 19271.708104 18774.001799
97.145620 18689.133964 19115.361781
98.145902 19828.744685 18888.197748
99.147206 19001.067421 19579.557826
100.147253 19677.500430 19366.776632
101.148694 18445.866076 19676.283489
102.150284 19097.514860 18907.615387
103.152822 18725.569301 18896.580597
104.154477 19071.114742 18662.337597
105.154739 19250.772167 18820.183105
106.155393 19074.139584 19096.581837
107.156687 18996.776486 19140.854348
108.156917 19812.713258 19088.289589
109.158564 19319.501043 19651.081512
110.158581 18898.675426 19602.976249
111.161118 19187.236392 19192.435604
112.163527 19310.084023 19130.145961
113.164373 19335.055790 19205.409471
114.165473 20022.076733 19287.938689
115.165750 18634.399767 19856.248280
116.165789 18736.870802 19141.102464
117.167129 18969.759317 18733.707159
118.167512 19133.109334 18705.466803
119.169793 19181.610030 18879.932266
120.171573 18542.545682 19066.834787
121.172077 18415.741674 18709.681597
122.173847 19079.918948 18394.218017
123.173983 18950.265223 18740.000097
124.174806 19268.970778 18900.630556
125.177487 18327.524973 19232.383618
126.177926 19300.551605 18701.322586
127.179510 19812.377290 19072.112640
128.179707 19747.845841 19698.486672
129.180446 19125.413859 19991.747756
130.181124 19239.107906 19610.578833
131.182840 19281.011349 19383.973663
132.185125 19282.177865 19265.882221
133.185184 18412.794810 19211.493669
134.186131 19058.585041 18549.933151
135.187044 18571.015418 18669.210979
136.188245 19595.402275 18460.516192
137.190769 20177.339406 19152.083747
138.192656 19367.813628 20045.150005
139.195276 18699.152574 19917.586151
140.197500 19143.038018 19214.865303
141.199975 18563.717555 19067.490780
142.203141 18874.786302 18578.199980
143.204213 18847.240720 18563.235534
144.207071 17956.094685 18612.981817
145.208001 19323.149334 18028.060158
146.209071 19691.165039 18742.898946
147.211192 19420.932971 19521.392716
148.211294 19614.904737 19750.408631
149.211551 19777.357766 19928.026498
150.212374 18744.648300 20060.394763
151.213454 19350.348998 19281.287547
152.216014 18820.967797 19211.849650
153.218538 19779.056782 18814.719639
154.220243 19698.538324 19336.283411
155.222307 19555.048420 19647.369796
156.224491 19804.847414 19708.087693
157.227222 19420.204850 19887.536069
158.230173 19057.730013 19668.106170
159.232216 19368.606836 19224.559762
160.233560 19257.785803 19194.236739
161.235552 19834.426325 19139.551976
162.239742 19579.476200 19574.248444
163.240323 19204.299334 19665.428554
164.241719 18912.896648 19408.147871
165.244758 18923.067645 19009.993381
166.245262 19832.557473 18794.270200
167.247020 19167.730601 19400.725342
168.247304 19212.909737 19313.290791
169.249637 19589.650796 19267.067821
170.252091 18411.648257 19512.972609
171.254280 20356.739309 18771.592646
172.256174 19515.246226 19769.734856
173.256929 18271.660362 19784.437262
174.257386 18465.130952 18791.801308
175.259221 19527.829150 18310.551037
176.261085 19304.509312 18905.594529
177.262715 18715.698141 19191.185052
178.289017 19495.117616 18920.703000
179.292173 18968.808246 19318.775366
180.293010 19661.886000 19167.165083
181.295292 19404.734101 19561.579049
182.295816 19134.746884 19590.998845
183.298305 19548.411418 19356.652144
184.301233 20009.822759 19494.250880
185.301435 19112.427430 19922.648888
186.304000 19278.771754 19485.594863
187.305206 18615.564172 19298.534235
188.306840 18862.502998 18702.657615
189.307124 19686.534228 18568.150063
190.310767 20295.035209 19192.507944
191.313955 19247.604372 20084.569190
192.316473 18447.122250 19797.643191
193.317914 19435.549238 18916.308895
194.320672 19157.580242 19099.665327
195.324046 19067.500129 19066.837773
196.324659 19745.364143 19005.549529
197.324977 18906.688969 19498.791067
198.325175 19247.378483 19178.048725
199.325737 19516.775994 19205.354751
200.325940 19904.823587 19431.561830
201.326552 18740.689165 19857.004605
202.330914 19629.084555 19208.579922
203.331509 18650.083927 19433.691433
204.332048 18901.643877 18860.844998
205.332229 17884.182197 18710.401476
206.334354 19515.998449 17919.894055
207.337537 18628.491752 18739.574569
208.338661 18866.819336 18677.890773
209.340051 19142.347844 18813.444808
210.342933 19154.018422 19101.211838
211.343783 18920.941928 19264.132289
212.345605 19563.838471 19143.256677
213.346139 18575.294720 19509.412591
214.347550 20087.665815 18964.689205
215.351183 19150.111164 19729.257212
216.352253 19743.473223 19497.977378
217.355908 18046.029219 19740.392452
218.358457 19936.200211 18589.287178
219.361282 18928.549913 19295.548296
220.363813 18922.787640 19053.104110
221.365841 20090.174773 18896.421763
222.368518 18908.046441 19700.212408
223.369652 19769.053286 19313.002073
224.371189 19001.921162 19663.913132
225.374206 18724.599981 19290.304607
226.376524 19298.200712 18823.413597
227.378714 19716.021642 18995.465237
228.381399 19219.865661 19470.540623
229.382826 19688.860122 19397.331585
230.385722 19294.414064 19668.106431
231.388822 19073.249389 19512.847733
232.388973 19506.014230 19214.736461
233.389048 19873.221318 19354.882687
234.390118 19027.149551 19738.144002
235.391643 18974.340986 19328.990163
236.394419 19390.886480 19009.346667
237.398049 19673.519653 19153.182620
238.398801 19133.192369 19496.501440
239.399598 19424.774134 19307.169941
240.402282 19194.138018 19387.696122
241.404202 18162.231113 19264.251629
242.406609 19593.294903 18411.070801
243.409930 19975.381157 18995.568307
244.412725 19608.738702 19723.813400
245.415974 19270.702356 19875.846045
246.417059 18539.778681 19631.558271
247.419864 18146.738267 18871.007650
248.420000 19060.460773 18113.144787
249.421302 19156.649356 18427.903605
250.424165 19090.039207 18815.563743
251.426156 19526.530848 19044.707603
252.429221 18668.264865 19497.981165
253.431732 19428.919442 19088.055880
254.432469 18942.090367 19348.636416
255.434571 19122.047226 19133.875634
256.435144 18496.354018 19113.516571
257.436294 20044.754467 18636.199797
258.436877 19131.306881 19523.880302
259.438662 18779.298135 19412.853406
260.439705 19185.785488 19022.946768
261.439988 20224.171046 19071.946805
262.444027 19354.610859 19903.695663
263.444651 18343.350884 19747.518797
264.446386 19023.974816 18812.758398
265.446470 18478.448676 18738.494270
266.446506 19520.527972 18363.587737
267.448285 18691.545336 18986.409178
268.448592 19389.787142 18809.612619
269.449924 19043.980502 19215.378874
270.452101 19077.513269 19202.509088
271.454358 19227.790880 19181.591624
272.457877 18960.309318 19257.821511
273.458141 18819.539520 19087.817626
274.459573 20449.245844 18865.361257
275.462311 19216.201982 19964.957382
276.465003 18326.829130 19711.044663
277.466176 18955.426939 18793.347995
278.467624 19031.077738 18689.318301
279.470903 18725.088028 18760.568713
280.473880 19795.072995 18634.328893
281.476573 18859.684601 19396.387492
282.479100 19748.420272 19175.546872
283.480761 18709.176506 19652.712747
284.482032 18787.298216 19135.789742
285.482980 19571.123592 18829.266213
286.485418 19672.597841 19253.381480
287.488360 18603.794824 19620.980329
288.488788 19123.401837 19016.081869
289.490217 18708.977849 19000.266137
290.490575 19305.982831 18712.324205
291.494079 19196.751022 19015.270386
292.498080 18861.285727 19157.497731
293.501814 19392.133370 18986.825755
294.503984 19386.789097 19268.240493
295.507228 20150.367187 19435.912876
296.507532 19543.143122 20080.151690
297.510156 19635.380818 19964.406923
298.511728 18413.700513 19870.396861
299.512991 19623.519773 18848.377591
300.513526 19187.588626 19136.063131
301.517323 18901.608938 19074.821701
302.521179 18569.778727 18857.907952
303.521648 19713.174566 18511.503665
304.524277 19725.138460 19210.417167
305.527487 19217.888681 19694.536188
306.529782 19875.875726 19563.808932
307.532968 18377.916023 19905.455525
308.536094 19936.766316 18945.414094
309.537611 18554.612763 19492.656581
310.538651 18231.227277 18840.690093
311.540577 18470.294854 18200.648402
312.540867 19108.651274 18067.572959
313.542358 18919.482269 18580.483025
314.547023 18731.825858 18827.103367
315.551130 19093.721497 18832.765955
316.553040 19187.584294 19081.783954
317.555640 19493.564619 19279.674437
318.558948 19052.757694 19585.082387
319.561101 19520.702425 19384.301726
320.564647 19648.768963 19551.983936
321.565420 19130.669329 19724.054566
322.567539 20456.979830 19402.693755
323.568184 18715.910920 20168.740119
324.570881 19828.237029 19318.021546
325.571271 19591.464654 19576.379185
326.573962 19224.564826 19590.943184
327.576990 19572.463346 19323.180680
328.579077 18869.468231 19425.569355
329.579450 19658.139888 18986.240854
330.583274 18645.003309 19328.887190
331.583491 19770.851472 18822.671099
332.583992 19182.655513 19369.532228
333.585163 19415.743551 19302.145634
334.587387 19301.083960 19413.395836
335.589642 19795.285143 19383.613172
336.593046 19365.904757 19718.740424
337.596580 19476.353540 19583.404941
338.597485 18052.463901 19544.198740
339.598390 19489.160369 18439.717110
340.601107 19115.418214 18868.185344
341.602317 18555.864742 18957.356601
342.604895 19457.670222 18621.792529
343.605360 19601.633623 19113.882656
344.605974 19498.517705 19553.847162
345.606212 19253.670105 19708.439092
346.606593 19204.588084 19549.619010
347.608835 19215.598887 19359.410227
348.613371 19362.505130 19233.858402
349.614149 19483.164154 19276.697293
350.614381 18791.079733 19410.062966
351.616724 18241.886133 18975.957784
352.621033 19727.887357 18300.790480
353.624090 19251.407239 19062.981659
354.625310 19798.501045 19252.943585
355.628923 18388.644073 19757.860815
356.632743 18892.436504 18963.086759
357.634005 19361.443851 18799.933382
358.635477 18699.961064 19093.237985
359.638883 19042.344172 18810.829663
360.641967 18985.169786 18898.695683
361.642945 19062.967807 18935.660025
362.643543 19418.698086 19024.868153
363.643720 19206.495601 19345.794840
364.644463 19628.361300 19365.332130
365.647506 18831.440222 19651.790918
366.648646 18917.531446 19191.472099
367.651699 19398.290541 18935.873138
368.652790 18933.779569 19164.057556
369.654486 20139.152792 18988.324782
370.655078 19758.602288 19790.852009
371.658294 18196.275083 19993.777940
372.662017 19278.213637 18864.701589
373.662598 18828.093462 18944.510702
374.662960 20458.426591 18730.250862
375.665377 19010.862914 19870.331438
376.667524 20277.546947 19501.722756
377.667762 20084.759897 20144.716480
378.669505 19601.348979 20354.830671
379.670756 19108.984770 20029.811885
380.671340 18484.430162 19390.913608
381.671886 19077.651709 18532.566305
382.674170 20791.709043 18536.274777
383.676182 19346.866028 19959.016247
384.676896 18000.502272 19794.927920
385.677266 19613.314603 18591.095466
386.679658 18656.564809 19051.140189
387.680433 19220.440517 18704.143808
388.681715 19220.571256 18941.657649
389.682421 19643.555536 19130.208341
390.683733 18846.679955 19564.312625
391.687692 18924.867607 19203.518809
392.689085 19019.254460 18992.552927
393.691259 19343.930065 18940.938796
394.692943 19397.318866 19178.217350
395.693231 18889.373930 19378.326406
396.696648 19578.425818 19102.170348
397.700130 20165.070710 19427.682130
398.701182 19515.419767 20068.107612
399.703708 18778.203237 19925.322920
400.706036 19878.539160 19198.542388
401.708735 18764.664219 19555.319277
402.710219 18657.132897 18979.106486
403.712820 19730.371852 18556.741033
404.714829 19411.426968 19175.585489
405.714987 19958.377352 19384.495644
406.716668 19362.870863 19905.896341
407.717903 19292.883844 19733.087075
408.719049 18844.685617 19501.638125
409.720654 19235.698258 18997.576409
410.722070 19702.395871 19000.582334
411.722279 19214.909428 19410.887488
412.724109 19147.106185 19323.302328
413.726043 19128.766454 19201.559091
414.726770 19729.406438 19113.319447
415.729461 19488.959618 19523.541365
416.732903 20176.179213 19599.783478
417.734266 19231.657190 20125.613265
418.736467 18915.202654 19692.778129
419.739431 18810.740903 19123.739424
420.743044 19315.843407 18708.739566
421.743737 18684.127926 18905.566849
422.747401 19553.632433 18632.763019
423.751357 19168.196326 19161.330711
424.753918 18312.762176 19234.612907
425.754322 19464.832670 18613.074248
426.755481 18906.927413 19091.279771
427.755935 19474.095058 19005.341814
428.756852 19577.973144 19363.144969
429.758502 19652.663842 19647.692634
430.761926 19923.804016 19828.554617
431.762192 18853.531634 20078.368045
432.764626 18822.933851 19361.929466
433.765120 19685.789917 18853.662381
434.768042 18988.367880 19238.988755
435.769936 17774.215765 19020.285705
436.771311 19148.797901 17992.340638
437.772301 19013.657230 18454.773488
438.775155 19386.444757 18758.140513
439.777481 19188.432361 19253.293850
440.781653 20503.906433 19385.648948
441.783872 19383.316705 20389.127905
442.784871 18469.761984 20079.119719
443.785268 19801.182583 19064.998831
444.787769 18991.593379 19407.694625
445.787866 19410.258157 19070.222609
446.789318 19980.960256 19195.827876
447.789594 18561.929043 19740.264655
448.789914 18278.600142 19008.383534
449.792195 19303.578509 18318.332676
450.793957 19577.928855 18732.107888
451.796400 19039.933882 19287.625909
452.797809 19097.249616 19234.464426
453.799559 19924.140520 19202.237849
454.801660 19480.504031 19780.045681
455.804455 19617.226430 19772.245939
456.804975 18294.587556 19797.952391
457.805826 20130.822818 18773.644971
458.806652 18953.919231 19518.903353
459.808225 19711.098557 19161.834721
460.809868 19273.715498 19499.206027
461.811088 19075.108799 19392.827518
462.813195 19698.968109 19160.905234
463.814109 19148.908244 19491.389466
464.816470 19221.812742 19295.981344
465.819091 19828.975006 19216.187381
466.822957 19246.047942 19633.068438
467.825393 19885.249110 19453.290311
468.828439 19264.251244 19790.991531
469.831108 19519.603064 19517.658136
470.834401 19533.336603 19509.153581
471.835455 19047.363527 19517.813828
472.837246 19320.000754 19161.544838
473.839685 19831.063522 19159.342936
474.839841 19205.733938 19581.703515
475.840036 19652.396198 19386.226618
476.842102 19071.920295 19578.361695
477.845917 19788.458295 19257.580932
478.846341 18993.998253 19588.178891
479.847947 18195.404000 19207.702690
480.849657 19408.569827 18365.092791
481.853094 20089.081288 18811.240014
482.855665 18610.145154 19694.029674
483.855850 18912.063603 19124.985307
484.856553 19864.719271 18938.191922
485.859340 18991.771157 19552.754900
486.862729 19157.321498 19283.316397
487.864377 18915.717985 19199.873591
488.865085 18849.657172 18966.311530
489.867947 18437.623512 18787.336503
490.869656 19039.466914 18404.403913
491.870959 19445.969457 18672.625069
492.874693 19809.367882 19203.323015
493.877734 19875.826648 19801.882418
494.879309 18960.225000 20152.877559
495.883176 18821.084211 19572.411166
496.884604 19278.756026 19024.775836
497.885861 18604.188093 19043.289126
498.889263 18528.666888 18605.486546
499.892173 19428.496525 18329.619739
500.893902 19613.843972 18916.320351
501.897224 18776.049334 19476.725286
502.897900 19115.276542 19162.861446
503.900969 19493.016625 19163.646904
504.903048 19523.701990 19435.252105
505.904939 18563.436823 19608.509859
506.905580 20053.296239 18953.737894
507.909043 18880.578665 19646.171205
508.910279 18867.071027 19214.630939
509.912927 19624.237362 18905.217008
510.912996 19556.430213 19308.848300
511.914834 18904.279413 19538.655849
512.916440 19920.181259 19168.890114
513.919127 19245.850893 19679.780956
514.919461 18351.087267 19489.578678
515.920781 18986.824680 18662.472874
516.922665 19035.738230 18647.876629
517.923437 19843.887017 18762.000682
518.926199 19021.771340 19493.608686
519.926456 19750.477849 19330.395513
520.927506 18605.259303 19718.162765
521.929170 19445.352627 19061.211252
522.932133 18699.599063 19248.817501
523.934786 19253.653293 18832.439234
524.936380 19178.021644 19006.580731
525.938206 18812.121946 19098.695883
526.940088 19320.921137 18890.160125
527.942234 18760.919368 19147.982095
528.945406 18855.003840 18900.126514
529.945990 18759.616450 18811.960291
530.947662 20071.783071 18707.097524
531.949786 18813.100874 19651.920838
532.951683 19147.039020 19285.286406
533.954320 19143.412193 19234.376416
534.956545 19214.173806 19184.366952
535.959691 19100.845033 19202.194739
536.961429 18547.585252 19129.106821
537.962171 19992.674162 18670.552578
538.966920 18931.408915 19494.350308
539.969918 19106.034465 19234.881201
540.970072 19517.350431 19160.247739
541.972597 18642.247390 19417.864663
542.975343 19364.035654 18915.217287
543.976954 19728.927371 19136.992322
545.031853 19331.249521 19578.309461
546.032273 19809.509006 19538.364120
547.032902 19302.837015 19825.307413
548.036188 18989.742602 19584.825465
549.037116 19330.457635 19159.266569
550.040695 19338.116988 19159.642404
551.042494 19277.839696 19208.278644
552.043992 19462.763466 19219.848381
553.045965 18450.715454 19378.823906
554.048125 20057.310836 18720.260549
555.048529 18943.215406 19528.539133
556.050919 19109.939718 19229.299779
557.052532 19450.201933 19133.202242
558.054156 19710.437463 19334.534504
559.055442 18652.670101 19659.294140
560.056197 20233.912799 19041.134267
561.058389 19340.888471 19820.870313
562.062110 19191.546120 19644.230711
563.062519 18455.575224 19368.068587
564.062819 19512.669813 18633.878736
565.063544 19554.909128 19015.028875
566.065012 20104.821107 19361.693665
567.065093 19172.799031 19995.763909
568.067148 19155.300163 19641.046774
569.068942 18879.489345 19333.502120
570.071452 18568.546373 18928.321190
571.075574 19368.020769 18480.315535
572.079344 18864.558308 18877.976214
573.080544 18927.467512 18821.720846
574.081912 19580.634682 18851.484431
575.083325 19390.325480 19375.237371
576.083766 19182.483792 19545.731267
577.084053 18771.908550 19436.245503
578.087202 19948.082631 19010.130761
579.088209 19899.830887 19619.648399
580.089913 18521.857277 19970.326968
581.091293 18662.278365 19094.562024
582.134625 19480.218336 18618.819182
583.135866 20446.563795 19005.267535
584.136704 20091.887848 20041.988506
585.137601 18318.138010 20395.485853
586.138623 19420.982453 19166.022647
587.141031 19111.157403 19166.453217
588.143015 18964.720770 18997.932023
589.144092 18840.476418 18832.150297
590.146716 18494.333023 18689.218788
591.148657 19385.735373 18395.959895
592.148730 19090.822877 18942.475493
593.149164 19922.415027 19105.363889
594.149308 19258.420165 19806.866947
595.149481 18321.606051 19688.509350
596.152427 18771.228112 18819.197669
597.156361 19723.508500 18597.360471
598.157697 19375.652574 19244.119073
599.159310 19596.473295 19426.453786
600.161079 19324.687334 19670.536380
601.161265 20595.320039 19570.222435
602.162826 19936.989008 20411.656216
603.165703 19101.240151 20384.540789
604.167602 18654.728411 19632.283488
605.170407 19204.650237 18788.510198
606.174242 19186.850343 18745.619475
607.177285 20020.920473 18825.581884
608.178992 18827.570217 19581.432801
609.180223 18342.888424 19174.217486
610.181517 18893.506607 18520.436666
611.182219 18556.124771 18562.122833
612.187041 18048.630895 18412.775483
613.189116 19123.091592 17993.318723
614.191782 19495.012635 18603.263909
615.193546 19177.512188 19317.134205
616.193627 19064.979281 19480.413625
617.194271 19369.028815 19401.928295
618.198521 18944.911713 19506.485527
619.199945 18490.414975 19206.312139
620.202156 19415.766709 18650.002785
621.203439 18819.679708 19025.964956
622.204433 19890.569644 18864.331229
623.207840 19028.279666 19575.518937
624.210390 19292.044491 19363.157985
625.212157 19709.937162 19371.081547
626.213817 19901.821599 19668.703568
627.216834 19525.048661 19971.736304
628.220054 19353.177793 19823.194292
629.223156 18999.672190 19545.483728
630.225997 19047.457619 19093.422759
631.226243 19685.674269 18879.793705
632.229269 18818.486962 19293.557644
633.231922 18324.846047 18948.078289
634.233807 19147.015555 18372.710094
635.235041 19032.862344 18689.687115
636.235084 18817.459096 18876.892828
637.237753 19454.841650 18847.935627
638.240108 17913.968368 19303.874809
639.240269 19604.780971 18413.931149
640.244111 19222.196907 19112.078076
641.245248 18963.284927 19297.389215
642.246355 19319.848042 19177.062723
643.246458 19190.649653 19330.877364
644.247804 18921.220563 19308.128563
645.249604 18870.614751 19065.312617
646.250970 19041.541501 18869.927272
647.254842 19431.039069 18900.601531
648.255054 19451.747245 19243.296830
649.255425 19607.366164 19477.111171
650.257455 18842.070903 19704.391549
651.259174 19050.409481 19219.803946
652.260645 18103.597733 19039.330817
653.263431 19715.992062 18241.755108
654.264646 18431.007115 19017.723656
655.267107 19919.740721 18616.536322
656.269874 19336.043733 19486.110557
657.271286 18523.196780 19591.532475
658.272605 19458.199869 18970.736033
659.274863 18777.430291 19249.705316
660.276749 19477.093914 18930.736412
661.277204 19110.529092 19257.673147
662.278627 19382.964033 19201.073090
663.280239 18422.365609 19354.463268
664.282006 19765.135789 18717.834730
665.282402 19544.230095 19332.730816
666.284523 19453.375761 19582.600831
667.284791 18714.749761 19629.802405
668.286915 18833.284899 19055.327030
669.289046 17995.410159 18771.846379
670.289611 19108.294446 18017.059629
671.290059 18931.388413 18468.917102
672.290072 19212.918666 18722.010649
673.294695 18527.277939 19112.049553
674.295858 19480.118035 18818.055738
675.296828 18971.245639 19312.994453
676.300157 19137.932697 19220.590409
677.300544 18882.737025 19237.067488
678.303695 18695.387131 19029.125576
679.305508 20647.830114 18748.045061
680.307483 19368.873288 20058.672559
681.311435 19084.748254 19902.058077
682.312879 19441.928834 19477.360863
683.317526 18648.075172 19434.744539
684.317905 19608.542272 18819.842205
685.319677 19102.264776 19189.799604
686.319794 18905.335653 19099.755849
687.322662 18226.621331 18907.664361
688.325899 19170.081470 18302.000699
689.328274 19768.368725 18687.919129
690.331452 18430.118094 19450.134371
691.333416 19710.907435 18907.112607
692.334843 19079.246028 19476.945103
693.337024 20005.557787 19346.605878
694.337796 19128.722183 19909.330123
695.341309 18592.580519 19557.122458
696.344409 20453.654911 18871.812309
697.347916 19035.000390 19855.155081
698.348379 19380.404623 19432.460534
699.349513 19135.494881 19380.801399
700.349866 19420.733335 19171.190331
701.353431 19485.276611 19271.389775
702.356332 19221.279132 19407.232844
703.360182 18344.332049 19296.667211
704.361087 18187.409558 18564.827063
705.363978 18789.720416 18026.091367
706.366113 19561.561461 18248.786210
707.368631 19419.646844 19074.247967
708.369791 19102.168973 19502.371256
709.373108 20151.557198 19457.643394
710.376452 19184.671648 20133.452027
711.379607 18421.209661 19750.718474
712.382775 19493.159691 18845.243501
713.384674 18988.292420 19090.460076
714.387758 19374.924371 18935.092814
715.391002 18946.152210 19160.683048
716.392444 20550.767495 19005.459375
717.394577 19808.679932 20116.482211
718.397557 18202.201227 20223.999278
719.399106 19561.835948 18969.068946
720.402710 19313.614205 19169.612891
721.402987 19381.444774 19181.774321
722.404083 19362.874837 19271.687934
723.407824 19221.899035 19330.156497
724.410375 19059.097524 19261.838512
725.412540 19257.562804 19095.593517
726.415458 19200.039944 19152.195981
727.418151 18582.794986 19163.696774
728.418962 19846.193243 18715.599244
729.421437 19382.624408 19405.898108
730.424032 18926.761993 19513.444697
731.424399 18485.266156 19192.616108
732.426411 17818.280601 18634.616407
733.428310 20088.097981 17818.039828
734.430992 18798.438704 19112.174766
735.432118 19579.659257 19035.978582
736.433021 19161.772880 19524.410934
737.435640 19567.405286 19469.024409
738.437240 19374.387857 19668.742569
739.438658 17547.979652 19598.504256
740.439848 19828.288376 18137.549846
741.442832 19796.731117 18969.911635
742.444680 19336.844424 19577.018771
743.445190 18690.101085 19590.585405
744.447733 20010.431550 19048.875973
745.450163 20028.919221 19678.575384
746.450813 18779.136074 20090.254884
747.453687 18974.802917 19343.423358
748.455686 18695.838230 18975.685906
749.456052 18879.482729 18582.372918
750.457027 18816.931929 18551.816126
751.460008 19235.126464 18571.541281
752.462609 18916.212191 18956.397421
753.465893 20039.448709 18979.322048
754.466350 18198.074646 19817.434285
755.470031 18511.981244 18910.963462
756.472008 19810.206811 18514.935795
757.472625 18746.302719 19289.852499
758.475064 18752.870123 19009.471360
759.476100 19035.365645 18808.414183
760.479291 18991.115234 18905.871221
761.482682 19292.633304 18953.785538
762.484576 19721.180125 19213.213673
763.485831 19311.993178 19684.192764
764.487758 18970.244933 19622.038939
765.490753 19593.131226 19257.139403
766.490916 19009.018335 19470.130737
767.493023 19457.319657 19169.291859
768.494946 18515.051862 19315.030030
769.498058 19021.960098 18716.770676
770.500195 18212.058273 18747.392472
771.500304 19129.932834 18223.918908
772.502670 19211.695326 18647.622888
773.504525 20315.067405 19041.374233
774.504726 19534.720327 20108.359239
775.506793 19215.193043 20108.268474
776.507449 19093.598062 19725.190593
777.509773 18373.923541 19314.956028
778.510034 19311.490369 18514.743364
779.512995 18909.410507 18782.607197
780.515882 18983.585266 18747.200010
781.517207 19369.480666 18825.680110
782.519059 18436.310617 19193.817999
783.519714 19592.715723 18721.925073
784.522572 18990.020128 19281.878826
785.525261 19384.331862 19187.543230
786.527331 18658.782081 19386.728457
787.530554 19064.231750 18941.559586
788.533312 19671.383380 18952.368026
789.535387 19515.300105 19441.101899
790.537122 19623.535206 19625.976750
791.537388 19224.396374 19771.921340
792.539709 18587.816864 19508.442978
793.542172 19387.689550 18828.257513
794.543904 19183.244511 19027.959133
795.546315 18940.473422 19064.408768
796.548664 18862.755453 18930.264204
797.551906 18290.157353 18807.455751
798.552566 18386.514844 18330.427874
799.555492 18914.336024 18154.114424
800.558283 19437.148586 18519.923689
801.559940 18498.624483 19193.540827
802.563417 18977.245012 18887.358258
803.563605 19263.398418 18996.048927
804.565072 20009.658555 19260.308337
805.566173 19287.723116 19952.905665
806.568561 18527.980070 19771.940972
807.569596 19395.068574 18990.596877
808.572277 19511.404847 19134.587006
809.572761 19261.020258 19358.954667
810.576348 19607.179257 19321.462601
811.579421 19162.839703 19547.225231
812.579869 19273.524223 19341.840387
813.583098 18755.793527 19277.411184
814.584440 18549.691084 18855.926820
815.585250 18575.758884 18465.574483
816.587449 19706.158454 18310.978315
817.589614 18939.275518 19147.675050
818.593735 19349.728356 19130.482067
819.594369 20214.226633 19381.923567
820.595716 18437.641981 20147.969222
821.598326 19084.032942 19215.117913
822.598779 19490.091112 19039.116496
823.600389 19023.753133 19266.888527
824.600860 19057.512095 19086.821704
825.603424 20053.125528 19006.340372
826.604932 18962.666753 19725.602711
827.606162 19134.110029 19349.270503
828.608966 20575.933503 19193.035919
829.609427 19401.009644 20181.554760
830.613773 19062.871310 19893.215972
831.616195 18744.935418 19372.391246
832.619351 19420.011101 18796.146980
833.619903 19435.586716 19001.528719
834.622975 19874.857862 19220.521895
835.625592 19537.753720 19713.238047
836.628276 19450.015905 19747.172971
837.630355 18772.350892 19645.982259
838.632871 18500.025546 19038.146554
839.634264 20168.341392 18463.535777
840.635331 18326.206567 19436.589715
841.639510 20032.977600 18724.453485
842.642335 18778.445309 19548.901915
843.643647 19485.481541 19141.245833
844.644513 19707.413729 19376.994835
845.645146 18737.845698 19688.440153
846.648618 19170.389088 19121.730184
847.651261 19533.409436 19066.811619
848.654472 19171.779223 19337.511966
849.656534 18553.879691 19250.613846
850.657174 18911.790945 18724.031482
851.659438 18470.462617 18686.635792
852.660704 18868.672439 18393.230490
853.661645 18985.549365 18564.493237
854.664418 17903.209629 18813.827105
855.665630 19256.760907 18169.669803
856.667760 19353.138706 18796.139567
857.667954 18328.357363 19296.813133
858.668396 19714.453115 18792.645302
859.669699 19957.451309 19464.061216
860.672207 18582.356433 20044.615793
861.675164 19573.607911 19281.780804
862.678011 20078.001262 19468.945825
863.679980 19433.006453 19966.988870
864.682567 19070.900749 19760.017384
865.684032 19962.865142 19303.199630
866.684283 18898.034903 19685.689328
867.685444 19217.180791 19147.605451
868.689030 19664.087718 19055.530291
869.691335 18208.711196 19385.085532
870.693726 18814.653626 18528.081307
871.694341 19344.784874 18474.193490
872.697333 19620.046287 18929.963051
873.697413 19329.807651 19467.999347
874.699879 18815.710487 19557.350253
875.702946 19157.610697 19159.567183
876.705041 18912.951259 19131.136631
877.705357 19098.310014 18940.045293
878.706870 20414.883415 18976.745182
879.707703 18749.953920 20012.916385
880.709824 19612.695249 19382.796623
881.710286 19405.213927 19556.582063
882.711180 19815.974334 19501.892088
883.711845 19810.650166 19758.447865
884.712002 19068.339223 19897.114245
885.715907 19290.687969 19388.098208
886.717907 18747.738296 19220.412002
887.718804 19468.207220 18746.925637
888.719641 19128.981604 19050.737312
889.720324 19125.398050 19052.591414
890.723471 19737.751140 19069.928347
891.724998 19289.550222 19551.729057
892.725771 19209.144092 19502.984244
893.727817 19348.987790 19364.948735
894.727892 19301.623394 19361.862592
895.728465 19340.057222 19321.577524
896.730834 19295.114030 19325.271828
897.734684 18748.410758 19297.107934
898.735746 19684.897971 18872.500058
899.737005 19551.747344 19331.539204
900.737698 19976.481548 19549.535499
901.738233 19050.397145 19977.637260
902.739353 19002.503170 19496.835911
903.740788 19983.187883 19108.905063
904.743455 20212.434254 19623.852701
905.745319 19653.164036 20143.095094
906.746409 19188.849178 20000.598417
907.747187 19040.457383 19494.255339
908.750405 18998.131205 19053.438414
909.752304 19838.911394 18798.040060
910.754301 18782.009563 19350.948811
911.755917 18842.894735 18956.717459
912.759063 18869.231072 18761.588689
913.761045 19738.560050 18704.103067
914.762834 19258.148120 19368.638991
915.765910 19260.616762 19433.078270
916.767138 19978.349223 19423.416854
917.769487 18978.129350 19916.185468
918.769495 18887.913366 19427.945809
919.772196 19547.006970 19003.709877
920.774598 18746.772139 19256.962986
921.777390 18989.688213 18855.924414
922.778686 19882.970176 18810.304114
923.780347 19320.007665 19502.301461
924.780748 19407.047622 19521.245430
925.781373 18893.565077 19545.687941
926.781893 18806.174705 19138.137208
927.783538 19919.145281 18807.676030
928.784189 19321.852443 19476.798041
929.786484 19666.645142 19473.976229
930.788123 18334.375063 19693.128900
931.789860 20317.167367 18796.881737
932.792027 19468.954694 19720.225715
934.398179 19656.646027 19694.973612
935.400033 20131.681689 19766.611331
936.401129 18953.793738 20131.215611
937.402453 18651.731756 19430.218307
939.398348 19433.102666 18734.067027
940.400462 18661.319843 18951.435752
941.402427 19299.590821 18601.699725
942.404526 18552.326313 18920.439975
944.399234 19252.864145 18614.149430
945.402131 18729.969461 18970.951753
946.403787 17849.560289 18827.659999
947.405173 18931.108962 18071.284609
949.398552 19217.463805 18448.827339
950.400406 18671.941132 18972.935242
951.401975 19273.805922 18886.979329
952.404518 18906.425737 19241.640416
954.398484 19280.844233 19151.477198
955.399768 19094.569173 19325.946595
956.402977 18827.732085 19262.199408
957.405610 19304.179863 18988.290440
959.398448 20219.738049 19168.532201
960.403217 20393.135051 19979.233636
961.406457 19338.699678 20574.758209
962.407192 19588.412486 20036.288176
964.399946 18982.382590 19779.940641
965.400277 20039.985891 19149.362413
966.402976 18771.460584 19585.530819
967.404782 20370.313625 18965.834809
969.398385 19804.111163 19806.533029
970.402744 18807.768774 19943.175442
971.404899 18853.563222 19229.473787
972.405298 19084.282984 18801.542542
974.398289 19336.367184 18773.621911
975.400138 19531.493900 19026.390013
976.400840 19618.214487 19376.613394
977.402199 19028.163899 19655.485652
979.398185 19267.143201 19343.066048
980.400006 18608.438064 19287.365186
981.400381 19011.723162 18760.430405
984.395980 19205.886423 18761.428754
989.395980 18808.278009 18970.123975
994.395980 18813.161733 18835.205888
999.395980 18767.461921 18764.677667
1000.396545 19061.811372 18707.259714
1004.395980 22485.851676 18914.363378
1005.397266 19244.096389 21622.807436
1009.395980 17883.159969 20761.474060
1014.395980 18905.589038 18930.760639
1019.395980 18786.979253 18520.325563
1024.395980 18972.603340 18322.466555
1029.395980 19046.247366 18478.883291
1034.395980 18990.475218 18735.754691
1039.395980 19139.530589 18899.984449
1040.396162 18955.370111 19116.513548
