11.140721 9993.387187
21.140721 5531.129600
31.140721 5531.129600
41.140721 16663.256000
51.140721 11062.259200
61.140721 11062.259200
71.141463 18991.072422
81.142069 17031.150065
91.142069 16593.388800
101.142292 19094.457560
111.142594 19134.224261
121.142825 19131.352042
131.143090 19215.237841
141.143465 19227.200916
151.144204 19189.468366
161.144292 19151.828168
171.145248 19252.983466
181.145480 19198.534748
191.145719 19259.828619
201.146126 19242.099464
211.146989 19126.613028
221.147208 19130.256053
231.147286 19181.431797
241.147375 19173.964339
251.147596 19156.615064
261.147807 19119.926272
271.147944 19156.039092
281.148295 19149.106625
291.148367 19167.668455
301.148749 19186.959662
311.148861 19162.267383
321.148962 19147.118048
331.149302 19175.504551
341.149583 19182.245754
351.149725 19224.571191
361.149730 19161.021509
371.149801 19208.546092
381.150081 19152.879202
391.150388 19179.217568
401.150548 19213.284192
411.150550 19171.821413
421.150675 19207.582634
431.151157 19245.517124
441.151503 19127.392596
451.151643 19236.106773
461.152063 19190.204769
471.152300 19217.761818
481.152909 19152.537977
491.153152 19248.525239
501.153615 19181.282104
511.153994 19135.734409
521.154217 19154.283270
531.154384 19155.408210
541.154849 19170.451924
551.155058 19144.153116
561.155581 19131.681629
571.155918 19161.579272
581.155947 19114.404537
591.156470 19122.083088
601.156913 19198.959123
611.157004 19193.686786
621.157504 19141.394084
631.157928 19151.137192
641.158202 19122.178864
651.158739 19145.003347
661.159325 19137.515396
671.159590 19138.898973
681.159836 19234.124018
691.160844 19118.762231
701.161178 19250.954228
711.161196 19220.573884
721.161429 19179.881798
731.161650 19126.278896
741.161828 19213.340435
751.161943 19152.802832
761.161986 19177.579126
771.162541 19215.771147
781.162937 19122.593181
791.163382 19187.757960
801.163610 19169.126072
811.163729 19166.293225
821.164522 19150.275673
831.165133 19131.360685
841.165539 19164.663319
851.165574 19166.454578
861.165997 19184.487219
871.166219 19184.082925
881.167265 19200.101892
891.167508 19251.958066
901.167709 19144.415038
911.168029 19182.228244
921.168126 19155.878312
931.168612 19169.665250
941.169504 19139.085495
951.170044 19146.735424
961.170208 19202.781835
971.170271 19149.037288
981.170756 19158.549577
991.269987 15787.688352
1001.269987 15210.697600
1011.269987 14104.344000
1021.269987 12721.561600
1031.269987 12721.561600
