# AIMDClient mimuroto
1.672416 0.453741 1410.495173 256
2.003882 0.331466 3861.628821 384
6.881453 0.209037 9184.976318 512
11.986259 0.313844 8156.931636 640
17.098793 0.426378 7505.085745 768
22.223734 0.551318 6965.126115 896
27.359130 0.686714 6523.819392 1024
32.551354 0.878938 5825.211211 1280
37.871522 1.199106 5337.309478 1536
43.450140 1.777725 4320.128973 1792
49.077583 2.405168 3725.311910 2048
54.920202 3.247786 3152.917088 2048
60.232505 3.560089 2876.332507 2048
65.405276 3.732860 2743.204980 2048
70.349929 3.677514 2784.490039 2048
75.300451 3.628035 2822.464573 2048
80.272795 3.600379 2844.144913 2048
85.338666 3.666250 2793.044692 2048
90.462758 3.790342 2701.603308 2048
95.560772 3.888356 2633.503842 2048
100.817371 4.144956 2470.472708 2048
105.813941 4.141525 2472.519215 2048
110.861619 4.189203 2444.378839 2048
115.652414 3.979999 2572.865177 2048
120.472549 3.800133 2694.642260 2048
125.203169 3.530753 2900.231257 2048
130.158807 3.486391 2937.134733 2048
135.138227 3.465811 2954.575153 2048
140.111470 3.439054 2977.562747 2048
145.020148 3.347733 3058.786679 2048
150.167684 3.495268 2929.675294 2048
155.288140 3.615724 2832.074401 2048
160.368710 3.696294 2770.342453 2048
165.443564 3.771148 2715.353328 2048
170.349172 3.676756 2785.063831 2048
175.364404 3.691989 2773.572918 2048
180.327063 3.654647 2801.912336 2048
185.486013 3.813597 2685.128691 2048
190.487328 3.814913 2684.202965 2048
195.454467 3.782051 2707.525616 2048
200.456839 3.784423 2705.828514 2048
205.411876 3.739460 2738.363091 2048
210.402417 3.730001 2745.307576 2048
215.432729 3.760313 2723.177614 2048
220.447256 3.774841 2712.697243 2048
225.461307 3.788892 2702.637397 2048
230.468448 3.796032 2697.553331 2048
235.494476 3.822061 2679.183058 2048
240.649950 3.977534 2574.459585 2048
245.646066 3.973650 2576.975581 2048
250.623442 3.951026 2591.732004 2048
255.570019 3.897603 2627.255760 2048
260.624475 3.952060 2591.053941 2048
265.644786 3.972370 2577.806227 2048
270.668681 3.996265 2562.392555 2048
275.676523 4.004108 2557.373895 2048
280.737649 4.065234 2518.920498 2048
285.789074 4.116659 2487.454196 2048
290.899392 4.226977 2422.535239 2048
295.861254 4.188838 2444.591820 2048
300.881729 4.209313 2432.701066 2048
305.919105 4.246689 2411.290063 2048
310.831246 4.158831 2462.230661 2048
315.883202 4.210786 2431.849904 2048
320.953044 4.280628 2392.172465 2048
325.798435 4.126019 2481.810910 2048
330.734987 4.062572 2520.571009 2048
335.637769 3.965353 2582.367924 2048
340.541343 3.868928 2646.728167 2048
345.603871 3.931455 2604.633564 2048
350.652072 3.979657 2573.086251 2048
355.676752 4.004336 2557.227785 2048
360.715279 4.042864 2532.858086 2048
365.713419 4.041003 2534.024107 2048
370.748197 4.075781 2512.401824 2048
375.803183 4.130767 2478.958404 2048
380.874411 4.201995 2436.937460 2048
385.763155 4.090740 2503.214805 2048
390.698660 4.026245 2543.312967 2048
395.645098 3.972683 2577.603309 2048
400.680576 4.008160 2554.788297 2048
405.595175 3.922759 2610.407636 2048
410.582683 3.910267 2618.747060 2048
415.639309 3.966893 2581.365043 2048
420.645243 3.972827 2577.509640 2048
425.715194 4.042778 2532.911793 2048
430.758930 4.086515 2505.802820 2048
435.842090 4.169675 2455.827165 2048
440.685477 4.013061 2551.668073 2048
445.579853 3.907437 2620.643819 2048
450.610884 3.938468 2599.995679 2048
455.731150 4.058734 2522.954102 2048
460.693856 4.021441 2546.351091 2048
465.575798 3.903382 2623.366118 2048
470.609124 3.936708 2601.158277 2048
475.646693 3.974278 2576.568829 2048
480.734016 4.061601 2521.173528 2048
485.730643 4.058228 2523.269019 2048
490.679417 4.007001 2555.527005 2048
495.589085 3.916670 2614.466174 2048
500.597555 3.925139 2608.824782 2048
505.644705 3.972289 2577.858801 2048
510.591184 3.918768 2613.066208 2048
515.532266 3.859850 2652.952970 2048
520.494982 3.822567 2678.828411 2048
525.396374 3.723958 2749.762507 2048
530.282300 3.609884 2836.655869 2048
535.283583 3.611168 2835.648012 2048
540.260919 3.588504 2853.557154 2048
545.300888 3.628472 2822.124243 2048
550.383944 3.711529 2758.971074 2048
555.463857 3.791441 2700.819829 2048
560.518923 3.846508 2662.155178 2048
565.556542 3.884127 2636.371307 2048
570.563393 3.890978 2631.729324 2048
575.581367 3.908952 2619.628207 2048
580.638561 3.966145 2581.852185 2048
585.683737 4.011322 2552.774550 2048
590.752307 4.079891 2509.870745 2048
595.787578 4.115162 2488.359004 2048
600.813607 4.141192 2472.718243 2048
605.874048 4.201633 2437.147914 2048
610.855814 4.183398 2447.770732 2048
615.882511 4.210095 2432.249065 2048
620.867301 4.194886 2441.067795 2048
625.889362 4.216947 2428.297308 2048
630.855381 4.182965 2448.024379 2048
635.852610 4.180194 2449.647202 2048
640.911688 4.239272 2415.508880 2048
645.711761 4.039345 2535.064535 2048
650.655589 3.983173 2570.814743 2048
655.587321 3.914905 2615.644658 2048
660.509542 3.837126 2668.663811 2048
665.407530 3.735114 2741.549622 2048
670.314569 3.642153 2811.523958 2048
675.265536 3.593120 2849.890733 2048
680.231604 3.559189 2877.060131 2048
685.334228 3.661812 2796.429595 2048
690.445658 3.773243 2713.846240 2048
695.505331 3.832915 2671.595648 2048
700.601494 3.929078 2606.209175 2048
705.666329 3.993914 2563.901135 2048
710.582417 3.910001 2618.925211 2048
715.507382 3.834966 2670.167111 2048
720.445553 3.773138 2713.921639 2048
725.349463 3.677048 2784.842960 2048
730.330170 3.657755 2799.531735 2048
735.318366 3.645951 2808.595269 2048
740.254870 3.582454 2858.375639 2048
745.206833 3.534417 2897.224313 2048
750.256390 3.583974 2857.163652 2048
755.318440 3.646024 2808.538634 2048
760.277380 3.604964 2840.527511 2048
765.241085 3.568670 2869.416681 2048
770.296357 3.623942 2825.652632 2048
775.333422 3.661006 2797.045187 2048
780.382211 3.709796 2760.259923 2048
785.403106 3.730690 2744.800680 2048
790.472776 3.800360 2694.481410 2048
795.520646 3.848230 2660.963309 2048
800.578636 3.906220 2621.459890 2048
805.663745 3.991329 2565.561268 2048
810.747725 4.075309 2512.692663 2048
815.819787 4.147371 2469.033719 2048
820.888494 4.216078 2428.797519 2048
825.914671 4.242256 2413.810264 2048
830.873646 4.201230 2437.381351 2048
835.875491 4.203075 2436.311312 2048
840.777471 4.105055 2494.485160 2048
845.668860 3.996444 2562.277886 2048
850.520406 3.847990 2661.129475 2048
855.489551 3.817136 2682.639747 2048
860.476422 3.804006 2691.898706 2048
865.536050 3.863634 2650.354266 2048
870.550340 3.877925 2640.587642 2048
875.558814 3.886398 2634.830506 2048
880.576366 3.903950 2622.984477 2048
885.640247 3.967831 2580.754998 2048
890.723723 4.051307 2527.579142 2048
895.691763 4.019348 2547.677057 2048
