# AIMDClient mimuroto
1.559066 0.413281 1548.584332 256
1.960388 0.401322 3189.455870 384
6.760602 0.201536 9526.810789 512
11.875845 0.316780 8081.324394 640
16.987692 0.428626 7465.716576 768
22.112014 0.552949 6944.588695 896
27.246662 0.687597 6515.447116 1024
32.449635 0.890569 5749.133669 1280
37.762728 1.203662 5317.107692 1536
43.339092 1.780027 4314.542139 1792
48.980344 2.421278 3700.524683 2048
54.814524 3.255458 3145.486744 2048
60.111516 3.552450 2882.517394 2048
65.274976 3.715910 2755.717922 2048
70.217409 3.658344 2799.080857 2048
75.172152 3.613086 2834.142345 2048
80.129934 3.570869 2867.649630 2048
85.202131 3.643066 2810.819488 2048
90.330540 3.771474 2715.118730 2048
95.430636 3.871570 2644.921676 2048
100.688920 4.129855 2479.506196 2048
105.678623 4.119558 2485.703857 2048
110.719447 4.160382 2461.312694 2048
115.526140 3.967074 2581.247396 2048
120.344886 3.785820 2704.829778 2048
125.082157 3.523091 2906.538505 2048
130.031267 3.472201 2949.138005 2048
134.984221 3.425156 2989.645175 2048
139.939812 3.380746 3028.917174 2048
144.870109 3.311043 3092.680741 2048
150.033187 3.474122 2947.507693 2048
155.160111 3.601045 2843.618992 2048
160.236521 3.677456 2784.533941 2048
165.341582 3.782517 2707.192209 2048
170.253150 3.694085 2771.999279 2048
175.228704 3.669639 2790.465449 2048
180.200548 3.641482 2812.041944 2048
185.346031 3.786965 2704.012032 2048
190.361515 3.802450 2693.000682 2048
195.327191 3.768126 2717.531349 2048
200.326439 3.767373 2718.074469 2048
205.279181 3.720115 2752.602959 2048
210.276245 3.717179 2754.777053 2048
215.303385 3.744319 2734.809767 2048
220.354387 3.795321 2698.058718 2048
225.320466 3.761400 2722.390325 2048
230.343094 3.784029 2706.110653 2048
235.365976 3.806910 2689.845240 2048
240.517049 3.957983 2587.176031 2048
245.524336 3.965270 2582.421567 2048
250.493982 3.934917 2602.342377 2048
255.436768 3.877702 2640.739197 2048
260.500895 3.941829 2597.778647 2048
265.527495 3.968429 2580.366002 2048
270.544114 3.985048 2569.605106 2048
275.549300 3.990235 2566.265005 2048
280.605853 4.046787 2530.402241 2048
285.661922 4.102856 2495.822127 2048
290.773123 4.214057 2429.962275 2048
295.738411 4.179346 2450.144398 2048
300.748794 4.189728 2444.072625 2048
305.790577 4.231512 2419.938925 2048
310.705256 4.146191 2469.736795 2048
315.746352 4.187286 2445.497928 2048
320.813594 4.254528 2406.847431 2048
325.679677 4.120611 2485.068258 2048
330.606854 4.047788 2529.776751 2048
335.510851 3.951785 2591.233984 2048
340.416100 3.857035 2654.889393 2048
345.480243 3.921177 2611.460602 2048
350.521829 3.962763 2584.055657 2048
355.546171 3.987105 2568.279370 2048
360.577537 4.018471 2548.232935 2048
365.589628 4.030562 2540.588551 2048
370.624649 4.065583 2518.703686 2048
375.680648 4.121582 2484.482814 2048
380.742679 4.183613 2447.644911 2048
385.643194 4.084129 2507.266733 2048
390.577457 4.018392 2548.283156 2048
395.447134 3.888069 2633.698404 2048
400.475367 3.916302 2614.711783 2048
405.402255 3.843189 2664.453623 2048
410.388662 3.829596 2673.911185 2048
415.413198 3.854132 2656.888703 2048
420.422062 3.862996 2650.792334 2048
425.499046 3.939980 2598.997778 2048
430.536314 3.977249 2574.644045 2048
435.621246 4.062180 2520.814000 2048
440.561383 4.002318 2558.517494 2048
445.437746 3.878681 2640.072921 2048
450.388111 3.829045 2674.296110 2048
455.498875 3.939809 2599.110863 2048
460.564656 4.005590 2556.427141 2048
465.447933 3.888867 2633.157687 2048
470.396827 3.837762 2668.222072 2048
475.420334 3.861268 2651.978598 2048
480.512014 3.952948 2590.471485 2048
485.593315 4.034250 2538.266314 2048
490.559087 4.000022 2559.986025 2048
495.452791 3.893726 2629.871985 2048
500.385398 3.826332 2676.192268 2048
505.426341 3.867276 2647.858869 2048
510.440490 3.881424 2638.207091 2048
515.322344 3.763279 2721.031464 2048
520.287893 3.728827 2746.172013 2048
525.169824 3.610758 2835.969399 2048
530.062894 3.503828 2922.517540 2048
534.867106 3.308040 3095.488335 2048
539.854930 3.295865 3106.923628 2048
545.069833 3.510767 2916.741260 2048
550.181511 3.622446 2826.819488 2048
555.231687 3.672622 2788.199088 2048
560.308043 3.748977 2731.411736 2048
565.352109 3.793043 2699.679266 2048
570.350897 3.791831 2700.542330 2048
575.367062 3.807996 2689.078174 2048
580.423021 3.863956 2650.133976 2048
585.464547 3.905481 2621.956207 2048
590.542760 3.983694 2570.478593 2048
595.666310 4.107245 2493.155654 2048
600.688656 4.129590 2479.664840 2048
605.755542 4.196476 2440.142634 2048
610.726578 4.167512 2457.101343 2048
615.753418 4.194352 2441.378357 2048
620.735568 4.176502 2451.812433 2048
625.763105 4.204039 2435.752751 2048
630.725328 4.166262 2457.838425 2048
635.725809 4.166743 2457.555058 2048
640.787776 4.228711 2421.541820 2048
645.581961 4.022896 2545.430085 2048
650.526476 3.967410 2581.028862 2048
655.458446 3.899380 2626.058561 2048
660.391407 3.832341 2671.996076 2048
665.281233 3.722168 2751.085030 2048
670.176010 3.616944 2831.119242 2048
675.141657 3.582591 2858.266289 2048
680.084173 3.525107 2904.876338 2048
685.195660 3.636594 2815.821412 2048
690.317358 3.758293 2724.641491 2048
695.388303 3.829237 2674.162083 2048
700.479353 3.920288 2612.053269 2048
705.541758 3.982693 2571.124918 2048
710.457010 3.897945 2627.025376 2048
715.362681 3.803616 2692.175238 2048
720.317138 3.758072 2724.801119 2048
725.229463 3.670397 2789.888699 2048
730.186017 3.626951 2823.308073 2048
735.196643 3.637577 2815.060696 2048
740.131574 3.572509 2866.333065 2048
745.078571 3.519505 2909.499884 2048
750.129704 3.570638 2867.834910 2048
755.190911 3.631845 2819.503404 2048
760.156335 3.597269 2846.603708 2048
765.105779 3.546713 2887.180207 2048
770.167308 3.608242 2837.947206 2048
775.209621 3.650556 2805.052449 2048
780.254247 3.695181 2771.176515 2048
785.282532 3.723467 2750.125303 2048
790.349001 3.789936 2701.892779 2048
795.381535 3.822469 2678.896540 2048
800.459853 3.900787 2625.110985 2048
805.534542 3.975477 2575.791673 2048
810.621064 4.061999 2520.926487 2048
815.690897 4.131831 2478.319939 2048
820.752566 4.193501 2441.874013 2048
825.782080 4.223014 2424.808259 2048
830.731000 4.171935 2454.496650 2048
835.745569 4.186503 2445.955370 2048
840.643379 4.084313 2507.153456 2048
845.548658 3.989592 2566.678576 2048
850.422842 3.863776 2650.256985 2048
855.395451 3.836386 2669.178883 2048
860.375094 3.816029 2683.418023 2048
865.435961 3.876895 2641.288794 2048
870.443884 3.884818 2635.902136 2048
875.440273 3.881207 2638.354595 2048
880.459364 3.900298 2625.440391 2048
885.506740 3.947674 2593.932557 2048
890.596317 4.037251 2536.379408 2048
895.568973 4.009907 2553.675259 2048
