# AndroidClient mimuroto
1.695306 0.469134 1364.214984 1024
2.417270 0.721964 7091.769379 3840
11.011998 4.316692 4447.850810 3584
17.149918 5.454612 3285.293211 3072
20.752975 3.603057 4263.046874 3072
26.388715 4.238797 3623.669955 3072
32.521702 5.371784 2859.385513 2816
36.538432 4.016730 3505.338710 2816
42.711044 5.189343 2713.253081 2560
46.867588 4.156544 3079.481334 2560
52.346942 4.635898 2761.061877 2560
58.065481 5.354436 2390.541118 2560
63.923119 5.857638 2185.181046 2304
68.389457 4.466339 2579.293893 2304
73.216757 4.293638 2683.039153 2304
78.151125 4.228006 2724.688669 2304
83.059712 4.136594 2784.900121 2304
88.561854 4.638735 2483.435546 2304
93.747267 4.824148 2387.986344 2304
99.000661 5.077542 2268.814143 2304
103.955555 4.954894 2324.973965 2304
108.939749 4.939088 2332.414297 2048
112.504453 3.503792 2922.547738 2048
117.184290 3.183629 3216.455351 2048
121.925216 2.924555 3501.387113 2304
127.716628 3.715967 3100.134911 2304
132.776250 3.775589 3051.179399 2304
137.695288 3.694627 3118.041613 2304
142.730919 3.730257 3088.258725 2304
147.242116 3.241455 3553.959574 2304
152.477278 3.476617 3313.566256 2304
157.665344 3.664683 3143.519026 2304
163.152802 4.152141 2774.472076 2304
168.244917 4.244256 2714.256713 2304
172.641811 3.641150 3163.835424 2304
178.110043 4.109382 2803.341300 2304
182.847067 3.846406 2995.003794 2304
188.095957 4.095296 2812.983371 2304
193.005469 4.004807 2876.542780 2304
197.613236 3.612575 3188.860889 2304
202.881847 3.881186 2968.164949 2304
207.483747 3.483085 3307.412427 2304
212.428512 3.427851 3360.705890 2304
217.744839 3.744177 3076.777258 2304
222.655850 3.655189 3151.683551 2304
227.641405 3.640743 3164.188923 2304
232.699921 3.699259 3114.136835 2304
237.809277 3.808616 3024.720555 2304
242.944675 3.944014 2920.881881 2304
247.840760 3.840099 2999.922603 2304
252.703371 3.702710 3111.234907 2304
257.427592 3.426931 3361.608116 2304
262.803469 3.802808 3029.340768 2304
267.963551 3.962890 2906.969601 2304
273.021968 4.021306 2864.740680 2304
278.163882 4.163220 2767.088665 2304
283.433212 4.432551 2598.955126 2304
288.799014 4.798353 2400.823996 2304
294.123714 5.123053 2248.659038 2304
299.166268 5.042553 2284.556846 2304
304.286073 5.119805 2250.085477 2304
309.412303 5.126230 2247.265593 2304
314.418884 5.006581 2300.971654 2304
319.539830 5.120946 2249.584230 2048
323.255892 3.716062 2755.605340 2048
328.027537 3.487707 2936.026606 2048
332.711981 3.172151 3228.093738 2048
337.323322 2.783492 3678.832754 2304
342.849389 3.309559 3480.826612 2304
348.236977 3.697147 3115.916263 2304
353.493901 3.954071 2913.453081 2304
358.629475 4.089645 2816.870596 2304
363.807167 4.267337 2699.576120 2304
368.861289 4.321459 2665.766200 2304
374.003100 4.463270 2581.067405 2304
379.424935 4.885105 2358.188709 2048
383.194122 3.654292 2802.184133 2048
387.933105 3.393275 3017.733521 2048
392.773685 3.233855 3166.499754 2304
398.608486 4.068656 2831.402157 2048
402.706306 3.166476 3233.879253 2304
408.177365 3.637535 3166.979531 2304
413.336982 3.797152 3033.852519 2304
418.475505 3.935675 2927.071276 2304
423.613737 4.073907 2827.752352 2304
428.965669 4.425839 2602.896536 2304
434.226369 4.686539 2458.104056 2048
438.065254 3.525424 2904.615464 2048
442.765129 3.225299 3174.899330 2304
448.526957 3.987127 2889.298730 2304
453.840240 4.300410 2678.814655 2048
457.978287 3.438457 2978.079892 2048
462.782809 3.242979 3157.590740 2304
468.494868 3.955038 2912.740893 2304
473.712811 4.172981 2760.616553 2304
479.039076 4.499246 2560.429080 2048
482.962980 3.423149 2991.397304 2048
487.945030 3.405200 3007.165143 2048
492.734006 3.194176 3205.835065 2304
498.586415 4.046585 2846.844675 2304
503.649535 4.109705 2803.120973 2048
507.725056 3.185226 3214.842366 2048
512.504833 2.965003 3453.621985 2048
517.300046 2.760216 3709.854598 2048
522.078113 2.538283 4034.223193 2048
526.636736 2.096906 4883.386437 2048
531.541119 2.001289 5116.701620 2048
536.558496 2.018666 5072.656399 2304
541.764476 2.224646 5178.352285 2304
547.108313 2.568483 4485.137599 2304
552.545400 3.005570 3832.883483 2304
557.894423 3.354593 3434.097445 2304
563.236808 3.696978 3116.058323 2304
568.471185 3.931355 2930.287546 2304
573.549779 4.009949 2872.854646 2304
578.579786 4.039956 2851.516408 2304
583.978886 4.439056 2595.146308 2304
589.187700 4.647870 2478.554939 2304
594.368883 4.829052 2385.561156 2304
599.508633 4.968803 2318.465651 2304
604.545073 5.005243 2301.586692 2304
609.576436 5.031363 2289.638016 2304
614.636128 5.059692 2276.818433 2304
619.701320 5.065192 2274.346055 2304
624.811947 5.110627 2254.126538 2304
629.916353 5.104406 2256.873748 2304
634.973179 5.056826 2278.108990 2304
640.067662 5.094483 2261.269509 2048
643.685889 3.618227 2830.115358 2048
648.376621 3.308958 3094.629373 2048
653.263350 3.195688 3204.317719 2048
658.094307 3.026645 3383.284383 2048
663.003401 2.935739 3488.048577 2304
669.025784 3.958122 2910.471309 2048
672.844290 2.776628 3687.926246 2304
678.768271 3.700609 3113.001050 2304
683.948597 3.880935 2968.356812 2304
689.181250 4.113588 2800.474868 2304
694.359549 4.291886 2684.134372 2304
699.524887 4.457225 2584.567976 2048
703.368722 3.301059 3102.034455 2048
708.276176 3.208514 3191.509057 2048
713.135375 3.067713 3337.991397 2048
718.022135 2.954472 3465.931835 2048
722.840950 2.773288 3692.368336 2304
728.987018 3.919355 2939.258830 2048
732.841118 2.773455 3692.145062 2304
738.885999 3.818337 3017.020379 2304
743.911637 3.843974 2996.898172 2304
748.877857 3.810194 3023.467728 2304
754.030615 3.962953 2906.922964 2048
757.785372 2.717710 3767.877828 2304
763.814591 3.746929 3074.517677 2304
768.966556 3.898894 2954.684334 2304
774.062855 3.995193 2883.465286 2304
779.119282 4.051620 2843.307005 2304
784.187512 4.119850 2796.218238 2304
789.295219 4.227557 2724.977955 2304
794.394540 4.326877 2662.428132 2304
799.528293 4.460631 2582.594208 2304
804.647305 4.579643 2515.480112 2304
809.797937 4.730275 2435.376443 2304
814.939328 4.871666 2364.694055 2304
820.099598 5.031936 2289.377451 2304
825.252778 5.153180 2235.512907 2304
830.408737 5.155959 2234.307877 2304
835.500062 5.091326 2262.671968 2048
839.149192 3.649129 2806.148859 2048
843.910811 3.410748 3002.273789 2048
848.638566 3.138503 3262.701734 2048
853.542287 3.042225 3365.957894 2304
859.724719 4.224657 2726.848712 2304
864.932831 4.432769 2598.827155 2048
868.735959 3.235897 3164.501367 2304
874.831836 4.331774 2659.418617 2304
880.003067 4.503005 2558.291840 2304
885.065554 4.565492 2523.276956 2304
890.214758 4.714696 2443.423828 2048
893.962589 3.462526 2957.378283 2048
897.449830 1.949768 5251.908032 2304
