# AndroidClient mimuroto
4.205728 0.145067 4411.754691 4352
10.941287 6.685559 3254.776591 3072
13.944566 2.953278 3033.916391 3072
16.867787 2.923221 3065.111580 3072
21.696339 4.828552 2915.988220 3072
26.506228 4.809890 2927.302088 2816
31.377363 4.871134 2890.497106 2816
36.028076 4.650714 3027.492443 2816
40.656265 4.628189 3042.226931 2816
45.082726 4.426461 3180.870392 2816
49.719414 4.636688 3036.650478 2816
54.216942 4.497528 3130.608847 2816
58.764868 4.547926 3095.916801 2816
63.509308 4.744440 2967.684360 2816
68.074817 4.565509 3083.993176 2816
72.562716 4.487899 3137.325531 2816
77.047033 4.484317 3139.831397 2816
81.558420 4.511386 3120.991758 2816
86.266440 4.708020 2990.641235 2816
90.877115 4.610675 3053.782534 2816
95.394968 4.403680 3197.325551 2816
100.467174 4.475886 3145.745602 3072
105.755174 4.763887 3224.257683 3072
110.873691 4.882404 3145.991003 3072
115.858342 4.867054 3155.912898 3072
120.823182 4.831895 3178.876873 3072
125.793841 4.802553 3198.298622 3072
130.880925 4.889638 3141.336767 3072
135.809627 4.818340 3187.819736 3072
140.817040 4.825753 3182.922858 3072
145.920320 4.929032 3116.230277 3072
150.782071 4.790783 3206.156181 3072
155.912095 4.920808 3121.438750 3072
160.897632 4.906345 3130.640103 3072
165.814787 4.823500 3184.409425 3072
170.959997 4.968710 3091.345877 3072
175.725875 4.734588 3244.210584 3072
180.942329 4.951042 3102.377283 3072
185.971153 4.979866 3084.420576 3072
190.933857 4.942570 3107.695032 3072
195.862535 4.871248 3153.195817 3072
200.843213 4.851926 3165.752982 3072
205.989041 4.997754 3073.380374 3072
210.864732 4.873444 3151.774896 3072
215.948467 4.957180 3098.536168 3072
220.898999 4.907712 3129.767983 3072
225.974598 4.983311 3082.288321 3072
230.840279 4.848992 3167.668724 3072
235.909160 4.917873 3123.301512 3072
240.860234 4.868947 3154.686495 3072
245.950455 4.959168 3097.293940 3072
250.862837 4.871550 3153.000771 3072
255.942054 4.950766 3102.549935 3072
260.833505 4.842218 3172.100006 3072
265.813843 4.822556 3185.033248 3072
270.731474 4.740187 3240.378494 3072
275.689874 4.698587 3269.068172 3072
280.698877 4.707589 3262.816397 3072
285.518646 4.527359 3392.706153 3072
290.490841 4.499554 3413.671494 3072
295.631732 4.640445 3310.027128 3072
300.403352 4.412065 3481.362929 3072
305.843532 4.852245 3165.545122 3072
310.820110 4.828823 3180.899616 3072
315.965306 4.974019 3088.046311 3072
320.763497 4.772210 3218.634620 3072
325.894011 4.902724 3132.952465 3072
330.826401 4.835114 3176.760713 3072
335.883164 4.891877 3139.898843 3072
340.838420 4.847132 3168.883880 3072
345.744529 4.753242 3231.478846 3072
351.014532 5.023245 3057.784482 3072
355.872087 4.857555 3162.084645 3072
360.972118 4.980831 3083.822874 3072
365.997209 5.005922 3068.366000 3072
370.909763 4.912554 3126.683298 3072
375.980698 4.989410 3078.520072 3072
380.980205 4.988918 3078.823678 3072
385.945593 4.954305 3100.333691 3072
390.991114 4.999826 3072.106656 3072
395.887793 4.896506 3136.930971 3072
400.980616 4.989329 3078.570537 3072
405.926654 4.935367 3112.230488 3072
410.851480 4.860193 3160.368144 3072
415.925249 4.933962 3113.117062 3072
420.640456 4.649169 3303.816208 3072
425.718141 4.726854 3249.518768 3072
430.769208 4.777921 3214.787230 3072
435.910428 4.919141 3122.496156 3072
440.910180 4.918893 3122.654083 3072
445.899999 4.908712 3129.130566 3072
451.004940 5.013653 3063.634489 3072
455.932729 4.927789 3117.016519 3072
460.832314 4.841027 3172.880410 3072
465.775767 4.784480 3210.380021 3072
470.897840 4.906553 3130.507173 3072
475.923787 4.932500 3114.039731 3072
480.823132 4.831845 3178.909770 3072
485.815417 4.824130 3183.993799 3072
490.712176 4.720889 3253.624303 3072
495.680595 4.689308 3275.536794 3072
500.842949 4.851661 3165.925783 3072
505.996565 5.005278 3068.760454 3072
511.067395 5.070829 3029.090358 3072
516.156917 5.089522 3017.965174 3072
520.913999 4.757082 3228.870046 3072
525.873490 4.882203 3146.120931 3072
530.801999 4.810712 3192.874380 3072
535.966061 4.974773 3087.577756 3072
540.886008 4.894721 3138.074818 3072
545.814885 4.823598 3184.345184 3072
550.677278 4.685990 3277.855599 3072
555.606578 4.615291 3328.067657 3072
560.552616 4.561329 3367.439441 3072
565.821301 4.830014 3180.115095 3072
570.924066 4.932779 3113.863672 3072
575.711292 4.720005 3254.234145 3072
580.480097 4.488810 3421.842074 3072
585.902307 4.911020 3127.659848 3072
591.113081 5.121794 2998.949286 3072
596.431267 5.318186 2888.202648 3072
601.715485 5.284217 2906.769222 3072
606.848580 5.133095 2992.346712 3072
612.060304 5.211724 2947.201103 3072
617.245593 5.185289 2962.226478 3072
622.528865 5.283272 2907.289226 3072
627.728588 5.199723 2954.003230 3072
633.012872 5.284283 2906.732970 3072
638.219945 5.207073 2949.833778 3072
643.357131 5.137186 2989.963863 3072
648.479231 5.122100 2998.769931 3072
653.589345 5.110114 3005.803571 3072
658.765357 5.176012 2967.535417 3072
663.940666 5.175309 2967.938765 3072
669.086822 5.146156 2984.752243 3072
674.226601 5.139779 2988.455611 3072
679.455241 5.228640 2937.666190 3072
684.586241 5.131000 2993.568759 3072
689.832245 5.246004 2927.942678 3072
694.990387 5.158142 2977.816599 3072
700.133810 5.143423 2986.338154 3072
705.393469 5.259659 2920.341361 3072
710.577852 5.184384 2962.743588 3072
715.849228 5.271376 2913.850261 3072
720.997029 5.147800 2983.798686 3072
726.083368 5.086339 3019.853693 3072
731.212752 5.129384 2994.511453 3072
736.381791 5.169039 2971.538889 3072
741.530755 5.148964 2983.124589 3072
746.769066 5.238311 2932.242829 3072
752.010341 5.241275 2930.584669 3072
757.268098 5.257758 2921.397453 3072
762.405100 5.137002 2990.070801 3072
767.623566 5.218465 2943.394066 3072
772.907819 5.284253 2906.749624 3072
778.128347 5.220528 2942.230883 3072
783.331603 5.203256 2951.997851 3072
788.501108 5.169505 2971.270694 3072
793.721089 5.219981 2942.539496 3072
797.192798 3.471708 2949.556393 3072
801.549590 4.356792 2937.941454 2816
806.377547 4.827957 2916.347207 2816
811.075619 4.698072 2996.974202 2816
815.817078 4.741459 2969.549955 2816
820.529129 4.712051 2988.083021 2816
825.208413 4.679284 3009.007616 2816
829.838061 4.629648 3041.267623 2816
834.568663 4.730602 2976.365672 2816
839.324243 4.755580 2960.732225 2816
844.046377 4.722134 2981.702677 2816
848.677225 4.630848 3040.480095 2816
853.446496 4.769271 2952.233352 2816
858.070888 4.624392 3044.724712 2816
862.841958 4.771070 2951.119989 2816
867.517917 4.675960 3011.146456 2816
872.264215 4.746298 2966.522544 2816
877.071384 4.807168 2928.959297 2816
881.779492 4.708108 2990.585676 2816
886.483347 4.703855 2993.289402 2816
890.496646 4.013300 3508.335097 2816
