# AndroidClient mimuroto
3.167236 0.108130 5918.813474 5120
10.297943 7.080706 3615.458563 3584
13.308996 2.961053 3025.950472 3328
16.321036 3.012040 2974.727991 3328
20.604426 4.283390 2988.287018 3072
24.981557 4.377131 2924.290107 3072
29.403752 4.422195 2894.489935 3072
34.432015 5.028263 3054.732794 3072
39.579335 5.147320 2984.077095 3072
44.350399 4.771064 3219.407630 3072
49.270700 4.920301 3121.760330 3072
54.125974 4.855274 3163.570141 3072
59.106900 4.980926 3083.764040 3072
64.286595 5.179695 2965.425837 3072
69.206644 4.920049 3121.920257 3072
74.096529 4.889885 3141.178155 3072
78.984014 4.887485 3142.720417 3072
83.920398 4.936384 3111.589529 3072
89.189294 5.268896 2915.221512 3072
93.976127 4.786833 3208.802456 3072
98.700584 4.724457 3251.167329 3072
103.165467 4.464884 3440.179054 3072
107.859696 4.694229 3272.102849 3072
112.746805 4.887108 3142.962927 3072
117.658657 4.911853 3127.129601 3072
122.458156 4.799499 3200.333907 3072
127.379029 4.920872 3121.397971 3072
132.240694 4.861665 3159.411292 3072
137.205803 4.965109 3093.587800 3072
142.179029 4.973227 3088.537961 3072
147.002416 4.823387 3184.484577 3072
151.860202 4.857786 3161.934127 3072
156.790408 4.930206 3115.488369 3072
161.625711 4.835302 3176.636986 3072
166.461314 4.835604 3176.439092 3072
171.370396 4.909082 3128.894604 3072
176.192992 4.822596 3185.006505 3072
181.074720 4.881728 3146.426877 3072
185.981888 4.907168 3130.115090 3072
190.957101 4.975214 3087.304664 3072
195.827955 4.870854 3153.451155 3072
200.638118 4.810162 3193.239377 3072
205.641794 5.003676 3069.743145 3072
210.525496 4.883702 3145.154972 3072
215.479719 4.954223 3100.385479 3072
220.422404 4.942686 3107.622318 3072
225.368304 4.945900 3105.602502 3072
230.136695 4.768390 3221.212797 3072
235.340616 4.992673 3076.508229 3072
240.317614 4.969671 3090.747582 3072
245.378637 5.030694 3053.256617 3072
250.266157 4.887520 3142.697878 3072
255.242174 4.894231 3138.388826 3072
260.271823 4.923880 3119.491175 3072
265.124590 4.776648 3215.644382 3072
269.996084 4.648142 3304.546349 3072
275.012323 4.664380 3293.042239 3072
279.998077 4.650134 3303.130382 3072
284.892202 4.544260 3380.088538 3072
289.657987 4.310044 3563.768724 3072
294.675216 4.327274 3549.579160 3072
299.774424 4.426481 3470.024726 3072
304.682731 4.334788 3543.425791 3072
310.248079 4.900137 3134.606349 3072
315.257302 4.909359 3128.717897 3072
320.172095 4.824152 3183.979103 3072
325.131903 4.783961 3210.728708 3072
330.213129 4.865186 3157.124669 3072
335.071706 4.723764 3251.644429 3072
340.118657 4.770715 3219.643380 3072
345.091405 4.743462 3238.140942 3072
350.268819 4.920876 3121.395154 3072
355.256005 4.908062 3129.544696 3072
360.339764 4.991821 3077.033387 3072
365.362031 5.014088 3063.368370 3072
370.274147 4.912116 3126.962075 3072
375.228563 4.880620 3147.140968 3072
380.265824 4.917881 3123.296204 3072
385.207866 4.859923 3160.543593 3072
390.264122 4.916180 3124.377154 3072
395.287499 4.939556 3109.590931 3072
400.315770 4.967828 3091.894715 3072
405.260346 4.912403 3126.778983 3072
410.360983 5.013041 3064.008741 3072
415.264128 4.903144 3132.683608 3072
420.029523 4.681580 3280.943304 3072
425.113018 4.765076 3223.453415 3072
430.166007 4.818064 3188.002326 3072
435.165277 4.817334 3188.485380 3072
440.239482 4.891539 3140.116025 3072
445.257491 4.909548 3128.597502 3072
450.341115 4.993173 3076.200369 3072
455.349348 5.001405 3071.136732 3072
460.202707 4.853359 3164.818719 3072
465.142393 4.794450 3203.704224 3072
470.149901 4.801959 3198.694691 3072
475.256640 4.908697 3129.140021 3072
480.127814 4.779872 3213.475488 3072
485.065082 4.717140 3256.210556 3072
490.084108 4.736165 3243.130013 3072
495.087365 4.739423 3240.901183 3072
500.242179 4.894236 3138.385412 3072
505.277770 4.929827 3115.728037 3072
510.476094 5.128151 2995.231668 3072
515.430194 4.954101 3100.461839 3072
520.321553 4.891359 3140.231634 3072
525.287426 4.939484 3109.636849 3072
530.145375 4.797432 3201.712628 3072
535.162436 4.814494 3190.366723 3072
540.405540 5.057597 3037.015344 3072
545.197114 4.791574 3205.627103 3072
550.111933 4.763991 3224.187539 3072
555.038854 4.690911 3274.417354 3072
559.938000 4.590057 3346.363349 3072
565.173377 4.825434 3183.133155 3072
570.302263 4.954320 3100.324430 3072
575.293402 4.945459 3105.879305 3072
579.816180 4.468238 3437.596789 3072
585.108265 4.760322 3226.672455 3072
590.682872 5.334929 2879.138590 3072
595.780306 5.097434 3013.280618 3072
600.892492 5.112186 3004.585283 3072
606.134669 5.242177 2930.080634 3072
611.322951 5.188282 2960.517498 3072
616.484537 5.161586 2975.829542 3072
621.690189 5.205652 2950.638783 3072
626.877730 5.187541 2960.940575 3072
632.031114 5.153384 2980.565879 3072
637.228209 5.197095 2955.497320 3072
642.514760 5.286551 2905.486147 3072
647.710164 5.195404 2956.458980 3072
652.951972 5.241808 2930.286852 3072
658.100784 5.148812 2983.212357 3072
663.284342 5.183558 2963.215802 3072
668.404969 5.120627 2999.632408 3072
673.615714 5.210745 2947.755238 3072
678.798512 5.182799 2963.649718 3072
683.991228 5.192716 2957.989775 3072
689.190688 5.199460 2954.153074 3072
694.341572 5.150884 2982.012371 3072
699.585304 5.243732 2929.211335 3072
704.774357 5.189053 2960.077904 3072
710.082223 5.307866 2893.818441 3072
715.394020 5.311798 2891.676343 3072
720.658812 5.264791 2917.494598 3072
725.796173 5.137361 2989.861631 3072
731.027423 5.231249 2936.201074 3072
736.274561 5.247139 2927.309622 3072
741.430597 5.156036 2979.032938 3072
746.575071 5.144474 2985.727802 3072
751.746483 5.171411 2970.175679 3072
756.862645 5.116162 3002.250457 3072
762.065545 5.202900 2952.199577 3072
767.139975 5.074430 3026.941183 3072
772.335345 5.195371 2956.478138 3072
777.535349 5.200003 2953.844305 3072
781.023736 3.488387 2935.454025 3072
785.800396 4.776660 2947.666350 3072
790.603431 4.803035 2931.479652 3072
795.312965 4.709534 2989.679923 3072
800.055205 4.742239 2969.061423 3072
805.198756 5.143551 2986.263777 2816
810.355020 5.156264 2978.901000 2816
815.499024 5.144004 2986.000602 2816
820.625046 5.126022 2996.475609 2816
825.743982 5.118936 3000.623561 2816
831.013169 5.269187 2915.060925 2816
836.139758 5.126590 2996.143861 2816
841.359805 5.220047 2942.502244 2816
846.583496 5.223691 2940.449706 2816
851.775211 5.191715 2958.560005 2816
857.003318 5.228107 2937.965645 2816
862.139373 5.136055 2990.622277 2816
867.297953 5.158580 2977.563776 2816
872.460925 5.162972 2975.030527 2816
877.655223 5.194298 2957.088506 2816
882.833869 5.178646 2966.026230 2816
887.912020 5.078150 3024.723486 2816
891.459155 3.547136 4330.254093 2816
892.708937 1.249781 12290.148590 3072
