# WEMAClient mimuroto
2.137520 0.076579 8357.426000 5120
7.275498 5.087978 5031.468000 4864
10.346466 3.020968 2965.937000 2816
14.209545 3.863079 2982.077000 2816
19.024927 4.815382 2923.962000 2816
23.783998 4.759070 2958.560000 2816
28.527792 4.743794 2968.088000 2816
33.149366 4.621575 3046.580000 2816
37.855242 4.705876 2992.004000 2816
42.350223 4.494981 3132.382000 3072
47.267485 4.917261 3123.689000 3072
52.099923 4.832438 3178.519000 3072
56.912076 4.812153 3191.918000 3072
62.073016 5.160940 2976.201000 2816
66.998674 4.925657 3118.365000 3072
71.888773 4.890099 3141.040000 3072
76.808277 4.919504 3122.266000 3072
81.773738 4.965461 3093.368000 3072
86.811055 5.037317 3049.242000 2816
91.686296 4.875241 3150.613000 3072
96.441508 4.755212 3230.139000 3072
100.998383 4.556874 3370.731000 3328
105.999212 5.000829 3327.448000 3072
111.178268 5.179056 3212.940000 3072
116.363029 5.184762 3209.404000 3072
121.713725 5.350695 3109.876000 3072
127.064283 5.350559 3109.955000 3072
132.336965 5.272681 3155.889000 3072
137.765312 5.428348 3065.389000 2816
143.090066 5.324754 3125.027000 3072
148.454738 5.364672 3101.773000 3072
153.720740 5.266002 3159.892000 3072
158.958996 5.238255 3176.630000 3072
164.158314 5.199318 3200.419000 3072
169.424147 5.265834 3159.993000 3072
174.692686 5.268538 3158.371000 3072
179.894512 5.201826 3198.876000 3072
185.292459 5.397947 3082.653000 3072
189.458101 4.165642 3072.755000 3072
194.403280 4.945179 3106.055000 3072
199.249614 4.846334 3169.405000 3072
204.151683 4.902069 3133.370000 3072
209.181250 5.029567 3053.941000 2816
214.126572 4.945322 3105.965000 3072
219.161652 5.035080 3050.597000 2816
224.091748 4.930097 3115.557000 3072
229.006660 4.914911 3125.183000 3072
233.819466 4.812806 3191.485000 3072
238.783924 4.964458 3093.993000 3072
243.762580 4.978656 3085.170000 3072
248.688734 4.926154 3118.051000 3072
253.655634 4.966901 3092.471000 3072
258.526854 4.871220 3153.214000 3072
263.313230 4.786376 3209.108000 3072
267.948088 4.634858 3314.017000 3072
272.412357 4.464269 3440.652000 3328
277.255701 4.843343 3435.643000 3328
282.380786 5.125085 3246.775000 3072
286.887748 4.506962 3692.065000 3584
291.710696 4.822948 3715.570000 3584
296.862984 5.152288 3478.066000 3328
301.674959 4.811975 3724.042000 3584
307.173543 5.498585 3259.020000 3072
312.850518 5.676974 3156.611000 3072
318.606938 5.756420 3113.045000 3072
324.137782 5.530845 3240.011000 3072
329.822246 5.684464 3152.451000 3072
335.448866 5.626620 3184.860000 3072
341.003722 5.554856 3226.006000 3072
344.712755 3.709032 3105.931000 3072
348.780479 4.067724 3146.722000 3072
353.706652 4.926173 3118.039000 3072
358.595372 4.888720 3141.926000 3072
363.524695 4.929323 3116.046000 3072
368.460465 4.935770 3111.976000 3072
373.335026 4.874561 3151.052000 3072
378.202268 4.867242 3155.791000 3072
383.069762 4.867494 3155.628000 3072
388.121118 5.051356 3040.767000 2816
393.073199 4.952081 3101.726000 3072
397.945431 4.872232 3152.559000 3072
402.914886 4.969455 3090.882000 3072
407.700924 4.786038 3209.334000 3072
412.447293 4.746368 3236.158000 3072
417.306219 4.858926 3161.192000 3072
422.003725 4.697506 3269.820000 3072
426.635676 4.631951 3316.096000 3072
431.520805 4.885129 3144.236000 3072
436.340086 4.819282 3187.197000 3072
441.229536 4.889450 3141.457000 3072
446.192618 4.963082 3094.851000 3072
451.122316 4.929698 3115.809000 3072
456.155221 5.032905 3051.915000 2816
460.929754 4.774534 3217.068000 3072
465.681198 4.751444 3232.701000 3072
470.552165 4.870967 3153.377000 3072
475.493540 4.941376 3108.446000 3072
480.248220 4.754680 3230.501000 3072
485.012231 4.764011 3224.173000 3072
489.648809 4.636578 3312.788000 3072
494.291299 4.642490 3308.569000 3072
499.055370 4.764071 3224.133000 3072
504.037824 4.982453 3082.818000 3072
509.155882 5.118059 3001.137000 2816
514.221724 5.065842 3032.072000 2816
518.882020 4.660296 3295.928000 3072
523.712217 4.830197 3179.994000 3072
528.508952 4.796735 3202.177000 3072
533.181227 4.672275 3287.477000 3072
538.232092 5.050865 3041.063000 2816
543.163480 4.931388 3114.741000 3072
547.955931 4.792451 3205.040000 3072
552.522360 4.566429 3363.678000 3328
557.310251 4.787891 3475.434000 3328
562.465526 5.140028 3237.336000 3072
567.700255 5.234729 3178.769000 3072
572.920360 5.220105 3187.675000 3072
577.664347 4.743987 3507.597000 3328
582.701008 5.036660 3303.776000 3072
588.102850 5.401843 3080.430000 3072
593.762396 5.659546 2940.165000 2816
599.435087 5.672691 2933.352000 2816
605.093412 5.658325 2940.799000 2816
610.755307 5.661896 2938.945000 2816
616.239368 5.484061 3034.247000 2816
621.664084 5.424716 3067.441000 2816
627.334437 5.670352 2934.561000 2816
632.936785 5.602348 2970.183000 2816
638.531639 5.594854 2974.161000 2816
644.128676 5.597038 2973.001000 2816
649.876632 5.747956 2894.942000 2816
655.626762 5.750129 2893.848000 2816
661.261453 5.634692 2953.134000 2816
666.879770 5.618317 2961.741000 2816
669.888857 3.009087 2977.647000 2816
674.594011 4.705154 2992.462000 2816
679.476232 4.882221 2883.933000 2816
684.237455 4.761223 2957.223000 2816
689.009712 4.772257 2950.386000 2816
693.796284 4.786572 2941.562000 2816
698.491358 4.695074 2998.887000 2816
703.203186 4.711828 2988.224000 2816
707.932164 4.728978 2977.387000 2816
712.706805 4.774640 2948.913000 2816
717.421122 4.714318 2986.646000 2816
722.192601 4.771479 2950.866000 2816
726.937430 4.744829 2967.441000 2816
731.720292 4.782862 2943.844000 2816
736.480829 4.760537 2957.649000 2816
741.357008 4.876179 2887.506000 2816
746.098574 4.741566 2969.482000 2816
750.836252 4.737678 2971.920000 2816
755.503643 4.667391 3016.674000 2816
760.192649 4.689006 3002.768000 2816
764.952746 4.760096 2957.923000 2816
769.623663 4.670917 3014.397000 2816
774.350177 4.726514 2978.939000 2816
779.220503 4.870325 2890.977000 2816
783.963598 4.743095 2968.525000 2816
788.799356 4.835758 2911.642000 2816
793.541292 4.741936 2969.251000 2816
798.326045 4.784754 2942.680000 2816
802.924179 4.598134 3062.111000 2816
807.616885 4.692705 3000.401000 2816
812.383979 4.767094 2953.581000 2816
817.201793 4.817814 2922.487000 2816
822.047437 4.721939 2981.825000 2816
827.089685 4.764187 2955.383000 2816
832.102972 4.777474 2947.164000 2816
837.168351 4.842853 2907.377000 2816
842.163748 4.838250 2910.143000 2816
847.086771 4.761273 2957.192000 2816
852.049880 4.724382 2980.283000 2816
857.091619 4.766121 2954.184000 2816
862.123640 4.798142 2934.468000 2816
867.118759 4.793261 2937.457000 2816
872.074277 4.748779 2964.972000 2816
877.058141 4.732643 2975.081000 2816
882.110817 4.785319 2942.332000 2816
887.073579 4.748081 2965.408000 2816
