2.051357 18033.365455 0.000000
3.051493 18964.143017 18033.365455
4.054112 19257.300551 19894.920580
5.055700 18849.959546 20347.483121
6.056681 18935.603212 19995.712995
7.059978 19623.560018 19597.622319
8.062113 19353.549052 19749.039809
9.062824 19189.419259 19590.870382
10.064492 18686.177991 19329.357991
11.067499 19047.466210 18786.186162
12.069635 18890.521860 18760.564368
13.072711 19159.501180 18701.770670
14.074680 19160.281693 18921.296108
15.078393 19439.605159 19091.195480
16.078913 18708.927015 19402.909319
17.081727 18129.467620 19019.931590
18.085506 19521.410764 18316.097036
19.085626 18835.402846 18961.479763
20.087692 19160.442170 18909.647938
21.090196 19414.012817 19108.950245
22.092363 19180.588972 19411.652365
23.094300 19994.388237 19388.525654
24.096186 18847.320397 19935.327577
25.097425 19011.192114 19363.192824
26.099657 18609.511828 19071.061128
27.100645 18413.895086 18608.767812
28.100829 18574.379868 18231.094602
29.101461 15602.581499 18208.321704
30.102122 10862.035466 16059.601020
31.107403 7964.404007 11315.576272
32.757192 7592.218168 6656.955103
33.760994 9574.064449 4375.367365
34.764538 11666.046512 5525.170908
35.768540 6336.469004 8681.282611
37.166718 4674.737663 7008.346308
38.181255 6539.925292 4757.610324
39.185324 5553.515919 5010.414889
40.186930 5160.104012 4779.387742
41.314984 3726.256152 4562.347283
42.317022 6095.087742 3527.880341
43.324595 7629.549576 4836.864515
44.334105 4582.879981 6956.758784
45.339375 5848.503396 5899.901421
46.348575 4376.747789 5991.434940
47.365564 4752.104031 4897.652109
48.369790 4172.334535 4502.051794
49.492710 5386.224625 3931.937574
50.498668 5424.987097 4617.397272
51.577756 4375.263538 5181.405813
52.602094 5229.996551 4737.012735
53.603239 4065.070823 5065.428657
54.612793 5642.624293 4397.084295
55.615010 7271.714369 5163.073848
56.619052 7403.110441 6887.773794
57.631150 6543.499024 7944.655964
58.638401 8822.741464 7693.002106
59.639023 9579.956461 8989.231236
60.645768 6424.303266 10163.634606
61.671697 4957.399713 8238.176858
62.697293 5223.845107 5721.801922
63.744340 4616.534478 4472.347947
64.745855 3402.594968 3580.012277
65.785034 3842.201946 2482.520360
66.802121 4912.125192 2493.498287
67.820526 4145.165987 3638.605600
68.826409 4138.473721 3954.319751
69.909693 4312.423848 4154.869186
70.922056 4839.515786 4381.507632
71.943357 3945.593229 4872.874863
72.955686 4760.263967 4439.776791
73.984835 3792.007729 4710.684919
74.988402 4741.988791 4132.341566
75.998823 6535.004769 4470.572226
77.001271 4364.218111 6052.303681
78.014953 5614.377667 5335.754687
79.017034 7653.783466 5672.215714
80.020375 3894.063902 7355.541064
81.033904 4328.346218 5451.974667
82.035119 5155.060950 4436.425514
83.044984 6080.390078 4521.667162
84.066866 6733.458408 5416.633280
85.072995 7172.521673 6519.856785
86.079834 6088.020170 7454.166392
87.083452 5147.255614 7037.533889
88.096466 4729.280595 5886.265791
89.122263 3571.648672 4812.397933
90.137317 5385.255808 3386.460727
91.362905 2774.957311 4079.994463
92.372679 4945.975543 2795.352794
93.377508 3320.883318 3776.196763
94.383683 4064.374663 3340.244273
95.387048 4783.445239 3675.046299
96.402779 3502.926581 4479.082334
97.403950 3973.056338 3996.802085
98.408216 3885.240844 3984.790402
99.418169 3974.119596 3909.989424
100.424289 3377.912475 3933.060854
101.461424 5007.729535 3507.705914
102.471838 3590.908754 4484.942879
103.474172 4056.022023 4041.642440
104.485399 3434.948016 4056.143751
105.572999 3115.746462 3597.558469
106.573876 4556.818570 3088.212049
107.582789 4001.467018 3921.226524
108.598239 4031.527709 4080.118108
109.667926 3453.573903 4162.446647
110.685120 3441.895057 3737.415827
111.686319 4538.000220 3445.180801
112.740488 2947.318243 4120.320725
113.792689 3522.818498 3369.299077
114.793788 3738.605561 3319.918236
115.800837 5198.282760 3507.793179
116.811228 3897.345541 4754.191644
117.821050 2745.925663 4512.710742
118.834474 3753.190108 3374.564082
119.851130 3659.770094 3403.779481
120.892133 4714.162365 3435.674827
122.031946 3708.592494 4298.440519
123.053644 3916.237487 4079.576424
124.069160 5327.668082 4033.132138
125.078977 4211.930493 5039.259279
126.109945 3329.546006 4777.621858
127.112130 3910.321639 3843.591941
128.114053 3383.265746 3683.647224
129.181371 4079.269565 3265.051549
130.190341 4256.106139 3607.310126
131.201184 4755.774014 4029.056704
132.211113 3573.222064 4671.443258
133.272354 4038.015283 4126.805262
134.285306 3183.507463 4064.685378
135.295856 3479.834054 3386.077048
136.421991 3874.388669 3218.375429
137.434981 4808.328432 3495.805237
138.438927 3955.397966 4429.620822
139.441914 4386.205943 4351.507667
140.451349 4367.895821 4536.529647
141.464542 3599.791108 4577.727120
142.475513 3809.276703 3969.789497
143.488065 3175.183392 3730.435284
144.506955 4389.415281 3154.898549
145.531837 3658.092404 3782.875310
146.543835 4384.512788 3700.006524
147.570745 3405.468115 4192.908890
148.577074 3559.186659 3752.977543
149.580897 3487.661353 3561.423420
150.600435 5517.251689 3411.443189
151.616023 3393.823885 4877.700366
152.618550 4703.418292 4178.145932
153.659067 4161.791875 4614.484009
154.659100 3922.730989 4448.666805
155.664038 5341.684614 4114.743806
156.735473 5255.824505 4963.994321
157.739135 3723.886993 5418.647070
158.747732 4757.257599 4456.314669
159.803537 3292.304029 4567.069505
160.906372 4274.355038 3571.278768
161.920159 5289.280152 3740.177972
162.968028 3133.490482 4719.365676
163.979076 4803.589991 3734.595894
164.981954 4145.307461 4344.509282
166.009810 3826.857295 4270.524256
167.013220 3980.278860 3963.389920
168.020525 3257.319696 3890.755769
169.027849 7188.826721 3334.600094
170.032600 3487.189708 5985.832425
171.118486 3842.942146 4835.969405
172.131319 3949.320753 4190.657299
173.223290 4010.297810 3860.856413
174.229519 4551.794141 3763.804848
175.231530 3239.894478 4183.024554
176.232809 3359.271983 3500.902057
177.239963 3619.385870 3184.122042
178.272427 3765.387747 3264.604936
179.281158 3825.083927 3503.043024
180.291013 4784.921827 3732.620383
181.396501 3988.799814 4590.403374
182.413109 4065.468594 4470.832973
183.421392 3015.181236 4348.041068
184.464018 3363.833319 3428.286478
185.483220 3795.351938 3126.621935
186.498788 3714.042950 3358.731474
187.574160 4293.028389 3522.959619
188.674890 2877.423881 4087.083603
189.683363 4339.213742 3358.928410
190.700234 3368.557879 3970.817078
191.817176 3535.354365 3640.868680
192.820236 3996.016972 3532.914145
193.837031 2962.348290 3825.043888
194.845823 3828.094200 3238.600519
195.847333 3882.860516 3525.625210
196.858715 4395.843462 3785.829539
197.871395 4716.884622 4324.926658
199.010913 3440.554886 4852.985288
200.016120 4841.725193 4125.742135
201.021466 3727.116565 4641.701476
202.033702 4497.499549 4113.730605
203.139299 2870.222495 4330.878898
204.147866 3785.539960 3260.650416
205.264235 3332.888354 3314.417294
206.276068 4963.091468 3119.592695
207.279535 4181.557711 4298.156645
208.285889 4041.037157 4467.522009
209.297070 3489.196232 4375.323200
210.298595 4503.279069 3831.771592
211.299226 3296.735771 4234.914075
212.310262 3767.548349 3598.669092
213.316647 4334.991761 3558.172703
214.332503 3652.087368 4015.850980
215.347967 4633.344560 3812.297018
216.362016 4066.509921 4406.410519
217.377569 4238.417816 4335.074801
218.418966 4369.587519 4361.196642
219.432333 3496.383819 4441.940134
220.465496 3682.320109 3809.320951
221.495683 3270.022854 3554.229294
222.512148 4305.630194 3149.483228
223.514199 4020.656301 3753.950606
224.576807 3630.858426 3980.373773
225.587382 3162.078364 3811.307582
226.597517 5132.397994 3330.077151
227.629437 3672.399959 4525.201961
228.735946 3977.977130 4179.564848
229.736731 4737.824457 4109.137948
230.743150 4138.188562 4611.019788
231.744014 3788.918607 4443.934954
232.753340 3521.259259 4022.003473
233.763519 3609.609086 3552.022005
234.806413 4736.814612 3375.602955
235.827733 3530.660510 4191.299107
236.874393 3052.378231 3830.910483
237.889578 4319.893364 3216.941968
238.913902 4528.160514 3819.453126
239.954294 4541.093973 4402.019127
240.995156 3743.392394 4734.537569
242.007004 4418.990549 4254.159707
243.036975 3218.813306 4392.977564
244.048167 4381.818733 3568.756806
245.188765 4307.931482 3941.414622
246.226132 3815.660240 4182.429120
247.234607 3619.196901 3965.108528
248.265750 3675.949940 3671.738656
249.277207 4901.350944 3554.483060
250.294759 3885.860409 4445.272735
251.307346 4680.041775 4243.069224
252.314482 3395.164521 4648.301289
253.327987 3743.610748 3895.194502
254.340437 4742.859525 3654.968284
255.345227 3641.996949 4306.452374
256.418947 3901.626296 3915.649274
257.449451 3449.304647 3846.556653
258.479805 3570.247445 3486.536516
259.488246 4296.550089 3387.925580
260.556935 3627.997493 3928.927561
261.573559 4008.070912 3789.919736
262.588172 3254.610271 3964.990327
263.595116 4173.095477 3498.200288
264.596881 3630.923583 3892.771669
265.607483 3601.262397 3753.509391
266.690550 4408.598759 3630.985910
267.696933 3910.106314 4167.795563
268.729398 4151.152488 4122.531855
269.739652 3443.853099 4227.578246
270.742113 6038.360573 3730.520461
271.899880 4258.519144 5356.205332
273.350796 11014.491017 5004.705507
274.353023 3942.536771 9709.387908
275.510332 4311.472794 7084.039201
276.512597 3596.103071 5262.691258
277.514696 3585.047987 3577.685378
278.696499 2913.941363 2731.495548
279.706308 3285.114159 2018.458775
280.712448 3759.566082 2164.190632
283.355743 3394.509698 2873.126385
284.375875 5727.697508 3175.411897
285.409393 2965.654367 5131.219961
286.416952 3877.169876 4186.711024
287.424932 4639.599790 4092.829023
288.438614 4950.613806 4563.795672
289.445340 3893.235560 5051.490537
290.479619 3178.454787 4477.085103
291.490812 4829.465787 3507.834420
292.506417 3697.975300 4179.122421
293.510113 4326.284924 3828.734397
294.521663 3501.142790 4092.082829
295.536630 4155.358434 3663.450968
296.537667 4965.756661 3899.219726
298.348208 2986.526762 4688.937453
299.422324 3779.700567 3668.578693
300.448481 3283.652217 3582.766685
301.451123 4049.110756 3217.057889
302.454547 3470.787619 3624.945977
303.457197 3470.462217 3501.188863
304.460040 4544.579878 3431.465943
305.472615 4854.541636 4211.941798
306.479867 4035.127804 4917.810563
307.496057 3749.062588 4640.367341
308.499503 3542.921980 4135.786933
309.522268 2933.917016 3632.210187
310.540373 4253.338292 2901.346039
311.544226 4039.578329 3533.622667
312.548412 3747.728189 3869.369915
313.556684 3895.830419 3860.908037
314.558279 2951.804355 3939.458809
315.582433 3720.396783 3259.807549
316.599591 4535.107678 3419.425442
317.659305 3626.854961 4185.510395
318.674445 3729.827695 3974.762655
319.683227 3556.932029 3859.641411
320.684871 3373.602617 3639.955611
321.717814 4418.265435 3371.859756
322.789324 3156.361734 4021.744658
323.807272 4225.684742 3499.389527
324.811066 3343.118286 3954.447269
325.825729 4077.276814 3587.860666
326.835767 3335.117026 3894.000666
327.836428 3401.040351 3536.269862
328.846898 4309.446437 3356.558745
329.856999 4008.389275 3959.128152
330.857092 3544.632289 4122.199556
331.897319 3994.802545 3827.464948
332.917800 4113.981050 3947.017171
333.931701 4371.400896 4108.123505
334.934405 4924.171503 4383.205943
335.942363 3638.297200 4932.373855
336.958550 3761.877821 4240.501496
337.963998 4256.341374 3836.699709
338.968099 4100.957943 3986.941008
339.971563 4211.563349 4012.874175
340.982811 4402.632245 4130.815756
341.994734 3328.733880 4353.275116
343.141447 4380.214327 3671.420305
344.151275 3830.475390 4033.431628
345.157782 3947.369563 3888.828762
346.197534 3517.925974 3889.609616
347.211460 4307.414955 3582.357337
348.225950 3937.108384 4004.740093
349.226720 3649.733754 4013.870258
350.237773 4292.110706 3783.713900
351.240507 4616.804011 4116.923398
352.266295 3588.730507 4570.844953
353.278737 3793.661592 4038.240367
354.291390 4847.538773 3813.258923
355.298983 4023.714969 4486.276753
356.368293 3478.919066 4295.233321
357.375713 3736.099517 3723.235090
358.404734 4069.168904 3569.042306
359.418193 3996.526281 3783.512257
360.421085 3432.236793 3907.679427
361.451139 3476.512524 3568.757610
362.457428 4569.106529 3398.373295
363.470089 3404.508653 4152.161449
364.479952 3155.220465 3759.843388
365.577499 3191.303741 3287.884534
366.580744 3898.319135 3045.801546
367.582034 3719.565229 3491.397146
368.593447 2976.944809 3681.860015
369.716512 3616.576206 3229.552437
370.849609 3307.687869 3419.970289
371.861935 3917.164798 3332.664441
372.871416 4293.587384 3739.875071
373.880856 3533.241890 4270.119757
374.887823 4188.977714 3970.849887
375.895615 3757.474347 4203.614820
377.007706 3163.906041 3992.710485
378.047336 4246.927712 3383.273053
379.047428 4818.722174 3835.978838
380.058270 3265.283808 4593.914795
381.062386 4442.874718 3864.005844
382.076161 3933.273559 4232.564042
383.101764 3654.427584 4087.219940
384.116526 3772.530707 3766.926813
385.128911 3184.416643 3667.232784
386.142513 3279.696635 3202.624703
387.157877 6568.374074 3037.228641
388.163214 3508.431516 5481.655688
389.180379 3626.057698 4680.591889
390.189369 3727.540274 4075.239533
391.227716 3871.082227 3736.379829
392.236198 3844.432498 3672.396552
393.243617 3178.594154 3670.089036
394.251841 4706.487769 3213.142385
395.254103 4661.606611 4121.952213
396.258537 4673.908531 4688.830148
397.313023 3594.317896 4974.689671
398.317918 3468.837539 4232.731171
399.349830 2799.691444 3608.038335
400.355443 4339.374932 2759.032146
401.393821 4381.356946 3499.456492
402.398039 3910.813288 4111.134786
403.407432 4075.534175 4131.621729
404.423213 4000.081144 4210.203756
405.436692 3282.929461 4159.237601
406.450777 5180.158039 3556.101646
407.549509 3668.615572 4609.162057
408.622764 3971.273687 4144.784407
409.627516 4191.989425 4020.546959
410.705257 3868.263472 4111.646721
411.718043 4256.321862 3934.487814
412.724602 3501.094481 4120.396067
413.728993 3530.220131 3680.911106
414.729125 3123.482501 3438.058707
415.744260 4031.022022 3034.619641
416.772350 2972.909978 3535.770464
417.781502 3853.702005 3116.574732
418.812758 3625.235230 3531.654697
419.825520 3871.248329 3648.356426
420.874414 4850.100788 3885.436816
421.879193 3880.828473 4734.569233
422.879622 4594.905274 4461.064094
423.882615 4086.713162 4714.810221
424.891867 3636.640666 4430.562963
425.907048 3851.104575 3864.922512
426.914862 5046.262405 3685.879757
428.045353 4312.150592 4534.032956
429.221085 3170.304225 4535.583059
430.228172 4133.385374 3624.115218
431.239211 5018.833077 3777.239411
432.246523 4609.421415 4606.923775
433.256487 3843.844177 4817.684537
434.267309 4354.925828 4296.816208
435.274992 3104.049946 4306.450275
436.287194 5145.608629 3385.229285
437.352644 4130.243506 4385.492967
438.364887 3737.715353 4314.129882
439.372050 4561.870778 3938.080630
440.382856 4424.904646 4318.081254
441.384514 3477.186375 4466.304347
442.385723 3697.782614 3819.277266
443.427530 4293.518581 3575.688182
444.465183 3304.504702 3931.219223
445.483767 3782.704019 3457.799174
446.493464 3595.737262 3541.415019
447.500239 4032.510131 3503.320124
448.519744 3509.201383 3834.956613
449.531871 4132.557878 3657.681676
450.543476 5002.051504 3999.441505
451.565109 3912.724185 4855.720732
452.578459 3527.094582 4503.447550
453.583007 4195.127012 3890.407915
454.606303 4470.548475 3994.084087
455.710736 3649.068069 4302.749002
456.718702 3645.665049 3882.921023
457.932207 4607.744141 3611.991529
458.954967 4632.286308 4206.504482
459.964786 4285.490966 4622.477499
460.970320 3234.173388 4572.819703
462.033833 3814.506436 3687.670437
463.036762 3093.628296 3566.971328
464.042516 4763.270242 3027.846945
465.054662 4299.786237 4026.961551
466.076686 4036.403076 4362.983023
467.077893 4016.613094 4317.657192
468.087788 4508.214441 4209.838261
469.153756 2950.316584 4476.323514
470.167680 3230.394932 3449.115480
471.173409 3986.768453 3020.870499
472.204436 3532.585221 3426.409258
473.279929 4248.409890 3428.631012
474.326661 4611.050468 3992.598943
475.328554 3513.005907 4610.516079
476.489941 3184.286767 4096.074823
477.497963 3688.959763 3446.547611
478.507514 4189.064545 3434.723541
479.510823 4063.956612 3867.449148
480.547895 3346.310207 4070.384851
481.556759 3442.630640 3632.010839
482.567435 3321.044572 3413.639000
483.577305 4339.787909 3220.511439
484.601900 3594.024064 3913.138445
485.602765 4592.976512 3806.791430
486.604577 3250.726395 4449.640418
487.613778 4218.572474 3800.211347
488.615264 4197.125813 4064.010133
489.624631 3278.306837 4218.465115
490.636622 4278.465777 3601.243549
491.689178 4046.016053 3962.017793
492.695437 3633.577128 4047.179618
493.712897 4591.070860 3780.140445
494.809366 4413.022838 4328.100329
495.816648 4108.843848 4534.286887
496.836180 4548.978261 4378.929911
497.845155 3690.814672 4563.830717
498.859711 3820.065403 4008.945315
499.914788 5360.371862 3748.908001
500.995411 3571.790961 4791.908539
502.011424 3428.636395 4114.088962
503.012191 3609.215646 3532.238750
504.018267 3871.079612 3350.847493
505.028857 3404.996384 3521.141877
506.044011 3996.000805 3344.211082
507.059429 3946.604566 3714.195326
508.068780 3690.350339 3932.591638
509.076018 5102.491720 3853.102356
510.087859 3466.245880 4831.775747
511.103450 4745.572405 4161.607055
512.110523 4137.300582 4612.177309
513.515870 3616.185859 4414.607343
514.519461 5772.033300 3855.659628
515.525459 7058.371262 5133.202909
516.534420 5863.012948 6896.435619
518.346312 8176.099525 6922.017149
519.366081 7139.452332 8404.871796
520.399934 5119.261841 8311.620657
521.410429 4770.316878 6456.810139
522.425470 4220.009493 4933.309083
523.436031 5443.682098 3718.079965
524.446423 6030.753278 4153.702241
525.525852 3594.787089 5134.311729
526.536750 5124.927268 4021.752218
527.538466 3055.797501 4506.336315
528.543533 5441.461035 3351.428776
529.600824 4393.976573 4489.314839
530.601991 5217.605666 4510.681072
531.604510 4921.012152 5109.909884
532.611848 5955.736593 5214.003100
533.616146 3948.221865 5968.845302
534.628796 5476.965724 4837.353179
535.648275 4085.343260 5195.882184
536.651905 4555.828394 4401.700723
537.656150 5086.671112 4278.384478
538.665071 5919.791877 4684.219373
539.677534 6759.481361 5612.590329
540.679803 7777.842384 6783.343307
541.680959 10757.863911 8126.525077
542.681754 8246.309687 10945.961434
543.793242 5333.637754 10424.989564
544.799117 5899.919570 7435.329710
545.810341 6252.348104 5839.788155
546.873189 4906.263981 5321.371633
548.008073 4009.069109 4285.344397
549.023767 4693.095198 3249.664521
550.030012 6018.478534 3434.695297
551.193613 4728.972804 4835.848162
552.220255 4073.312542 4864.952890
553.233384 4958.904905 4353.765036
554.245957 4029.735147 4692.252258
555.371890 4771.899419 4231.281712
556.377764 4105.207652 4507.033002
557.387969 5020.932060 4211.106426
558.451529 5376.746058 4723.461751
559.467369 3800.246891 5320.867489
560.475811 6055.244246 4451.165624
561.527343 3831.664745 5544.833026
562.572562 4848.299949 4551.584905
563.578872 4643.815120 4637.457208
564.580491 5865.395718 4579.740423
565.583343 7825.798421 5483.086154
566.589545 9171.578912 7500.638437
568.342479 6361.053957 9600.039943
569.349065 5140.194949 8434.731722
570.357393 9936.330178 6418.013915
571.362810 14348.849308 8687.301691
572.365897 16898.753513 13443.592049
573.367430 18509.281655 17960.479696
574.369972 19033.936109 21161.388080
575.372844 19230.535004 22492.306507
578.338665 19929.009676 22440.622291
579.339253 19354.406916 22136.114366
580.341972 18952.288260 21001.132161
581.344861 18721.489888 19720.370755
582.348141 19719.795578 18714.870649
583.352325 19848.468300 18962.504673
584.353145 19359.150501 19372.148953
585.355430 19567.252777 19329.062580
586.357892 19114.583023 19471.118081
587.358390 19865.906641 19226.677190
588.359458 19609.992135 19639.925916
589.361422 19119.181236 19711.109581
590.363211 19065.965452 19353.313877
591.366212 19886.120935 19075.971028
592.370241 19599.521569 19549.914821
593.371629 18841.051716 19655.988722
594.374985 18948.066399 19126.056494
595.376498 18638.472129 18870.100198
596.378168 19269.730422 18529.417898
597.379362 19336.064536 18859.784025
598.381302 19607.662498 19177.204273
599.383397 19322.893253 19579.327935
600.384589 18414.171471 19573.896472
601.384690 20352.125205 18826.888600
602.385847 19428.333509 19803.670682
603.386386 19119.041660 19736.331582
604.388210 19451.856834 19393.693627
605.390492 18296.249074 19403.323038
606.393267 18983.801180 18553.565373
607.393338 19430.308621 18580.021545
608.395345 19338.228295 19029.075120
609.396400 19290.704491 19284.850039
610.399093 18536.792249 19390.439209
611.402617 18715.001577 18852.865933
612.403241 19799.459144 18638.717870
613.406628 18304.883879 19364.057941
614.407184 19090.893316 18714.646828
615.408447 18976.021683 18877.007612
616.412186 18931.455415 18925.505705
617.412235 18596.491507 18928.959045
618.414144 18792.680493 18680.086877
619.415066 19460.807272 18681.893689
620.417335 19845.789676 19211.588881
621.421108 20442.045701 19827.477878
622.422794 19787.261473 20587.192344
623.425631 19787.232807 20439.674746
624.427816 19434.028139 20202.791128
625.428719 19117.559625 19715.556238
626.431380 19873.670653 19164.205383
627.431803 19125.799849 19443.951787
628.434418 19738.984234 19130.351602
629.438364 19660.547812 19432.301861
630.440294 19423.127669 19601.120267
631.440338 18594.468748 19522.321249
632.442005 18421.723157 18836.629154
633.445524 19539.401492 18303.683812
634.447262 19452.218966 18904.979728
635.449766 18810.947566 19298.846233
636.450184 19292.317806 19053.169119
637.452773 18512.292683 19230.802853
638.455934 19264.331678 18749.979617
639.456750 19422.382358 19014.175511
640.461503 18662.945344 19327.350510
641.462660 20065.405932 18938.118211
642.464699 18433.302484 19726.554286
643.465130 18016.210617 18981.407649
644.466570 18752.186185 18158.989139
645.467683 18960.315975 18264.066929
646.469212 20005.146971 18594.732981
647.471589 19343.664065 19635.085002
648.475068 18914.399693 19751.664325
649.476301 20375.842450 19386.005643
650.477608 19772.730462 20181.356882
651.479618 19045.394339 20175.319902
652.483021 19042.474604 19526.151960
653.483701 19108.728653 19079.188783
654.484729 20157.682139 18896.219186
655.486841 19357.463096 19644.576868
656.487902 19495.120733 19546.867745
657.491161 19071.865700 19553.905249
658.492363 19618.882353 19225.286597
659.494787 18607.999450 19432.884537
660.495055 18880.498486 18825.020784
661.498387 19843.459675 18671.207851
662.501092 19069.978543 19368.844935
663.503214 19326.610236 19256.206313
664.504526 19140.906369 19345.803829
665.505289 19256.135029 19246.526288
666.507649 18654.869435 19256.904034
667.510989 19699.743020 18810.951459
668.514260 19951.934302 19332.609855
669.515814 18471.968166 19874.365806
670.516424 18977.219828 19054.661303
671.519365 19146.418235 18878.074514
672.519847 18398.989274 18941.466253
673.520822 18889.045457 18463.828397
674.523867 18469.205910 18576.341826
675.526667 19963.787963 18395.894787
676.526677 19202.677994 19444.935589
677.529625 19509.832357 19528.336606
678.532118 19663.971635 19718.988234
679.532460 18654.231764 19877.629537
680.535929 19041.881011 19146.230810
681.539315 19015.433136 18948.268620
682.542860 19349.538844 18852.854717
683.544024 19119.690637 19096.371651
684.546145 20168.124385 19109.035761
685.548082 18569.279422 19904.356847
686.549094 19184.661300 19168.825551
687.552589 19830.126201 19112.709780
688.553042 19298.674463 19586.738450
689.557069 19593.083075 19486.010919
690.557245 19253.925374 19609.619499
691.558320 18708.525648 19412.921407
692.560308 19387.076968 18865.773558
693.562495 18320.067663 19061.801147
694.563097 18408.767528 18440.876917
695.565807 18815.918170 18166.737388
696.568659 18610.426509 18395.538140
697.573344 18720.159544 18460.914777
698.575775 18880.642329 18613.280806
699.577359 19751.063961 18836.545593
700.579784 19161.711348 19612.018394
701.583907 18766.457793 19592.501727
702.587100 18817.063431 19178.605633
703.590912 18616.989078 18906.574854
704.592055 18712.202854 18598.125844
705.593175 18638.146009 18520.027479
706.596565 18737.079548 18473.479507
707.599110 19058.049514 18565.572300
708.602241 19151.079428 18895.222984
709.604691 19459.663930 19170.527394
710.607900 19477.592646 19534.755984
711.610388 20126.620201 19711.543802
712.612487 18878.906816 20228.220589
713.615723 19065.305169 19525.373847
714.619512 19244.352309 19152.132482
715.621823 19558.482251 19078.090327
716.622552 19007.126652 19318.232202
717.625412 18970.447790 19084.848952
718.625965 18936.088666 18921.217605
719.627201 19189.939216 18825.940135
720.629745 19572.363177 18996.226445
721.629878 19239.808338 19416.615764
722.631821 18764.070603 19416.331147
723.634605 19165.847637 19015.254836
724.635528 18492.277860 19053.253397
725.636651 19498.437420 18595.223905
726.637367 19117.569625 19095.092318
727.639132 18969.352545 19160.211953
728.641479 18600.930110 19070.948379
729.644900 18691.241683 18724.600807
730.647110 18330.425694 18588.243026
731.651683 19223.624106 18275.201809
732.655760 20101.630543 18802.385980
733.657944 18860.759823 19829.792425
734.659163 19366.540312 19480.802137
735.660137 19288.522154 19530.631782
736.662465 19213.620977 19456.010118
737.666161 18623.392406 19320.651412
738.667188 19860.821362 18783.543023
739.668082 18752.053980 19403.022891
740.669875 18917.943453 18995.636906
741.670139 18755.104977 18855.465287
742.672294 19194.631405 18678.870162
743.674103 19271.748406 18939.276124
744.674404 19668.853870 19191.155676
745.676371 19075.605227 19635.072733
746.679790 19099.464193 19420.540063
747.680294 18480.053267 19244.934244
748.680422 18787.548404 18656.205627
749.681998 19075.227269 18548.424581
750.684838 19625.933968 18770.074163
751.685726 20113.493124 19370.217255
752.688871 18706.358905 20099.887346
753.691865 19863.206661 19412.773172
754.693894 19832.106547 19760.248335
755.695296 19279.474051 19936.400413
756.699146 19877.350944 19583.928613
757.701592 19478.377957 19779.986742
758.702395 19468.682378 19603.127117
759.704482 19771.205208 19476.238331
760.704487 18724.607977 19637.797072
761.705201 18447.305908 18966.980553
762.705848 18771.801536 18363.002598
763.706389 18980.387139 18325.461169
764.709121 18747.979265 18574.714748
765.710690 18429.311857 18626.453730
766.711159 19413.162066 18443.704049
767.711308 18521.504872 19086.618817
768.711735 19218.940868 18820.969118
769.714458 18738.334996 19136.355204
770.716980 19719.789117 18954.240259
771.720605 18534.041660 19545.297061
772.721888 19084.025289 18995.137884
773.724118 18976.222183 19017.271961
774.727297 19332.998862 18964.175002
775.727299 19820.862215 19208.220827
776.728920 20074.984706 19727.335763
777.729974 19428.043209 20200.866712
778.731733 19265.157662 19920.955562
779.735477 18338.252785 19535.607739
780.738746 19051.775756 18580.142651
781.739219 19555.220935 18577.079868
782.740767 20264.012721 19071.806333
783.744487 20480.858698 19971.617056
784.745870 19224.735814 20657.255816
785.745882 19644.869135 20013.883753
786.747829 18755.975538 19810.010728
787.750872 18846.533104 19000.118620
788.751151 19522.506444 18602.054969
789.754030 19521.662627 18971.122683
790.756880 18679.598697 19292.869617
791.758917 18464.639890 18879.393389
792.760137 18840.109598 18461.487497
793.761753 19446.134880 18534.924930
794.762490 19328.936713 19102.458775
795.766797 19438.107382 19384.246098
796.767348 19739.225105 19593.190415
797.768955 19125.981663 19884.730108
798.772948 18816.315596 19534.191122
799.774770 18732.032525 19024.619714
800.774915 19239.292214 18654.545677
801.776082 19321.158681 18869.325138
802.777286 18971.926169 19130.606487
803.778469 19268.258757 19046.960826
804.781149 19205.667182 19208.628773
805.781950 19008.452824 19257.426561
806.782862 19178.863146 19120.974841
807.785342 18423.727038 19152.426219
808.786012 18551.121024 18608.409059
809.789445 18624.760426 18385.775463
810.792474 19814.315310 18371.024606
811.792684 19226.989742 19319.249296
812.792840 19659.191703 19476.633968
813.793568 19120.229666 19817.066719
814.793725 18576.290086 19543.592812
815.794922 19537.114862 18893.060387
816.795526 19966.000203 19209.220181
817.798987 18609.254963 19770.937754
818.801496 18718.715367 19083.003223
819.803880 18473.713197 18702.694195
820.807324 19035.394194 18332.793347
821.809834 19181.301337 18604.333633
822.812160 19425.615051 18957.299274
823.816050 19711.557060 19373.017895
824.817380 18893.932505 19808.483002
825.820973 18162.653139 19388.765653
826.821214 19675.276785 18506.739167
827.823490 18961.568786 19114.172152
828.826213 19038.321007 19022.883803
829.828257 18885.305502 19019.475040
830.830173 19857.203261 18907.720522
831.832499 18543.112876 19575.162827
832.833534 19244.578964 18993.826300
833.836055 18714.308531 19116.579245
834.840747 20123.296420 18812.252823
835.841019 19592.841135 19692.344456
836.843388 18691.336349 19842.286800
837.846972 18894.993231 19178.767966
838.847330 19658.990782 18877.893306
839.851191 19968.683253 19304.729120
840.852870 18849.901608 19838.981796
841.855158 19273.600509 19299.447265
842.858216 19416.036377 19235.067760
843.858860 19170.244315 19319.338097
844.862081 19436.322364 19201.303788
845.866607 19667.523477 19334.080303
846.868577 19423.336814 19599.429910
847.869703 20353.595398 19565.988108
848.870491 20019.618872 20211.298322
849.872224 19828.589032 20319.045303
850.874561 19283.680873 20154.789806
851.877445 19242.851813 19582.430745
852.880668 19432.692665 19190.941952
853.883304 18849.170268 19150.555659
854.883353 18828.247094 18763.254967
855.886128 19131.264236 18575.391065
856.889319 19555.899579 18771.935978
857.892245 19269.812748 19278.517006
858.896268 19598.050830 19386.588040
859.897282 19399.564259 19657.608295
860.901366 19072.812845 19629.364129
861.904434 20133.511121 19312.728517
862.904932 19243.130149 19889.955501
863.905554 18473.258290 19571.672169
864.906783 18831.386051 18752.991103
865.910201 19446.956614 18542.313188
866.912736 18756.021562 18970.920368
867.913205 18975.106680 18786.031731
868.917028 19335.521222 18850.398709
869.918950 19110.310320 19184.070097
870.922677 19858.573321 19219.860396
871.923730 19022.936232 19771.565277
872.927291 18779.007822 19442.441912
873.932070 18728.651414 18990.057502
874.934899 19066.487535 18673.335571
875.936384 18947.010908 18782.180657
876.938970 18622.487257 18818.072449
877.941024 19202.007643 18624.860222
878.944144 19537.192659 18962.301156
879.944287 19083.917065 19442.337007
880.946278 18855.672464 19366.112150
881.946798 18813.525013 19086.267499
882.947088 19901.003603 18857.085827
883.947337 20063.925258 19547.213730
884.948736 20181.468895 20102.916391
885.948980 18306.677371 20459.177666
886.950318 18591.300747 19161.787468
887.950650 19687.171514 18512.782377
888.951692 19661.826914 19029.812499
889.953518 19077.582984 19433.658863
