3.052591 18885.179210 0.000000
4.053158 18670.900427 18885.179210
5.056231 19374.831124 18456.621643
6.059299 19534.418129 18930.999971
7.061506 19297.447068 19398.837176
8.062689 19321.749779 19488.922721
9.063544 19244.745161 19504.323614
10.064942 18305.184926 19408.627138
11.065789 19239.816927 18615.138229
12.067370 19020.848944 18841.879450
13.069766 19989.865693 18890.508443
14.070468 18524.996642 19674.170626
15.075214 18615.903961 19046.273696
16.075993 19093.305413 18670.186457
17.079890 19712.324042 18826.623302
18.080114 18980.506391 19435.776225
19.083132 18725.912294 19260.626401
20.083389 19437.770441 18912.075915
21.084033 18940.142818 19225.153376
22.084731 19498.291356 19061.625656
23.085202 19246.739363 19368.102490
24.087137 18350.504707 19365.224129
25.089311 19451.576156 18661.987764
26.090086 20212.648786 19058.302405
27.090383 19111.820863 19925.582635
28.093782 19135.253572 19605.368346
29.095034 19270.059041 19339.448863
30.096377 21124.573812 19256.544400
31.099563 19672.349723 20609.356907
32.100546 19022.348024 20325.399321
33.104847 19196.767269 19532.656854
34.107427 19334.859308 19139.522846
35.110296 19515.800061 19060.835978
36.111854 18834.536941 19225.703941
37.112990 19113.714196 18869.714612
38.115227 19484.406407 18892.308471
39.118687 18771.334049 19236.975990
40.119127 19630.109507 18936.363085
41.134392 19210.235860 19388.880968
42.137161 18814.119264 19360.541808
43.138523 18757.515977 19011.708294
44.139379 19121.450542 18745.441814
45.142329 19656.943502 18888.278039
46.144777 19308.741747 19419.608997
47.169563 19907.900713 19483.456786
48.172634 18891.922403 19921.071145
49.174732 19547.383002 19374.601984
50.175314 19629.327754 19472.292958
51.176571 19496.435989 19601.369520
52.177700 18837.734039 19573.228535
53.178639 19643.315931 19045.933444
54.179231 19328.774367 19334.422467
55.180800 18673.230415 19319.984170
56.182960 19554.703609 18823.304608
57.185695 19120.778030 19198.551174
58.188240 19576.204044 19149.768381
59.188492 19297.238586 19459.698908
60.191284 18576.216461 19434.566361
61.193106 19833.484468 18846.901551
62.193256 19235.597270 19428.348879
63.196240 19720.724018 19371.941041
64.196358 18439.622722 19673.496241
65.199978 19597.118314 18875.254813
66.200335 20304.062253 19235.347770
67.201401 19709.676332 20036.044839
68.204021 19622.974040 20057.608286
69.208166 20190.806121 19916.380302
70.210263 19467.866059 20198.288805
71.213379 18529.048265 19795.167339
72.216664 19239.415175 18807.667941
73.218117 18659.122348 18777.038505
74.218358 18595.680768 18442.098335
75.221957 18717.709115 18281.303068
76.222714 19726.100683 18371.021120
77.225093 19360.114775 19258.845821
78.227067 18516.901245 19545.082456
79.235520 18488.462747 19009.548706
80.236150 19307.212683 18597.291092
81.238004 18995.737640 18978.017651
82.240335 19538.898049 19017.073406
83.240967 19515.801345 19438.637649
84.242650 19125.070703 19657.162343
85.268324 19683.762180 19438.036459
86.271248 19674.014858 19669.250685
87.272193 19097.837295 19781.175181
88.279891 19398.521686 19378.214176
89.281208 19281.737623 19332.152746
90.282256 19700.397066 19238.126219
91.285384 19580.732171 19516.010389
92.287109 18825.165232 19611.300472
93.289496 19346.182001 19084.628234
94.292139 18023.191599 19147.188941
95.306857 19131.836774 18235.974758
96.308592 19853.058451 18558.655758
97.311303 18773.296539 19404.207770
98.313036 19469.189862 19129.375012
99.316414 18910.678332 19424.859007
100.319649 19270.101425 19164.800071
101.320648 19534.411162 19240.807488
102.322340 19145.247650 19484.366983
103.325504 19756.955734 19326.785141
104.327780 18781.240501 19661.390910
105.329936 19157.591741 19120.798577
106.330664 19578.229734 19047.876321
107.332237 18040.624373 19354.322542
108.333159 18322.321923 18410.318430
109.334869 19220.207841 18057.166022
110.337046 19143.796777 18620.293232
111.337864 20179.981697 18994.527191
112.340455 19637.678446 19996.100257
113.344373 19391.035333 20136.129712
114.346869 18587.111545 19896.549288
115.347324 20047.683802 19047.437746
116.349760 18741.414091 19603.229618
117.350381 18438.585236 19012.536817
118.352793 18741.643287 18422.288093
119.354718 19269.196169 18358.531555
120.357042 18823.388321 18818.095881
121.360449 19200.458077 18826.297229
122.363596 19063.824053 19112.472994
123.364472 18050.306649 19175.081629
124.364721 19670.681239 18418.433499
125.366878 18686.692444 19163.358665
126.368821 19515.766542 18924.660295
127.369488 18607.813061 19367.624720
128.372219 18848.032719 18945.177278
129.373267 18633.827336 18829.777246
130.374737 19180.981738 18615.987061
131.375068 19635.144153 18923.917838
132.375673 19184.187839 19482.771014
133.375958 18844.407293 19462.073651
134.376835 17654.267049 19127.418107
135.378370 18935.469264 17996.732448
136.379760 18720.873745 18306.674930
137.380847 19680.546282 18457.898116
138.380955 19445.348060 19319.008019
139.382751 18330.869968 19663.548869
140.386880 18640.757243 18945.410523
141.389907 19268.889627 18665.121668
142.391410 19311.854459 18989.985422
143.392381 18914.454408 19254.366974
144.394394 18588.328677 19102.879583
145.395256 19490.606705 18735.435296
146.397583 20002.723411 19191.645019
147.398650 17907.069382 19878.577831
148.425690 19300.093806 18681.340111
149.426250 18716.513296 18933.921886
150.426908 18557.530652 18714.070371
151.427656 20184.564770 18485.518362
152.430197 18987.721655 19609.521019
153.431352 20102.515227 19417.650949
154.433317 19343.011493 20050.328769
155.435749 18774.388663 19810.086493
156.437525 19632.251303 19146.729483
157.437698 19436.092822 19365.362753
158.438834 19698.734033 19394.282665
159.440021 19926.589448 19616.176068
160.441517 18963.463146 19918.653822
161.441925 19217.566960 19349.531880
162.444606 19081.169665 19159.031585
163.444680 19247.931687 18976.117311
164.447723 18863.351941 19035.994779
165.450735 20299.222547 18830.482930
166.450753 18291.897771 19812.847213
167.451788 19712.195319 18920.129606
168.452376 18581.198453 19381.936004
169.480288 19587.105698 18847.156383
170.481432 18717.317400 19267.707524
171.496836 19254.118479 18905.491414
172.499002 18831.399490 19079.940665
173.502025 19178.793254 18893.670502
174.503197 19367.855360 19045.512990
175.505251 19333.721605 19296.550880
176.508858 18649.307147 19414.295629
177.536284 19167.381269 18939.713654
178.559154 19706.269341 19018.376631
179.577497 19073.189872 19499.125333
180.578806 18154.798099 19316.476084
181.581479 19230.278719 18475.536077
182.583905 18868.989628 18781.492044
183.586851 18815.181623 18775.699877
184.589598 18824.726267 18755.770228
185.592263 18553.960766 18767.816736
186.594513 19037.382705 18584.993246
187.616165 19131.013736 18848.389836
188.618599 19784.945646 19097.559621
189.619656 19618.851860 19720.956975
190.640737 18320.002181 19924.082480
191.643278 19652.923319 18975.200318
192.643286 17617.707293 19336.650557
193.644133 19105.889297 18070.031847
194.647252 19865.611643 18439.777857
195.648270 18984.739284 19360.970481
196.650108 19214.294578 19287.072815
197.652909 18639.431033 19346.707069
198.653607 19271.953046 18912.273414
199.654441 19363.450250 19101.237502
200.657703 18665.172823 19307.021334
201.658817 19926.514626 18900.312409
202.659473 19591.795046 19584.179403
203.661164 19269.500870 19760.657020
204.661650 18447.537058 19564.959704
205.664706 19015.222121 18776.773478
206.665267 18542.343945 18726.135057
207.667944 18611.608158 18418.428981
208.674243 20251.271237 18347.502843
209.674797 19549.144888 19607.813413
210.675687 19650.868071 19872.238392
211.679053 18314.548845 19999.969892
212.681651 19850.929869 18974.320768
213.683867 19414.838151 19448.838993
214.687472 18655.792664 19459.552036
215.691181 18416.432599 18884.445971
216.692789 19610.709945 18360.209563
217.694066 18833.465892 19007.855128
218.694302 18537.109464 18899.458574
219.695587 19208.974823 18606.494806
220.695654 19186.946332 18946.565606
221.697195 19239.079545 19165.681941
222.700115 19063.843071 19319.656117
223.701881 18999.029181 19245.071706
224.702723 18976.538704 19113.861925
225.704307 19481.521591 19002.680990
226.707579 18622.506198 19319.292117
227.710728 18917.842508 18873.893503
228.737729 19407.439497 18809.849603
229.738825 18523.279921 19172.023621
230.739714 18710.340969 18748.844917
231.742163 19662.497011 18621.160102
232.743581 20258.105958 19293.729942
233.743824 18636.468404 20168.913340
234.744853 19982.339467 19412.575028
235.745422 18647.770806 19849.782513
236.747582 18525.287107 19100.598999
237.747738 19857.049542 18520.937419
238.749109 19164.783587 19231.015877
239.749242 18010.094055 19223.364056
240.750951 20104.044266 18338.875880
241.753873 18168.120224 19384.898994
242.756112 19391.889887 18635.753837
243.759021 19572.250018 19062.100103
244.777907 19244.821020 19492.990780
245.786426 18749.870633 19482.679180
246.787098 18466.253241 19046.846049
247.789864 18737.769079 18541.972586
248.789902 19135.257431 18474.242897
249.791509 19088.490123 18804.375862
250.791518 18938.481922 19017.087256
251.792875 18551.482003 19028.787519
252.795569 18925.085496 18721.811312
253.797647 19345.863638 18805.943500
254.797941 18356.793037 19193.378700
255.798913 19281.323002 18683.414584
256.802166 19295.257266 19040.174612
257.804543 19154.594859 19289.292423
258.806488 18438.106611 19309.845733
259.810185 18673.627340 18743.943484
260.814106 19211.039486 18561.173688
261.815314 19272.371147 18900.961312
262.816517 19191.784658 19194.373414
263.818539 18996.746354 19300.139031
264.821024 19313.218397 19179.654519
265.822134 19195.100278 19311.039253
266.822225 19156.045525 19288.687818
267.823397 19751.305804 19224.824150
268.824108 19565.566616 19622.142869
269.825520 20319.079118 19713.788571
270.825622 19567.735232 20287.690310
271.826671 18943.461763 20018.980467
272.828669 19634.869982 19303.609135
273.842904 19097.458614 19374.442791
274.845715 19615.236732 19071.907890
275.846219 19565.839152 19315.361709
276.849252 18919.740913 19475.009189
277.850147 18974.077743 19092.966741
278.852003 18800.238365 18899.391682
279.874843 19054.941808 18690.896134
280.875077 18639.834900 18805.011500
281.876760 18965.394025 18613.221579
282.877571 18759.183897 18768.149292
283.880670 18850.531602 18740.266736
284.884100 19459.509211 18799.565527
285.885092 19510.359129 19298.689648
286.887558 19549.840204 19626.594038
287.889080 18943.813337 19791.098312
288.889779 19076.116496 19358.515771
289.892214 19099.899089 19137.776262
290.905815 19576.413128 19029.828510
291.907772 19146.117466 19350.757808
292.908261 18935.187096 19244.914541
293.910366 19556.548182 19009.095861
294.911701 19703.314002 19338.730144
295.911836 18720.449662 19668.076160
296.912376 19247.659047 19104.410373
297.912523 18999.929907 19121.994341
298.913060 19801.678963 18976.405646
299.914050 19003.680703 19510.804156
300.914785 19071.256477 19252.223418
301.915557 18869.250953 19111.479200
302.917301 18839.220262 18879.547268
303.919292 18919.413710 18738.484205
304.919854 19245.613453 18753.281773
305.921591 19421.299571 19046.863349
306.923032 18807.031973 19375.106251
307.924222 19791.055704 19090.075334
308.925759 19376.629638 19614.816833
309.928134 18907.970248 19610.427751
310.928318 19370.393748 19198.289139
311.929209 19277.434305 19266.457736
312.930179 19068.429166 19256.806454
313.943805 18590.292424 19100.383922
314.945020 18491.208772 18655.581410
315.948774 18645.854867 18342.545169
316.948962 19558.014776 18339.177520
317.950437 18540.046421 19098.282964
318.953224 19321.992360 18829.292373
319.956872 19376.621740 19208.945044
320.958264 18779.651167 19468.005243
321.959208 19270.193250 19126.961537
322.959347 19753.472352 19237.518654
323.959455 19849.654956 19663.425188
324.961220 18993.557000 19971.027199
325.969030 19317.037300 19452.411677
326.969098 18742.545162 19321.000472
327.971157 19326.710835 18823.434973
328.971202 18961.399949 18992.554025
329.972794 18667.906851 18886.669590
330.972929 19421.891448 18632.290138
331.973419 19220.907704 19079.493039
332.976359 18822.221319 19237.956283
333.979644 19532.782875 19013.910972
334.989011 19400.657076 19386.887070
335.989245 19213.335643 19510.754721
336.991876 18174.253575 19404.673060
337.993345 18886.905501 18524.486325
339.011549 19622.076886 18531.323714
340.013669 19031.725003 19175.016394
341.014840 18722.055075 19165.863945
342.016175 18657.506061 18895.500539
343.017885 18956.216648 18668.545710
344.019369 18702.527779 18776.341323
345.044494 19447.295145 18684.941309
346.046912 18534.781648 19202.213444
347.048255 19036.131841 18837.734814
348.050182 19299.441593 18955.769852
349.050243 18676.079682 19232.360182
350.058125 18763.441314 18919.904267
351.060380 18329.909644 18768.241387
352.076548 19802.476259 18366.061177
353.078216 20185.192176 19260.358150
354.081226 19699.213633 20130.073101
355.082306 18946.227895 20214.226438
356.083498 19067.894874 19562.810602
357.086391 19732.661920 19174.207241
358.089344 19135.632338 19451.902753
359.091849 19622.628268 19213.168115
360.094303 18952.246979 19439.663799
361.094823 19820.440354 19095.866792
362.095365 18510.616931 19539.208366
363.096120 19639.411064 18848.819583
364.097689 18914.627849 19265.670129
365.098896 19790.202654 19023.943224
366.100929 18901.014425 19532.432031
367.101331 18500.756987 19184.227919
368.105641 19899.982416 18639.129410
369.106756 19291.565186 19381.406122
370.107730 18950.162158 19425.875629
371.111461 19023.776335 19158.480500
372.112110 19196.359645 19027.913983
373.113299 19149.692365 19091.033795
374.116016 19302.983074 19113.924703
375.119328 19136.082723 19249.280105
376.119737 19236.423579 19205.208285
377.121247 19458.287177 19241.146626
378.122087 18608.813654 19424.332734
379.122410 18777.610001 18887.309256
380.124961 19662.369302 18675.770877
381.125391 19318.405652 19259.030944
382.125917 19090.957906 19393.522830
383.128983 18694.828577 19271.403668
384.130059 19901.648427 18868.135650
385.131482 19118.065130 19528.289760
386.132854 18786.487207 19364.019009
387.133445 18612.583376 18971.711722
388.134178 18948.484986 18598.824076
389.135087 19971.538742 18667.746285
390.138502 19147.536793 19539.682382
391.138763 19569.152619 19465.613059
392.140262 19476.588023 19665.271200
393.141390 19003.515242 19671.647178
394.142693 18998.327954 19271.265793
395.144779 19654.234914 19000.246997
396.150195 18728.226437 19356.188058
397.152568 19303.965715 18914.163944
398.155029 18903.954337 19078.471969
399.155626 18815.890952 18916.990885
400.158816 18981.337301 18766.943667
401.161410 19395.612101 18828.241641
402.165222 18837.510476 19207.870643
403.166364 19304.712685 19026.044290
404.167434 18883.017096 19238.399316
405.168659 18839.362305 19044.883480
406.169233 19577.823512 18874.917873
407.171842 19611.204194 19334.892083
408.197678 19913.800757 19650.647556
409.198108 19881.860877 20025.611875
410.199748 18830.270495 20161.186345
411.210865 19902.965416 19370.449426
412.211726 19280.279791 19644.557424
413.215078 19241.426518 19379.199203
414.216833 18826.782123 19192.650285
415.218524 19117.498907 18800.586587
416.221273 18665.431221 18829.141210
417.223360 19237.408986 18576.457182
418.224807 18281.019293 18901.342001
419.228710 19571.088031 18430.508887
420.228756 19370.913925 19125.271485
421.229082 18535.879260 19433.976341
422.231373 19394.584930 18946.287166
423.234353 19535.002239 19243.869855
424.237007 19074.123642 19535.652950
425.240023 18568.386034 19335.722871
426.240676 19400.685578 18791.054819
427.244841 19296.676195 19087.278254
428.247994 19441.191351 19235.734766
429.248434 18936.752016 19433.584746
430.248637 18699.144852 19156.081886
431.248702 18619.444147 18784.292615
432.250914 19002.687428 18517.335510
433.253244 18837.630819 18696.816578
434.254702 18978.936137 18739.232368
435.263161 19253.684508 18891.018864
436.264120 19511.600296 19194.952709
437.264545 18672.635880 19555.039422
438.285919 19396.127043 19094.999685
439.286766 19110.929582 19302.007237
440.287932 18882.877970 19215.142870
441.288871 18950.404659 18974.618655
442.291683 18859.457148 18882.066393
443.296144 19052.623712 18784.664195
444.297889 18864.407969 18899.536257
445.298083 19677.049631 18854.082345
446.298163 18738.728610 19443.418041
447.300483 19331.422610 19092.753021
448.302634 19272.336789 19273.434908
449.304537 19632.214114 19333.958411
450.307068 19305.486109 19618.722751
451.330756 19137.241593 19519.431758
452.332888 19080.164328 19290.116462
453.335519 18546.657348 19094.432148
454.338805 18532.947724 18592.892801
455.341647 18852.700481 18320.282047
456.348076 19335.285564 18476.957656
457.353268 19272.018818 19011.169980
458.357559 19464.036286 19311.854978
459.358298 19539.843956 19596.251538
460.358689 18669.696405 19762.251758
461.359839 19372.601901 19137.039254
462.363050 19371.408508 19234.776411
463.367587 19292.058658 19317.206318
464.371214 19187.578861 19312.459431
465.372748 18729.878593 19226.625947
466.375509 18858.613112 18830.672232
467.376762 18933.338363 18704.047854
468.393251 19401.653937 18735.420918
469.414478 19354.936654 19151.823492
470.415473 18722.024484 19387.444428
471.417182 19141.601054 19022.443824
472.431168 18562.654560 19079.521116
473.432657 19659.841416 18689.369875
474.454933 18661.530168 19285.505568
475.455895 19773.473951 18928.423941
476.459409 18868.144232 19517.117521
477.479747 19559.482591 19196.556129
478.481184 19047.799866 19472.676228
479.483724 18978.781447 19248.675825
480.485349 19765.926128 19034.692819
481.487286 19098.629111 19504.081984
482.490228 19414.345861 19303.764840
483.491743 18656.551121 19389.109898
484.508309 19084.694425 18869.745363
485.511455 19895.319798 18877.872013
486.512779 19224.504265 19541.609970
487.514720 19305.237753 19458.794757
488.516503 19611.043549 19419.364643
489.516602 18304.796396 19600.472210
490.518261 19349.152948 18713.983464
491.521235 19570.357246 18951.709738
492.521939 19417.623526 19335.836901
493.523393 18585.897969 19471.980279
494.527231 18420.978104 18902.668611
495.528781 19529.774040 18415.130218
496.529700 19193.706989 19004.419946
497.531065 19444.746491 19178.353044
498.534371 18834.460624 19457.437707
499.535018 18466.653238 19136.092833
500.544457 19074.231338 18624.156805
501.545700 19009.650118 18784.496474
502.548021 19191.623446 18888.664109
503.551311 17929.913494 19107.474426
504.551360 19163.401506 18291.634375
505.552778 19195.238292 18718.400138
506.553458 19072.755438 19066.910951
507.556340 18403.637737 19181.386052
508.558070 19197.032445 18709.627673
509.559511 19135.169537 18992.297031
510.562155 19712.235731 19138.418382
511.580093 18818.214690 19643.466492
512.582799 18552.639016 19242.667076
513.585294 19665.747795 18736.972516
514.587564 19405.017409 19272.873445
515.591780 20407.981659 19443.494708
516.592508 19945.295670 20271.409202
517.593107 19190.263481 20372.495072
518.595318 19012.633092 19749.964014
519.595572 19281.087969 19165.550561
520.597751 19424.726823 19036.455625
521.600926 19469.047016 19140.795383
522.602013 19414.097517 19297.188267
523.603280 18997.337201 19377.137272
524.605664 18967.619682 19113.781599
525.607566 19600.381412 18930.704524
526.609881 18624.691828 19322.966073
527.611854 19510.722798 18856.683494
528.615133 19231.301742 19230.067516
529.633884 19611.947950 19277.357556
530.635488 19345.719456 19574.973278
531.635752 19649.923485 19533.353436
532.636280 18774.080101 19693.788042
533.637904 18866.540441 19106.156668
534.640341 18741.082160 18798.667094
535.650551 18539.192943 18567.796933
536.653057 18791.943186 18344.266247
537.655097 20196.693185 18470.795260
538.656788 20002.137803 19667.909248
539.658452 18175.836154 20252.745689
540.660381 19184.890136 19112.785702
541.661910 20313.786067 19065.358807
542.664103 19275.829454 19918.200140
543.667747 18366.366452 19665.049829
544.669158 19598.166036 18759.072328
545.670279 18334.048710 19131.756796
546.671776 18996.702685 18486.613346
547.674031 18322.801518 18622.890943
548.678086 19015.072449 18279.056802
549.678166 19146.160204 18637.279108
550.678807 19540.428066 19009.154413
551.701978 19116.602165 19525.044410
552.704390 19495.534560 19468.965896
553.705291 19481.388910 19637.035003
554.705836 19774.046739 19675.085208
555.708172 19194.709631 19865.179608
556.708260 19268.242063 19502.940760
557.708941 18604.485968 19299.912878
558.711805 19049.854334 18692.664162
559.713333 19165.250030 18701.021530
560.715346 19160.750772 18878.955187
561.718449 19144.455574 19036.121282
562.721213 19585.291017 19133.640304
563.724241 19738.331002 19515.730215
564.724811 18966.453265 19838.945359
565.725718 19184.156020 19396.491039
566.729486 19171.213971 19231.031502
567.729850 19175.509376 19126.876326
568.729963 18841.402170 19089.104703
569.730327 19157.974968 18841.239656
570.732952 19023.983966 18954.777358
571.732954 18924.285845 18961.852361
572.733947 19199.124443 18906.149173
573.736124 18887.487106 19088.960695
574.737436 19936.676709 18974.179391
575.738763 19514.198866 19682.007870
576.740690 19540.772477 19782.730937
577.741334 19148.476470 19785.889661
578.741910 18946.774188 19431.967722
579.746303 18540.937071 19032.857227
580.746321 19300.902101 18507.403383
581.748864 19019.351270 18823.033655
582.751253 19742.018277 18889.152779
583.754752 19721.125400 19496.762220
584.755055 19478.909685 19846.211297
585.758875 18546.174620 19808.002575
586.760437 18860.901174 19007.073692
587.763094 19798.743020 18727.429398
588.764565 19387.774135 19324.356580
589.766514 19167.110827 19433.190117
590.770859 18728.707437 19310.755409
591.774715 18704.330632 18884.824367
592.776857 18993.948353 18614.547010
593.779274 18379.878276 18719.067528
594.779776 19243.352903 18379.495435
595.781297 19154.179277 18857.411069
596.784344 19015.790176 19125.974125
597.784732 19147.677896 19163.515115
598.785554 19218.391229 19244.270165
599.786260 19160.400544 19313.534623
600.789031 19645.312083 19280.887990
601.789972 18119.881081 19598.126466
602.791665 19554.783998 18624.468857
603.794472 18876.579091 19087.670296
604.796644 18879.600920 18927.395760
605.800130 19933.959256 18836.820698
606.800416 18895.857835 19592.996974
607.803530 19228.036332 19277.749617
608.806464 18366.104970 19273.786865
609.808572 18948.445206 18613.919335
610.811740 19633.892053 18658.787155
611.813732 19439.596286 19267.720714
612.815702 19381.853911 19518.008502
613.816896 19269.504991 19580.242562
614.819288 20692.560631 19477.500738
615.822372 19693.092188 20441.422620
616.823703 19384.456601 20236.566731
617.824931 20498.742516 19766.793461
618.827316 20120.072541 20272.037047
619.828499 19668.011295 20297.332726
620.830352 19786.489003 19926.619585
621.832347 19119.752995 19765.469223
622.834497 18443.937701 19190.096981
623.836032 18251.005982 18377.963393
624.839653 19340.849623 17843.691387
625.840591 19825.183843 18495.766763
626.843308 19295.699952 19396.325832
627.843533 19684.108484 19556.706950
628.844525 19339.977659 19862.952159
629.846067 18098.690458 19713.265726
630.846143 19088.697512 18614.135092
631.849942 20011.703748 18678.213907
632.852069 19262.001398 19505.128892
633.855435 19175.645448 19482.953337
634.855893 19002.200214 19351.860612
635.859517 19106.492838 19112.176533
636.862266 19608.331669 19043.059882
637.864298 19549.933428 19400.738918
638.867412 19824.366658 19587.677943
639.869736 19661.750624 19877.536249
640.871171 19050.715014 19887.210979
641.872455 19285.738222 19377.406548
642.874074 18678.876666 19217.098855
643.875594 19311.487904 18698.958683
644.877630 18299.048562 18909.326521
645.880264 19174.140984 18355.721279
646.882073 18391.403109 18721.069796
647.884458 19215.381303 18429.958445
648.885982 18475.708069 18892.747581
649.886121 18650.750695 18650.045654
650.887695 18867.812938 18616.392264
651.887908 18902.322106 18770.951859
652.892175 18673.552513 18898.328802
653.893872 18084.195979 18791.438405
654.894369 19586.829149 18266.504333
655.895024 19168.113599 19085.435086
656.895629 19343.226936 19306.212316
657.896870 18958.179833 19513.411254
658.897326 18807.608432 19285.679316
659.900861 19096.098284 18977.009926
660.901892 19817.952167 18996.692246
661.902486 18796.633119 19572.775328
662.905919 19606.672070 19156.121793
663.909127 19365.776322 19465.452070
664.912815 18822.873348 19474.750398
665.915455 19057.282329 19044.978812
666.917239 19741.357085 18950.373389
667.918576 18770.661946 19442.853979
668.923077 19609.318228 19035.698697
669.925479 20149.230829 19394.854079
670.927851 19699.039121 20032.982259
671.929388 18656.979928 20043.464710
672.933071 19634.030633 19181.055143
673.935633 18856.632194 19351.619585
674.938538 18808.910289 18924.455739
675.942300 18614.452764 18658.126501
676.945481 18376.856778 18416.814685
677.948997 18616.456905 18167.371307
678.949973 18863.321695 18274.721081
679.950877 19585.681196 18598.978517
680.953458 19005.387970 19368.962655
681.957508 18981.621314 19372.914440
682.957618 19257.692120 19265.183723
683.958718 19423.403603 19347.480866
684.960881 19020.337686 19490.465864
685.961213 19230.570130 19242.893360
686.962592 18741.094827 19221.142522
687.963610 19359.357420 18845.517528
688.966228 19353.979928 19095.296300
689.966604 18521.266934 19282.167847
690.968577 19356.519477 18769.021895
691.968903 19024.534944 19076.949587
692.969303 19321.174430 19051.817505
693.970505 18644.248005 19254.910438
694.971169 20396.400198 18865.328084
695.973770 18822.218767 19929.381032
696.973852 19703.643915 19397.526224
697.976801 19637.115639 19648.840818
698.978117 19054.330140 19738.302681
699.979207 19969.562399 19320.647728
700.979408 19046.993994 19731.665048
701.982567 19415.368083 19304.721742
702.984388 18991.378950 19303.098719
703.985556 19915.143125 19012.362699
704.989235 18907.225442 19554.571883
705.992656 19502.051301 19159.881023
706.995073 19094.245284 19345.491092
707.998130 19372.183208 19171.581666
708.998700 18124.920343 19273.746300
709.999791 20068.816609 18413.990696
711.002182 18981.322457 19369.767505
712.002696 19058.831592 19206.797572
713.003886 19051.793425 19127.075678
714.005567 20075.111335 19064.875084
715.006390 19231.998143 19797.992805
716.007929 19730.689274 19601.496404
717.011112 18839.079065 19784.891986
718.014022 19495.289869 19194.331443
719.015512 19722.640318 19302.396180
720.017191 18863.494464 19575.164807
721.019313 18570.756656 19104.058608
722.021721 19248.475706 18588.811117
723.025388 19596.931226 18834.963043
724.027985 19109.427293 19322.758812
725.031297 18969.283327 19269.571851
726.034291 19199.340485 19097.834256
727.036776 19884.930783 19152.370594
728.037212 18982.369493 19705.573960
729.038705 19035.150648 19350.093881
730.039351 19335.407628 19120.008611
731.043260 18321.372096 19208.944220
732.045457 18563.085091 18524.501227
733.048887 19750.127695 18312.782194
734.050518 20226.561309 19159.780355
735.053554 18737.723094 20088.191481
736.054414 18265.547705 19470.360840
737.054912 18936.695899 18624.154541
738.054927 18700.881456 18614.760828
739.059441 18278.018270 18513.686907
740.059566 18886.282565 18192.801195
741.061384 20031.574392 18509.860828
742.062676 18733.155301 19621.464949
743.066822 19332.749839 19305.980052
744.069287 19199.081689 19454.727320
745.069407 19184.891675 19398.355470
746.070507 19213.735271 19309.708590
747.072077 18883.967164 19255.813618
748.072433 19040.851024 18971.020465
749.073512 19715.298049 18924.523458
750.075787 19361.323227 19436.192115
751.077809 20489.015569 19496.321810
752.078047 19277.890196 20338.406269
753.080814 19487.235082 19888.756793
754.082768 19045.109170 19668.224071
755.086179 19786.763163 19181.116028
756.089503 19137.184420 19459.800787
757.090803 19442.467100 19193.699704
758.093945 19143.836425 19275.482351
759.094674 19846.013558 19134.146856
760.094760 19456.018528 19592.534350
761.096922 19195.076181 19592.601627
762.099426 19278.821090 19362.782730
763.102169 19096.255793 19268.755326
764.103131 19143.265706 19087.334092
765.105942 19340.457946 19034.111336
766.108959 19583.812972 19182.682730
767.110524 20015.167614 19478.928501
768.111394 19405.127737 19976.788485
769.113583 19477.945414 19777.783352
770.117826 19255.071565 19639.730139
771.118131 19344.485028 19363.101965
772.121198 19449.747055 19264.840375
773.123086 19112.970342 19314.567263
774.124105 19655.563647 19120.643121
775.125305 18317.976394 19428.707834
776.126641 18336.344926 18636.263704
777.129569 18565.836561 18174.246211
778.131270 19105.077382 18155.880869
779.134664 19792.713024 18653.617737
780.136338 18203.204369 19531.077814
781.139367 19538.634369 18843.085163
782.140662 18866.676757 19340.691140
783.143943 19953.417383 19135.011726
784.145194 18523.598776 19780.143747
785.148774 19181.579644 19073.664211
786.150993 19471.814445 19076.393735
787.153359 18566.003092 19321.731076
788.154308 18407.516039 18802.562073
789.157381 19533.747239 18364.972537
790.160135 18988.105973 19001.487045
791.162386 19781.275424 19043.578398
792.164381 18820.935208 19645.633056
793.165141 19493.192534 19260.315815
794.166656 18488.380293 19462.005038
795.167394 19013.460083 18817.037343
796.168156 19419.931566 18806.199075
797.168826 19355.244009 19157.448805
798.169169 20014.184721 19350.178693
799.172629 19085.140499 19942.015500
800.175794 19589.318010 19559.193042
801.176262 20165.469398 19627.401811
802.176747 20077.321599 20084.098786
803.179515 19387.654712 20266.679077
804.179574 19446.801061 19793.379688
805.182049 20409.211635 19499.658511
806.182458 18572.581482 20061.391491
807.187428 19575.184090 19051.740401
808.187911 19417.319864 19179.077084
809.189107 19225.538231 19223.374007
810.191733 19058.318695 19150.172708
811.192341 18721.411840 19006.998787
812.194621 17922.399532 18695.561662
813.196839 19821.681621 17947.046414
814.197963 19014.984696 18991.088635
815.198521 18954.242287 19115.735299
816.198681 18935.803346 19107.314173
817.201604 18922.264283 19051.006433
818.203935 19570.217201 18983.897494
819.207244 20013.485608 19420.899411
820.208753 18812.849341 20009.181121
821.210919 19181.918293 19403.920898
822.330375 18187.780860 19230.324611
823.332091 19331.296719 18385.821813
824.332462 18836.016564 18771.697071
825.338221 19688.138930 18733.074495
826.341836 20002.473795 19378.590499
827.344340 18808.510055 20014.486757
828.344590 19169.681281 19433.958841
829.346455 19845.915443 19258.211106
830.349689 18957.476526 19655.380403
831.352200 18581.019696 19235.269625
832.354228 19040.774288 18673.423338
833.354646 19056.183336 18714.215228
834.357884 18818.837366 18827.807724
835.361262 18462.833045 18763.688398
836.364623 19060.435460 18478.412736
837.365672 17594.498296 18780.081793
838.367719 19198.967298 17901.551866
839.370347 18695.500319 18588.875261
840.371419 19576.969299 18707.459734
841.373961 19326.574265 19424.863851
842.374441 18763.439815 19633.795996
843.375093 19595.203211 19239.105799
844.378038 18867.791893 19546.666751
845.379387 19081.483004 19167.022854
846.381565 19435.945180 19062.661498
847.381768 19317.613030 19281.032829
848.381785 18820.086400 19340.197469
849.383436 19114.401444 18990.988707
850.383713 20160.181371 18994.395032
851.386070 19564.919275 19810.434743
852.388017 19106.007832 19859.444684
853.388185 19482.055470 19466.134719
854.389967 18947.396182 19461.483744
855.392778 19157.026834 19063.306722
856.395873 19193.193985 18992.463565
857.395939 18729.864700 19025.308167
858.398570 19147.465843 18736.204958
859.399934 18911.648764 18903.269147
860.403739 18744.884543 18870.987606
861.404483 19511.868622 18739.938959
862.406914 18946.430873 19250.889091
863.407333 18730.947974 19147.530728
864.408557 19699.879462 18883.964409
865.410939 19248.714047 19440.625756
866.412682 18202.014630 19445.395795
867.415364 20659.025054 18613.585815
868.418129 18513.047115 19937.545847
869.420955 19260.023832 19170.412210
870.421792 18880.650718 19182.736655
871.424261 18987.349854 18923.690837
872.427335 20080.993316 18863.432250
873.430516 19311.272745 19684.514954
874.431536 19355.123645 19616.885468
875.434280 18762.709048 19539.555719
876.435614 19054.076075 19010.471879
877.437078 18564.677361 18902.514521
878.437973 18427.485900 18519.377195
879.439593 20061.600648 18236.239978
880.444087 19340.779295 19368.068911
881.445897 18946.121565 19566.750297
882.448568 18286.015825 19313.604942
883.449804 19237.859200 18600.082115
884.450728 20478.714243 18878.686660
885.453464 19485.240806 20038.423351
886.455696 18627.836200 19983.259341
