7.052512 18865.296327 0.000000
8.055687 19538.965991 18865.296327
9.057065 19528.631571 20212.635655
10.059118 20064.146281 20373.302256
11.062262 18929.431802 20644.103917
12.064392 19216.611123 19783.479480
13.067390 19174.807608 19355.039833
14.068802 19111.778234 19074.860195
15.068977 19238.879289 18912.485199
16.069091 19177.003872 18976.446752
17.072181 19759.269011 19027.629099
18.074935 19612.731729 19527.262820
19.076831 19339.552422 19725.178267
20.078148 18750.948227 19591.139876
21.081477 19282.132223 19019.770670
22.082841 19248.514574 19065.268454
23.083994 18329.002038 19117.020051
24.084671 19011.366120 18486.135079
25.086755 19375.071246 18643.182393
26.087179 19342.329076 19086.530827
27.089041 19698.717856 19355.783521
28.092208 19437.624668 19754.337842
29.093926 19767.485692 19743.890115
30.096737 19906.613163 19909.495658
31.098320 19761.082619 20061.141541
32.100168 18978.581082 19989.184480
33.104146 18678.777310 19309.304332
34.104652 19012.762804 18661.830616
35.104719 19423.301105 18592.819552
36.107099 19300.089936 18971.203559
37.110200 20039.315395 19181.011572
38.110302 19611.045197 19870.104264
39.112626 18850.719727 19935.750744
40.114348 18388.157497 19317.153495
41.133707 18992.000680 18544.324756
42.134778 19746.556820 18571.750959
43.137397 18607.451573 19256.443596
44.140026 19189.655685 18866.989285
45.141852 18924.686637 19044.030786
46.144102 18726.624836 18970.230975
47.169104 19214.090631 18773.398634
48.169917 18629.220825 19028.888360
49.171938 19027.794973 18764.281437
50.174585 18341.411734 18897.143433
51.176120 19531.603978 18481.449887
52.176449 19373.875972 19131.237759
53.176633 18960.016000 19437.927245
54.178305 20002.283825 19264.864191
55.179293 19217.722605 19883.821485
56.182016 19255.534795 19634.494802
57.182737 18987.584855 19433.997553
58.183622 19077.049203 19088.170785
59.184675 18755.294591 18957.209179
60.186246 19462.933706 18680.372423
61.186504 19889.570430 19091.413923
62.187035 18895.581438 19709.792162
63.188651 19233.176323 19318.434105
64.189916 19192.954920 19270.238073
65.192013 19294.203206 19206.708567
66.192516 18561.266469 19247.441617
67.192606 19486.235306 18729.795986
68.193807 20094.311221 19122.567420
69.194746 19011.202512 19865.927044
70.195550 19456.865550 19482.371368
71.199756 19560.125707 19507.048595
72.201307 19381.219254 19584.286565
73.211331 19819.790719 19482.685495
74.213650 18527.746839 19735.446999
75.214825 19634.566531 18913.880771
76.214838 19984.333917 19236.678943
77.215663 19695.547277 19759.875466
78.218437 19790.416565 19860.998359
79.235043 18383.682486 19941.349002
80.236879 19494.996269 18888.740655
81.240384 19537.097652 19069.657276
82.240948 19279.590078 19298.026373
83.242262 18908.513667 19278.848060
84.244640 19324.663214 18991.137100
85.267928 18883.441455 19138.737921
86.269844 19183.118460 18928.103336
87.274028 19558.856904 19036.378327
88.281463 19230.240932 19409.004689
89.287065 18357.154580 19386.318944
90.290221 18661.386995 18681.141805
91.292979 19193.321621 18475.730741
92.295412 19492.611059 18818.390242
93.297304 18944.440106 19307.919915
94.297664 18111.637347 19187.729323
95.305787 18338.473218 18442.209653
96.325077 18624.308833 18156.933645
97.352275 19996.833754 18274.057246
98.352413 18785.871151 19449.575633
99.354876 18966.529795 19265.927405
100.356810 19655.479184 19189.583211
101.360622 18930.447837 19612.359801
102.375270 19464.977935 19290.754432
103.377847 18307.894648 19440.772672
104.381040 18978.438138 18654.020642
105.394110 19769.811956 18677.020747
106.397473 18740.760022 19357.405510
107.398469 18712.575866 19028.910553
108.401957 19720.718726 18771.487324
109.404099 18949.728987 19384.154991
110.423815 20173.509060 19196.387453
111.426564 18775.403978 19958.674123
112.429602 18597.339521 19344.947380
113.431535 19137.991241 18762.149816
114.435092 18866.977948 18835.037250
115.436490 18803.604348 18743.959494
116.443542 18919.004277 18681.645031
117.444333 19790.454501 18767.527575
118.446941 18781.781288 19501.925690
119.448580 19000.548080 19184.752041
120.448688 18444.730913 19089.497622
121.448917 19171.029580 18602.770152
122.451256 19697.888557 18864.620608
123.451674 18934.341558 19467.292311
124.454661 18868.500598 19253.616975
125.455457 19126.734135 19017.579733
126.456641 19427.481962 19055.966481
127.459412 19616.096822 19318.412639
128.459758 19162.457211 19618.364194
129.460960 19131.992649 19427.543420
130.462347 18490.638133 19243.013059
131.481938 19859.092757 18641.976889
132.482224 19968.681183 19329.965084
133.486319 19619.864942 19888.432418
134.488538 19700.708481 19926.116096
135.490274 19128.118426 19929.027801
136.491415 19069.086737 19443.961282
137.494061 19215.337532 19078.193542
138.494371 19444.822506 19002.721066
139.494446 19057.704429 19190.252676
140.498145 19588.740960 19057.322380
141.501033 19925.156711 19389.230143
142.502860 19729.501055 19857.373542
143.504690 18437.409587 19961.649292
144.509693 19234.651480 18986.681506
145.532297 19747.215218 18959.811053
146.533219 19295.906493 19399.508737
147.534887 19016.033704 19367.802655
148.535950 19199.510902 19124.070982
149.536222 18905.002620 19112.803725
150.537308 19597.209321 18907.965679
151.537707 18416.662694 19323.960917
152.539488 18899.770369 18714.860666
153.541875 19025.082406 18698.091804
154.545040 19153.816371 18834.111042
155.548096 18708.397975 19046.413976
156.550535 18880.311343 18845.352245
157.551115 18899.724906 18839.517838
158.554511 19424.608024 18861.359182
159.555098 19601.037248 19275.533624
160.556716 18733.833419 19652.211363
161.557585 18631.652863 19177.353832
162.557913 19090.955198 18752.409546
163.560077 19742.069093 18854.224984
164.560936 18528.303419 19452.650678
165.564053 19065.530726 18913.893873
166.564303 19575.917663 18951.038337
167.566739 19767.786542 19381.023869
168.568135 19150.472904 19788.641743
169.570106 19970.721671 19524.251651
170.573569 20015.911042 19913.798494
171.575072 18761.053738 20156.694738
172.578860 18323.551433 19301.803957
173.580110 19702.476497 18411.044284
174.581047 18645.171933 18977.985032
175.582082 19324.428272 18649.599849
176.584000 18824.808008 18993.742534
177.586145 18602.343972 18873.770112
178.587988 17916.035156 18634.695348
179.590819 19454.023138 17992.338510
180.590981 19621.358817 18805.575239
181.592458 18702.080471 19499.807338
182.592699 19146.011548 19187.852497
183.594934 19160.912062 19243.380378
184.597970 19983.842791 19257.977496
185.598609 19542.201079 19858.207744
186.602336 18961.615434 19858.500345
187.617023 18914.543238 19344.132596
188.620231 19301.580388 18956.015284
189.621718 19183.471766 19041.866478
190.641484 18875.963346 19061.139087
191.642882 19007.750774 18870.727246
192.645401 19425.249605 18875.670922
193.645500 20092.250908 19224.286846
194.648232 18822.429779 19949.086475
195.650829 19337.056061 19394.911551
196.652711 18689.834218 19360.673358
197.654845 18905.503428 18852.233555
198.655984 19099.849356 18719.165726
199.656025 19649.321314 18844.975683
200.656587 18725.892961 19383.703049
201.657520 19662.570604 19026.900033
202.660147 19461.492119 19475.754989
203.662146 18913.346884 19596.077508
204.663161 19879.273118 19211.483493
205.665346 19290.640623 19669.097009
206.666603 19643.560278 19508.973423
207.666919 18570.693800 19639.018171
208.673828 19214.360838 18900.526214
209.674005 18908.516231 18931.572410
210.676147 18513.704343 18788.409160
211.680125 19663.868987 18450.745387
212.680733 19474.437153 19160.276722
213.683525 19334.146871 19498.866581
214.685062 18918.534569 19556.836442
215.685935 19310.971265 19218.439753
216.689685 18990.059019 19268.592634
217.692815 19878.212638 19063.579548
218.693718 18874.330539 19608.808087
219.696748 18420.024274 19195.861920
220.697319 19354.279132 18568.276293
221.699472 18872.200327 18918.111618
222.702562 19099.292845 18840.512055
223.704231 18066.195222 18979.953730
224.735269 18698.869868 18304.686129
225.735515 19165.784600 18381.935587
226.735819 19012.251366 18849.979934
227.737222 18808.405241 19047.803349
228.739196 18743.401584 18984.942467
229.740869 19139.414924 18860.624977
230.741505 18719.684917 19066.170389
231.742595 19085.607469 18872.456723
232.742646 18692.015887 19011.848852
233.743455 19816.375720 18804.790885
234.745360 19405.309000 19516.338026
235.745773 19164.070147 19638.820980
236.746620 18639.366728 19460.755322
237.749439 18003.777575 18904.023636
238.750964 19298.922044 18082.801701
239.774938 18071.766137 18623.793053
240.776031 18860.820653 18142.704047
241.778930 18895.852684 18476.215953
242.779363 20106.951956 18765.397104
243.782006 19179.878754 19850.926029
244.784936 18569.883624 19762.392072
245.787910 19887.144552 19115.000416
246.791500 19801.294448 19642.971086
247.791756 19088.365812 19903.612210
248.794963 17996.835874 19473.656854
249.796194 18793.119777 18343.708962
250.799169 18225.551642 18289.229672
251.799346 18679.271124 17962.286451
252.800650 19714.820422 18204.920750
253.801795 19280.281487 19221.487467
254.803883 19125.364155 19527.199863
255.804937 19396.048504 19502.138467
256.806937 17853.440034 19598.427453
257.809635 19292.426124 18439.020857
258.811678 19627.926337 18792.161920
259.812291 19974.595337 19345.423662
260.813162 19509.044636 19952.681952
261.814909 19020.886299 19912.626418
262.816913 19360.339396 19425.584453
263.817576 18525.400361 19335.478754
264.818315 19395.881244 18670.436789
265.821657 19085.697086 18954.517362
266.823638 18428.792852 18974.260500
267.825881 18979.940904 18519.313041
268.827882 19463.491015 18682.570303
269.830596 19687.213382 19201.204167
270.832458 19124.068642 19693.884586
271.833394 20473.100996 19516.198440
272.833565 19431.635845 20341.097183
273.843643 19451.436975 20005.448645
274.845256 18295.426967 19709.022023
275.846678 18958.964318 18629.404944
276.848092 19641.982765 18503.754924
277.848491 18708.735856 19066.996097
278.850860 18751.174712 18792.428169
279.872684 19016.897304 18666.050269
280.874545 19351.973479 18823.434374
281.876148 19352.907974 19201.799290
282.878589 19082.899908 19429.226166
283.881057 19633.806493 19321.354007
284.883001 19328.076762 19620.984341
286.323631 19760.361906 19544.707748
287.325873 19108.883698 19776.625563
288.329128 19440.628143 19399.909900
289.331432 19410.499544 19387.603852
290.331433 19519.780662 19372.110451
291.332444 19023.785111 19455.921863
292.333075 19483.634970 19141.795605
293.334907 19395.642537 19300.117247
294.336689 18853.789715 19359.163174
295.338173 18736.426410 18991.416361
296.356250 19457.236213 18685.113815
297.360205 18638.862530 19085.398043
298.361419 19216.180712 18764.719437
299.363463 19822.751513 19005.904544
300.364193 18769.444227 19633.994240
301.367123 19256.971953 19205.247942
302.370517 19338.380391 19247.569658
303.371843 19725.450184 19332.137419
304.372007 19960.947697 19666.284387
305.372484 18838.125271 20024.772455
306.374222 19024.417720 19345.943480
307.375386 19140.806729 19019.293777
308.377062 19699.731805 18944.541668
309.377965 19033.351502 19375.425686
310.378324 19503.689131 19172.158997
311.381078 18804.549458 19388.577001
312.382514 19638.360882 19001.209280
313.394217 19747.889127 19383.719032
314.395713 18948.011525 19720.780555
315.396030 18685.915816 19296.180257
316.397274 18810.724591 18800.266144
317.401865 19178.156192 18617.328086
318.402287 19032.372381 18849.781885
319.403284 19083.854930 18938.764502
320.405691 19593.479249 19045.269692
321.408445 20151.155891 19490.386836
322.410749 19102.605457 20156.975993
323.413691 18662.421549 19702.402720
324.414707 19174.554292 18995.028837
325.417254 17901.162650 18942.289631
326.417592 18812.505085 18018.942462
327.419955 19015.031255 18211.330750
328.420147 18824.486623 18609.713106
329.420397 19155.784016 18767.325347
330.422308 18785.742207 19108.894831
331.425095 18678.038495 19013.870513
332.428014 18258.452741 18828.548493
333.429574 19236.487877 18383.570668
334.431235 18479.914319 18863.328626
335.433410 19440.976347 18629.067249
336.464079 19982.325989 19195.444850
337.467715 19755.940111 19946.028756
338.467882 19013.081374 20160.605608
339.470367 19349.774592 19609.583608
340.472787 18944.046621 19437.466962
341.474406 19005.176306 19025.189569
342.477922 18537.013604 18844.612399
343.480623 19471.476959 18443.342764
344.484274 18984.005493 18966.973173
345.486400 19438.314958 18989.310725
346.488763 20060.928427 19339.885291
347.490022 19446.667959 20006.740093
348.490248 19139.855399 19893.019226
349.491815 19442.489019 19494.461556
350.492105 18660.354350 19433.506397
351.493871 18564.363002 18818.673471
352.512148 19372.365265 18399.683717
353.513879 19345.377098 18837.360358
354.514253 19382.423838 19169.708780
355.516953 19006.772280 19407.585126
356.518617 19459.435613 19238.494308
357.520145 19066.780198 19435.515892
358.529577 19195.800330 19245.515053
359.532217 19518.465464 19202.596018
360.535001 19848.363582 19421.436429
361.536677 19482.714589 19802.537483
362.541455 20591.403724 19730.307789
363.543289 19609.832905 20463.811494
364.544127 19107.969650 20126.283289
365.547221 19098.305321 19452.009150
366.549053 19506.507732 19021.613958
367.549563 18431.526593 19131.741011
368.556757 19392.932766 18474.260364
369.558205 19520.960846 18855.891227
370.560615 19052.523826 19276.988104
371.563168 19440.454711 19197.201962
372.563832 19762.887578 19412.087521
373.565810 18834.485026 19768.446749
374.566841 19861.205667 19248.934655
375.568566 18466.843599 19655.606683
376.570796 18571.242112 18864.570891
377.572152 19706.627327 18447.920057
378.573198 20109.320499 19121.964066
379.577081 19196.277167 19907.171764
380.579410 18997.673970 19665.530298
381.580883 18611.894286 19278.443884
382.582774 20113.411520 18725.373436
383.582898 18743.087805 19546.606349
384.585140 18884.490668 19071.181313
385.586328 19217.266311 18857.497565
386.589673 19198.126465 19006.985699
387.592038 19204.681738 19119.945034
388.593131 18416.057563 19200.886515
389.593184 20153.003395 18650.837930
390.615202 19029.543401 19619.827919
391.618411 18238.787441 19395.021788
392.621942 19294.903174 18598.182155
393.623487 19092.655638 18902.000460
394.625435 19314.236215 19000.449639
395.626647 18952.357679 19238.911161
396.627139 19366.945983 19105.564284
397.630242 18967.416896 19311.530421
398.632639 19092.188315 19128.720565
399.635112 19475.816410 19090.568285
400.638324 19034.188888 19359.618223
401.642072 19839.905679 19191.972098
402.642247 19309.524232 19672.990826
403.643757 19201.245464 19557.442817
404.644338 19474.432079 19356.480091
405.646983 19211.155187 19422.080032
406.649593 18810.788298 19270.510346
407.651652 18978.217132 18879.611546
408.653966 18820.330776 18792.527959
409.656162 19153.693574 18676.993692
410.657755 19255.478772 18905.082929
411.658351 19040.811140 19157.619106
412.658647 19493.860833 19147.351387
413.659750 18749.773854 19455.369736
414.662539 18661.984087 19060.936450
415.665941 19100.221201 18720.086833
416.666219 18757.614984 18863.814173
417.668013 18565.787076 18737.824938
418.670744 18398.263577 18535.906901
419.672767 19141.110980 18316.775302
420.673412 19252.206414 18784.717123
421.674010 20013.350452 19191.108073
422.677141 18841.760229 19980.436163
423.678724 20345.400170 19504.636112
424.681681 19770.510866 20228.747072
425.683058 18705.079250 20188.798848
426.684007 18795.978478 19265.179029
427.685449 18201.797225 18731.518596
428.689150 19638.261391 18035.167410
429.691869 19583.550920 18805.997395
430.692351 18940.603247 19358.445534
431.693342 19974.876198 19208.735194
432.694289 19277.756502 19842.551751
433.696972 19803.725248 19669.701369
434.697767 18963.911874 19879.766521
435.700565 18892.058980 19335.928748
436.701082 19814.986120 18917.115973
437.703251 18974.106631 19393.640692
438.705277 19296.464918 19106.579791
439.711244 19365.487196 19171.699766
440.713458 19798.918209 19287.217750
441.713950 20371.444740 19689.617364
442.715969 18295.442918 20347.537280
443.719525 19500.658147 19125.472737
444.721737 19198.045902 19210.844432
445.721867 19182.857156 19099.024525
446.725550 19152.402337 19056.478356
447.727196 19305.871406 19043.958857
448.727874 18572.040656 19179.911780
449.730329 19336.071181 18729.005085
450.754028 19056.784018 19037.333524
451.773978 19025.412933 19056.716786
452.775841 19796.421573 19042.896911
453.778627 20168.178433 19609.872459
454.782863 18601.601745 20218.815157
455.787500 19153.580458 19335.694809
456.788735 18098.315443 19124.595403
457.788860 18832.819837 18234.843203
458.790847 18599.681713 18306.713458
459.791214 19340.822463 18299.321588
460.793720 19724.575710 18926.571246
461.794323 19753.652294 19631.573815
462.795827 18556.125218 20029.133011
463.796765 18835.755013 19260.897123
464.797458 18438.175802 18910.308549
465.799433 19048.542318 18418.191470
466.801490 18423.348300 18634.903900
467.803235 19956.920351 18377.774207
468.804619 18648.065095 19410.781921
469.807177 19294.461580 19082.178944
470.809804 19518.869957 19294.146356
471.811395 19311.505371 19568.515151
472.812428 19075.866345 19537.764811
473.815014 19101.149026 19289.095511
474.816380 19159.809698 19130.415581
475.818618 19934.627898 19087.754481
476.819397 19787.453981 19665.551385
477.822723 18857.359950 19911.338528
478.836004 19232.708109 19305.690439
479.836817 19230.935188 19172.294892
480.838900 18249.783968 19119.370732
481.841272 19409.463109 18384.936351
482.848783 19334.415720 18853.690421
483.849285 18495.613674 19170.725085
484.865951 18756.447197 18741.063542
485.867361 19029.930589 18660.495445
486.870326 19169.018679 18849.311879
487.873886 18596.705259 19093.190841
488.875203 19818.170918 18804.852217
489.876385 18630.208286 19524.745410
490.877435 19153.164255 19067.076409
491.878698 19053.048324 19121.241855
492.881632 18366.540486 19081.218229
493.886331 19300.236541 18539.283061
494.887963 19071.141510 18925.401875
495.888689 18675.241836 19040.348675
496.889982 20030.310237 18808.595528
497.890264 18917.706951 19675.681833
498.891156 19320.991706 19363.429621
499.891722 19146.102680 19398.336414
500.895024 19229.079311 19265.286864
501.895223 18637.809831 19231.198516
502.895603 18070.291910 18770.172431
503.897992 19300.841335 18080.930298
504.900991 19327.640113 18656.561703
505.902710 19379.394536 19125.546397
506.906270 18524.352578 19449.377991
507.906384 18724.194042 18952.516455
508.909008 19643.805069 18746.925816
509.910642 18396.263127 19328.155823
510.912866 18645.666875 18762.026682
511.916092 19755.827843 18574.574033
512.918116 19064.157140 19331.241645
513.919936 18130.229080 19296.968974
514.922263 19164.832208 18521.183634
515.923410 19369.614223 18811.504672
516.925049 18989.652547 19198.583586
517.925929 18875.938959 19149.909445
518.926099 19827.256722 19000.222960
519.928859 18459.113698 19607.797039
520.929180 20131.337616 18940.341731
521.931560 18734.557322 19740.475007
522.932503 19732.348419 19190.672077
523.934778 18812.015358 19550.085247
524.936169 18661.981739 19085.107828
525.938575 20328.683600 18671.820787
526.940486 20155.499299 19712.743901
527.942847 18721.451939 20257.302156
528.945106 19419.469167 19428.595050
529.946256 20108.817366 19360.968640
530.947651 19295.434362 19858.791716
531.948916 18942.922116 19560.172413
532.952727 18905.303155 19080.294065
533.954811 20632.967442 18777.797682
534.956921 19585.807434 19954.174075
535.957871 19179.769801 19926.690607
536.958856 19727.252466 19523.199855
537.960074 18964.391272 19646.208964
538.960279 19252.406541 19155.828499
539.962091 20331.507773 19078.790411
540.963136 18707.244745 19893.001324
541.967273 18754.599942 19191.536121
542.969389 19653.615612 18755.247074
543.969802 19044.444117 19211.202519
544.971171 18872.286977 19092.904895
545.972891 18584.766566 18892.523033
546.974355 19211.363527 18571.632780
547.975326 20072.912597 18884.418821
548.975774 19589.761301 19768.709820
549.978084 19259.384655 19924.542542
550.980877 19051.118166 19670.981108
551.983049 19081.198794 19285.101411
552.984081 18607.673066 19056.226223
553.986636 19335.841744 18592.887475
554.987189 19225.763179 18911.041007
556.322435 18730.835653 19093.759034
557.324721 18759.199261 18846.923439
558.327365 19947.192940 18715.756401
559.329632 18899.815456 19552.028856
560.331994 18852.811349 19283.422992
561.350108 18057.874496 19017.965096
562.351543 19071.808938 18247.745071
563.352459 19442.002674 18575.618246
564.354337 19389.697906 19141.247809
565.355131 19684.031159 19460.022730
566.357038 19605.670581 19822.578925
567.359183 19575.250275 19910.449647
568.361489 18950.908583 19855.375012
569.363256 19428.406160 19289.550241
570.365897 19286.174861 19280.100624
571.366619 19935.729538 19205.778725
572.369714 19037.577080 19675.882818
573.371560 19053.640077 19302.282200
574.372203 19732.657343 19061.352860
575.373205 19362.860915 19448.222943
576.373690 19649.283599 19435.419264
577.374052 19146.636375 19625.694850
578.374719 19160.051972 19349.744412
579.375885 19525.235253 19171.053882
580.376506 19059.196345 19352.845600
581.380299 19131.295196 19137.309691
582.381132 18629.188010 19064.087539
583.383398 19366.566479 18667.697987
584.384516 19667.529204 19012.909569
585.387239 18661.687534 19499.651631
586.389403 18582.076036 19030.610803
587.392474 18539.121879 18644.150948
588.392757 19517.796588 18403.186675
589.393693 20638.247291 19050.694371
590.397216 19861.098748 20331.561801
591.400225 18426.927583 20465.805481
592.402782 19879.126158 19306.122263
593.406001 18609.018235 19595.630916
594.406048 19962.150051 18858.678111
595.409577 20046.532979 19442.635601
596.411891 19290.433990 19927.780155
597.416611 19784.453698 19632.966396
598.417798 18939.634627 19770.441196
599.420134 18863.575476 19209.067418
600.421787 18972.647560 18803.977968
601.422939 19723.816239 18698.136683
602.423036 18479.499837 19277.220269
603.423631 19342.537623 18745.173753
604.424085 19178.421742 19060.010355
605.426828 18777.986763 19164.973563
606.430020 20116.872584 18920.490977
607.431950 19632.745697 19766.787997
608.434899 19037.173122 19914.362488
609.435032 19158.261771 19471.066105
610.436102 18571.817296 19231.761154
611.438030 18526.829309 18653.900477
612.438403 18799.331694 18310.708352
613.440450 19581.477071 18397.519318
614.442655 19388.685860 19127.986928
615.445595 18757.427412 19461.999860
616.445628 19463.612293 19137.233990
617.446089 19835.088048 19409.538071
618.448008 19521.575192 19837.815484
619.448293 19472.547859 19816.137689
620.450295 18463.255830 19694.887667
621.450692 19360.603358 18821.708683
622.453048 18696.062419 18968.516623
623.454706 19004.510211 18641.536573
624.457691 19448.431272 18723.013853
625.459288 19287.589334 19167.067379
626.460054 19155.482629 19338.803662
627.462349 18770.988314 19312.788192
628.465542 18977.774816 18972.083331
629.466187 19725.185427 18906.547022
630.468203 19522.571266 19452.143774
631.472052 19385.951715 19641.241943
632.474791 20399.283213 19603.658695
633.475535 19384.286750 20290.438949
634.477788 19012.139568 19899.792795
635.478078 19047.676890 19296.482820
636.481705 19497.445547 18950.395012
637.483186 19578.446289 19138.998069
638.486747 18271.808580 19383.662024
639.487601 18837.642284 18574.711786
640.488665 19010.428098 18518.886144
641.488705 19702.535061 18700.251718
642.491263 19510.518264 19387.558822
643.493785 18371.689125 19665.943836
644.493938 19498.522788 18912.158096
645.496990 19832.219104 19245.273230
646.500785 18262.117703 19725.415424
647.504910 18568.985903 18814.611390
648.508345 19602.471496 18451.237101
649.509191 18415.686344 19074.101352
650.510101 19211.270485 18627.537149
651.510940 19496.630821 18947.980453
652.511751 19359.517029 19388.044864
653.512016 19092.083350 19532.388215
654.513633 18431.192488 19360.766835
655.515708 18523.442476 18712.117127
656.518483 19220.348658 18386.748605
657.518643 19102.819634 18780.917448
658.520314 19043.734914 18999.712904
659.521609 19827.177472 19090.573775
660.524458 18821.855970 19711.876413
661.525807 19028.821534 19297.361871
662.528493 19394.139512 19126.452297
663.531040 18892.497791 19290.578304
664.531968 19606.354857 19022.300318
665.533456 19023.592969 19391.103493
666.534919 18628.741365 19192.246506
667.535998 18896.847589 18754.515924
668.537926 19465.087964 18705.286662
669.540297 18927.177455 19154.742544
670.540898 19220.673177 19053.623958
671.542266 19590.610410 19191.574831
672.543588 19308.125022 19545.277779
673.545267 19334.318396 19521.598369
674.546895 18990.016327 19476.035358
675.549685 19070.926063 19159.598061
676.552710 19181.407326 19019.666280
677.556184 18409.695384 19045.376283
678.559511 19483.069927 18513.455089
679.560855 19391.327624 19026.585472
680.562250 19037.064325 19328.465051
681.565534 19559.913441 19229.423009
682.568730 18605.759738 19523.949154
683.568801 19200.654390 18964.588021
684.569402 18513.396544 19041.371372
685.570627 18854.399539 18604.140418
686.574636 19215.416919 18618.591219
687.575381 18335.449354 18955.531734
688.578529 19291.895009 18528.997614
689.579562 19113.412790 18984.677730
690.583000 19527.393735 19155.460444
691.584113 18668.584928 19540.825596
692.584301 18658.292912 19086.043602
693.584336 19766.486402 18746.568924
694.587126 18937.905155 19385.907700
695.588864 18080.268676 19179.285828
696.591537 19674.517075 18372.402365
697.591774 19368.169716 19091.613510
698.591999 18931.027239 19367.184455
699.594161 19089.037201 19177.359384
700.595166 18341.478696 19139.371284
701.597681 19309.884774 18547.124835
702.599758 18664.665848 18925.894634
703.599859 18923.803718 18727.362874
704.601867 18620.192038 18806.776140
705.602662 19781.033326 18648.030907
706.606194 19210.661147 19432.329539
707.609571 19347.219043 19483.875668
708.611966 20023.862612 19543.763524
709.614738 19330.358020 20032.054008
710.616037 19488.496311 19754.022958
711.617275 18998.113849 19627.694916
712.617536 20074.946079 19161.944398
713.620767 18908.367415 19695.735673
714.621212 19291.815610 19182.499915
715.622174 19113.565900 19144.935057
716.625818 18927.498400 19029.185484
717.625934 19398.710409 18852.855176
718.627838 18567.693797 19136.759835
719.629011 19718.201555 18720.937349
720.630294 19412.266832 19337.596036
721.632199 19487.662577 19511.625718
722.634163 18639.444504 19630.347646
723.635128 19457.434820 19017.873788
724.636186 18554.566483 19230.522274
725.638001 19466.765948 18716.423402
726.644022 19421.249398 19103.059334
727.646378 20152.035117 19353.166542
728.649067 18714.785167 20043.330148
729.649105 19889.965840 19337.650732
730.651124 19815.029119 19710.480137
731.652602 19817.275985 19885.563725
732.653443 19810.695208 19957.157017
733.655585 19664.677905 19953.047822
734.657381 18557.849257 19805.892093
735.658670 19701.738343 18866.889196
736.661718 19471.884091 19178.044577
737.664010 19543.276526 19292.155020
738.664470 18963.565455 19447.686835
739.665238 19107.837898 19114.566863
740.665339 19641.110909 19018.460856
741.665629 19456.074831 19392.706872
742.665959 19177.951354 19503.153830
743.667553 19876.081887 19338.014952
744.668524 19069.391134 19739.027513
745.670784 19768.364182 19368.779323
746.673875 18571.470935 19633.037966
747.674742 19744.600609 18901.328907
748.677559 19612.938198 19332.857139
749.681133 19042.751624 19552.810315
750.681701 18969.482526 19250.178943
751.683765 19289.045559 18992.054604
752.684786 18910.817413 19097.021690
753.688017 19081.958935 18913.840090
754.688128 19145.385811 18949.849763
755.690034 19040.660698 19048.452049
756.693099 18937.241577 19043.442798
757.694572 19176.808586 18962.678306
758.695983 18754.204727 19095.612135
759.698874 19045.049975 18865.425268
760.702164 19487.223136 18940.660635
761.704482 20194.731611 19336.005525
762.705217 19580.070977 20102.113728
763.709063 18984.140225 20047.326825
764.710787 19434.158002 19456.171348
765.711634 18929.411974 19380.099161
766.713769 19497.187350 18977.018257
767.715927 19117.351724 19189.407766
768.716801 18491.813350 19087.670698
769.719352 19756.932958 18575.068639
770.719447 19254.621675 19246.793494
771.722504 20252.075734 19333.457325
772.723436 18767.437144 20105.170873
773.723721 19515.418405 19414.274919
774.725605 20267.347741 19468.103444
775.727677 19764.037542 20070.793449
776.728425 19153.351107 20043.794375
777.731827 18425.630747 19502.340804
778.734334 19033.464910 18598.576324
779.736826 18992.122449 18559.333312
780.737558 19272.660903 18627.237860
781.737833 18664.835093 18962.815122
782.738760 19059.522935 18752.195840
783.742048 18964.901548 18921.061894
784.744295 19211.284389 18969.144141
785.744569 18299.176468 19176.911747
786.747262 19265.556063 18605.307770
787.751403 18522.386966 18967.757652
788.752421 18729.678462 18666.055373
789.755903 19485.049589 18634.755754
790.759605 18905.687233 19209.364967
791.761707 20008.559817 19131.068962
792.764728 18862.992999 19862.729965
793.766730 19529.625200 19405.842817
794.769526 19551.539937 19541.660938
795.770117 18607.665467 19622.997117
796.772692 18875.367069 18937.895059
797.776159 19327.575271 18713.562834
798.777538 18459.090499 18981.003931
799.777587 19150.452568 18550.003736
800.780859 18866.337651 18830.296881
801.781008 18477.450369 18837.396187
802.783480 19318.649276 18556.515745
803.784555 18673.926866 19027.208360
804.786009 20305.250860 18851.873089
805.788225 19330.681040 19943.211893
806.790782 19290.064371 19848.463672
807.792202 19087.182925 19641.181401
808.792572 19308.945412 19297.599924
809.792749 18291.955844 19239.526801
810.793186 19040.781759 18465.102717
811.794718 19573.140684 18596.223392
812.795577 18411.936572 19172.192516
813.799779 18172.041930 18689.511036
814.803820 18784.016113 18198.855698
815.806984 19318.629958 18405.805224
816.811627 19663.433824 19004.793093
817.813507 18999.058424 19641.349144
818.814195 18825.883824 19466.866789
819.814565 19546.384299 19132.792571
820.815673 18309.627487 19429.403631
821.816736 20068.301944 18679.386719
822.817111 19187.677748 19530.944298
823.818091 17692.518786 19430.594352
824.818785 19142.721235 18198.321007
825.820243 19298.309461 18543.385616
826.820549 18735.742294 18982.442994
827.824076 19760.631809 18859.012925
828.826564 18880.948541 19535.147368
829.829697 19304.300022 19269.823249
830.830596 19345.215481 19357.456124
831.833445 19748.196553 19418.670130
832.835856 19070.217056 19733.149275
833.836424 19257.883458 19385.666044
834.837939 19037.945635 19273.811983
835.838750 19271.380731 19048.949454
836.839987 19487.048546 19108.843557
837.840576 19694.113009 19341.175763
838.844063 18959.404186 19649.108409
839.844312 18936.009643 19263.294265
840.844990 19160.476611 18976.868766
841.845624 19054.119082 18991.791462
842.847443 18788.062367 18961.655950
843.848983 18089.080046 18770.161441
844.851935 18699.152614 18154.652677
845.852355 18812.626703 18288.059564
846.853554 18960.497238 18542.641836
847.854632 19712.889346 18848.332090
848.857287 19213.041057 19593.512585
849.860684 18604.643126 19621.060806
850.862688 19730.636827 19076.531531
851.862965 18476.672946 19530.790068
852.865998 19180.644039 18867.408115
853.867634 18894.351899 18966.011666
854.869445 19277.236120 18854.252430
855.872774 19211.453534 19095.560845
856.872798 19024.304021 19212.296931
857.873592 19360.975339 19130.091991
858.873657 19194.908876 19315.046016
859.876733 18671.163534 19294.455512
860.879483 19377.289786 18866.464595
861.879836 19887.650253 19133.238559
862.882937 18454.629617 19710.408699
863.885511 19889.287878 18968.538681
864.889699 19251.715285 19545.120101
865.890733 18320.207042 19441.273310
866.890944 18844.948676 18643.329227
867.893899 18280.994361 18557.132864
868.896769 19834.879439 18163.022900
869.896806 19933.170869 19160.874591
870.898329 19017.844926 19902.020221
871.900766 19034.918574 19593.886241
872.900970 19407.936334 19308.614158
873.903921 19097.464398 19377.317541
874.906037 19612.420870 19186.469978
875.907666 19793.367003 19455.012156
876.911181 18684.559215 19764.345023
877.912790 20394.026376 19094.661111
878.915692 19111.807192 19939.394052
879.920507 19389.505272 19513.754215
880.921803 17935.198686 19408.721101
881.925085 19663.988362 18260.670647
882.926254 20261.254799 18901.869687
883.926951 19088.586615 19860.948704
884.930266 19369.002239 19561.063597
885.932257 18888.276320 19503.313517
886.935263 20210.904285 19080.316218
887.935452 19396.007397 19812.778568
888.937931 19123.699385 19667.368506
889.939466 19409.141849 19322.592189
890.940686 19651.364123 19314.562677
891.941729 19482.936032 19515.859420
