# AndroidClient mimuroto
7.298978 0.222929 2870.868928 2816
12.074380 4.725402 2979.640639 2816
16.819320 4.744940 2967.371551 2816
21.576961 4.757640 2959.450182 2816
26.343869 4.766908 2953.696385 2816
31.575015 5.231146 2691.570800 2816
37.174225 5.599209 2514.640695 2816
42.424321 5.250096 2681.855822 2560
46.806374 4.332053 2954.719035 2816
51.775264 4.968890 2833.630658 2816
56.674936 4.899672 2873.662008 2816
61.937970 5.263034 2675.262745 2816
67.713957 5.775987 2437.678492 2560
72.661178 4.897220 2613.727653 2560
77.230573 4.569396 2801.245755 2560
81.664156 4.433582 2887.055877 2560
86.537416 4.873260 2626.578444 2560
92.110192 5.572776 2296.880473 2560
97.955519 5.845328 2189.783169 2560
102.794930 4.789411 2672.562449 2560
107.366791 4.571861 2799.735016 2560
112.049358 4.682567 2733.543339 2560
116.772861 4.723502 2709.853637 2560
121.654161 4.881301 2622.251953 2560
126.598145 4.943983 2589.005439 2560
131.668391 5.070246 2524.532128 2560
136.627537 4.959145 2581.089944 2560
141.379195 4.751659 2693.796158 2560
146.069478 4.690283 2729.046421 2560
151.105035 5.035557 2541.923517 2560
155.732614 4.627579 2766.025032 2560
160.603809 4.871195 2627.692118 2560
165.468505 4.864696 2631.202284 2560
170.631977 5.163472 2478.952208 2560
175.482079 4.850102 2639.119595 2560
180.233712 4.751632 2693.811059 2560
184.755933 4.522221 2830.467532 2560
189.510069 4.754136 2692.392258 2560
194.032133 4.522064 2830.566135 2560
198.824289 4.792156 2671.031613 2560
203.611971 4.787682 2673.527759 2560
208.435930 4.823959 2653.422063 2560
213.203366 4.767436 2684.881306 2560
218.073855 4.870489 2628.073026 2560
223.037262 4.963407 2578.873618 2560
227.912474 4.875212 2625.526609 2560
232.696891 4.784416 2675.352380 2560
237.269456 4.572565 2799.304218 2560
241.934321 4.664866 2743.916070 2560
246.848924 4.914603 2604.482960 2560
251.704180 4.855256 2636.318488 2560
256.660781 4.956601 2582.415021 2560
261.099027 4.438246 2884.021910 2560
265.779928 4.680901 2734.516341 2560
270.508557 4.728629 2706.915559 2560
274.939674 4.431117 2888.662445 2560
279.549344 4.609670 2776.771175 2560
284.127230 4.577885 2796.050781 2560
288.831766 4.704536 2720.778225 2560
293.540902 4.709136 2718.120407 2560
298.261800 4.720898 2711.348785 2560
302.684998 4.423198 2893.833903 2560
307.282024 4.276505 2993.098203 2560
311.934466 3.928947 3257.870779 2560
317.130268 4.124749 3103.218920 2560
322.351963 4.346443 2944.936501 2560
327.380125 4.374606 2925.977938 2560
332.415768 4.410249 2902.330540 2560
337.023514 4.017995 3185.668629 2560
342.310220 4.304701 2973.493182 2560
347.623828 4.618309 2771.577089 2560
352.638842 4.633323 2762.596188 2560
357.543327 4.537808 2820.745169 2560
362.571905 4.566386 2803.092055 2560
367.752565 4.747046 2696.413726 2560
372.644144 4.638625 2759.438501 2560
377.625428 4.619909 2770.617255 2560
382.772308 4.766789 2685.245856 2560
387.824924 4.819405 2655.929713 2560
392.558659 4.553140 2811.246590 2560
397.493440 4.487921 2852.099975 2560
402.842602 4.837083 2646.223190 2560
407.638922 4.633403 2762.548539 2560
412.629954 4.624435 2767.905806 2560
417.589575 4.584056 2792.286963 2560
422.594125 4.588606 2789.518013 2560
427.307448 4.301929 2975.409629 2560
432.140407 4.134887 3095.610307 2560
437.334046 4.328527 2957.126189 2560
442.366582 4.361063 2935.064182 2560
447.415573 4.410054 2902.458655 2560
452.349995 4.344476 2946.270197 2560
457.347621 4.342102 2947.881081 2560
462.100531 4.095012 3125.753836 2560
467.103305 4.097785 3123.638409 2560
471.654113 3.648594 3508.200592 2560
477.358097 4.352578 2940.785718 2560
482.446816 4.441297 2882.041178 2560
487.750208 4.744689 2697.753379 2560
492.677570 4.672051 2739.696160 2560
497.658605 4.653086 2750.862594 2560
502.812121 4.806602 2663.003940 2560
508.126581 5.121062 2499.481572 2560
513.556088 5.429506 2357.488705 2560
517.829984 4.273896 2994.925490 2560
522.237197 4.231678 3024.804748 2560
527.244735 4.239216 3019.426575 2560
532.662226 4.656707 2748.723635 2560
538.278894 5.273375 2427.288161 2560
543.158430 4.879536 2623.200296 2560
547.317050 4.158620 3077.944097 2560
551.940544 3.935024 3252.838799 2560
556.986137 3.980618 3215.581171 2560
561.930658 3.925138 3261.031526 2560
567.745815 4.740296 2700.253416 2560
572.726029 4.720510 2711.571257 2560
577.171178 4.165659 3072.743238 2560
581.945142 3.939623 3249.041667 2560
586.613646 3.608127 3547.546780 2560
591.555505 3.549986 3605.648191 2560
596.738833 3.733314 3428.589311 2560
601.847825 3.842306 3331.332627 2560
607.019473 4.013954 3188.875858 2816
612.554520 4.549001 3095.185123 2816
617.661648 4.656129 3023.971088 2816
622.646574 4.641054 3033.793290 2816
627.643451 4.637932 3035.835837 2816
632.624282 4.618762 3048.435651 2816
637.605944 4.600425 3060.586600 2816
642.576705 4.571186 3080.163332 2816
647.625496 4.619977 3047.634015 2816
652.697849 4.692330 3000.641437 2816
657.588856 4.583337 3071.997323 2816
662.504130 4.498611 3129.855221 2816
667.499362 4.493843 3133.175984 2816
672.577361 4.571842 3079.721471 2816
677.678255 4.672736 3013.223915 2816
682.575969 4.570449 3080.659866 2816
687.524009 4.518490 3116.085356 2816
692.571017 4.565498 3084.001026 2816
697.665017 4.659498 3021.784651 2816
702.564376 4.558857 3088.493783 2816
707.480790 4.475271 3146.178225 2816
712.535407 4.529888 3108.244863 2816
717.600888 4.595369 3063.954092 2816
722.685858 4.680339 3008.328908 2816
727.552252 4.546733 3096.728796 2816
732.492768 4.487249 3137.780257 2816
737.538522 4.533003 3106.108875 2816
742.627044 4.621525 3046.613193 2816
747.687910 4.682391 3007.010697 2816
752.608183 4.602664 3059.097828 2816
757.518894 4.513375 3119.617024 2816
762.527755 4.522236 3113.503913 2816
767.618619 4.613100 3052.177460 2816
772.715390 4.709871 2989.466126 2816
777.619463 4.613944 3051.619084 2816
782.521434 4.515915 3117.862042 2816
787.541645 4.536126 3103.970390 2816
792.659652 4.654133 3025.268365 2816
797.627343 4.621823 3046.416650 2816
802.525856 4.520337 3114.811901 2816
807.528682 4.523163 3112.865948 2816
812.592623 4.587104 3069.474679 2816
817.685881 4.680361 3008.314712 2816
822.563591 4.558072 3089.025382 2816
827.529706 4.524186 3112.161791 2816
832.623821 4.618302 3048.739604 2816
837.692262 4.686743 3004.218757 2816
842.593302 4.587783 3069.020338 2816
847.457600 4.452080 3162.566466 2816
852.451144 4.445624 3167.159120 2816
857.528384 4.522865 3113.070833 2816
862.596418 4.590899 3066.937353 2816
867.685117 4.679598 3008.805425 2816
872.594513 4.588994 3068.210455 2816
877.480065 4.474546 3146.687771 2816
882.447053 4.441534 3170.076183 2816
887.544764 4.539245 3101.837351 2816
892.225791 4.220272 3336.277885 2816
