# WEMAClient mimuroto
2.144990 0.081361 7866.141000 5120
6.502392 4.307402 5943.257000 5120
15.017956 8.515564 3006.260000 2816
19.797510 4.729554 2977.024000 2816
24.547240 4.749730 2964.379000 2816
29.341912 4.794672 2936.593000 2816
35.089583 5.747671 2449.687000 2304
39.619502 4.479919 2571.475000 2560
44.163186 4.543684 2817.097000 2816
49.008837 4.845651 2905.698000 2816
54.078870 5.070034 2777.101000 2560
58.480982 4.402112 2907.695000 2816
64.132597 5.651615 2491.323000 2304
68.806903 4.674305 2464.537000 2304
73.148816 4.341914 2653.207000 2560
77.624498 4.475681 2859.899000 2816
82.613041 4.988543 2822.467000 2816
88.193545 5.580504 2523.069000 2304
93.066846 4.873301 2363.900000 2304
98.390186 5.323340 2164.054000 2048
102.151189 3.761002 2722.678000 2560
106.765368 4.614179 2774.057000 2560
111.365417 4.600049 2782.579000 2560
116.235264 4.869847 2628.419000 2560
120.984147 4.748883 2695.370000 2560
125.942683 4.958537 2581.406000 2560
131.026965 5.084281 2517.563000 2304
135.474974 4.448009 2589.922000 2560
140.327717 4.852743 2637.683000 2560
144.920614 4.592897 2786.912000 2560
149.711664 4.791050 2671.647000 2560
154.580938 4.869274 2628.728000 2560
159.433718 4.852780 2637.663000 2560
164.104176 4.670458 2740.630000 2560
169.446464 5.342288 2395.976000 2304
173.812085 4.365621 2638.799000 2560
178.768958 4.956873 2582.273000 2560
183.153391 4.384433 2919.419000 2816
188.521323 5.367931 2622.984000 2560
193.083854 4.562531 2805.460000 2560
197.817247 4.733393 2704.191000 2560
202.613882 4.796635 2668.537000 2560
207.210602 4.596721 2784.593000 2560
211.980331 4.769728 2683.590000 2560
216.913747 4.933416 2594.551000 2560
221.957282 5.043535 2537.902000 2304
226.246419 4.289136 2685.855000 2560
231.072426 4.826007 2652.296000 2560
235.999403 4.926977 2597.941000 2560
240.256153 4.256750 3006.988000 2816
245.673947 5.417795 2598.843000 2560
250.468861 4.794914 2669.495000 2560
255.437179 4.968318 2576.324000 2560
259.979859 4.542680 2817.719000 2816
265.278834 5.139251 2739.699000 2560
270.048234 4.769400 2683.775000 2560
274.583021 4.443438 2880.652000 2816
280.395078 5.255495 2679.100000 2560
284.912840 4.517762 2833.261000 2816
290.485700 5.346117 2633.687000 2560
295.165873 4.680173 2734.941000 2560
299.782251 4.616378 2772.736000 2560
304.437778 4.298195 2977.994000 2816
309.416873 4.277290 3291.803000 3072
314.754408 4.614825 3328.403000 3328
320.635037 5.495454 3027.957000 2816
325.074100 4.439062 3171.841000 3072
330.321516 5.181933 2964.144000 2816
334.416234 4.094718 3438.576000 3328
340.503880 5.364297 3101.990000 3072
345.782057 5.278177 2910.095000 2816
350.897599 5.115542 2752.396000 2560
355.386958 4.489359 2851.186000 2816
360.496246 5.109287 2755.765000 2560
364.834445 4.338199 2950.532000 2816
370.304549 5.164965 2726.058000 2560
375.023481 4.718932 2712.478000 2560
379.555491 4.415908 2898.611000 2816
385.388093 5.248510 2682.666000 2560
390.137397 4.749304 2695.131000 2560
394.600935 4.461352 2869.085000 2816
399.888356 4.748773 2964.976000 2816
405.434842 5.295259 2658.982000 2560
409.968635 4.533793 2823.243000 2816
415.127067 4.987483 2823.067000 2816
420.091110 4.951527 2843.567000 2816
424.856536 4.716953 2984.977000 2816
429.531721 4.392138 3205.728000 3072
435.137750 4.998167 3073.126000 3072
440.058715 4.919132 3122.502000 3072
445.515780 5.376197 2857.038000 2816
449.823930 4.308150 3268.224000 3072
455.449651 5.310068 2892.618000 2816
459.850850 4.401199 3199.128000 3072
465.047372 4.907789 3129.718000 3072
469.132325 3.992742 3846.980000 3840
476.789781 6.650198 2887.131000 2816
481.284632 4.494851 3132.473000 3072
486.666185 5.381553 2854.194000 2816
491.857771 5.191586 2712.080000 2560
496.679438 4.821667 2654.683000 2560
500.930788 4.251350 3010.808000 2816
506.868962 5.938174 2371.099000 2304
511.275672 4.406710 2614.195000 2560
516.281087 5.005416 2557.230000 2304
519.859844 3.578757 3218.994000 3072
525.088779 4.949196 3103.534000 3072
530.129077 4.989494 3078.468000 3072
536.522887 6.383304 2406.277000 2304
541.112972 4.590085 2509.757000 2304
545.110085 3.997113 2882.080000 2816
549.319152 4.179569 3368.768000 3328
555.204868 5.065285 3285.106000 3072
559.362400 4.157532 3694.499000 3584
566.904947 6.765363 2648.785000 2560
571.983276 5.078329 2520.514000 2304
575.617114 3.633839 3170.201000 3072
580.015761 4.398647 3491.982000 3328
584.465681 4.326098 3846.422000 3840
589.699546 4.559963 4210.560000 4096
595.550022 5.410439 3785.275000 3584
600.440063 4.890041 3664.590000 3584
605.831712 5.391648 3323.658000 3072
610.546657 4.714946 3257.725000 3072
615.539119 4.992461 3076.638000 3072
620.585953 5.046835 3043.491000 2816
625.134938 4.548985 3095.196000 3072
630.105869 4.966285 3092.854000 3072
635.067198 4.927615 3117.126000 3072
640.076672 4.937089 3111.145000 3072
645.037694 4.898111 3135.902000 3072
650.152654 5.013071 3063.990000 2816
654.814853 4.662199 3020.034000 2816
659.621351 4.481768 3141.617000 3072
664.928998 4.789414 3207.072000 3072
670.028970 4.889386 3141.498000 3072
675.143750 5.004167 3069.442000 2816
679.810033 4.666283 3017.390000 2816
684.589944 4.450361 3163.788000 3072
690.034097 4.894514 3138.207000 3072
695.140539 5.000955 3071.413000 2816
699.772396 4.631858 3039.816000 2816
704.573413 4.433830 3175.584000 3072
709.997234 4.857651 3162.022000 3072
715.056387 4.916804 3123.980000 3072
720.151811 5.012228 3064.505000 2816
724.767034 4.615223 3050.773000 2816
729.598263 4.458680 3157.885000 3072
734.985756 4.846173 3169.511000 3072
740.060087 4.920504 3121.631000 3072
745.172119 5.032536 3052.139000 2816
749.825103 4.652985 3026.014000 2816
754.676815 4.537231 3103.214000 3072
759.922268 4.782685 3211.585000 3072
765.065942 4.926358 3117.921000 3072
770.165778 5.026194 3055.990000 2816
774.841316 4.675539 3011.417000 2816
779.671475 4.531891 3106.870000 3072
784.946287 4.806704 3195.536000 3072
790.096968 4.957385 3098.407000 3072
795.220873 5.081290 3022.854000 2816
799.723302 4.502429 3127.200000 3072
804.928748 4.789165 3207.239000 3072
810.045041 4.905458 3131.206000 3072
815.155582 5.015999 3062.201000 2816
819.786951 4.631368 3040.138000 2816
824.615746 4.476163 3145.551000 3072
830.072256 4.932673 3113.930000 3072
835.172747 5.033163 3051.758000 2816
839.816371 4.643624 3032.114000 2816
844.619976 4.480392 3142.581000 3072
849.854451 4.714867 3257.779000 3072
854.971829 4.832246 3178.646000 3072
860.060444 4.920861 3121.405000 3072
865.143091 5.003508 3069.846000 2816
869.806700 4.663609 3019.120000 2816
874.642629 4.503046 3126.772000 3072
879.870116 4.730533 3246.991000 3072
884.982470 4.842887 3171.661000 3072
890.097620 4.958037 3098.000000 3072
