# VAndroidClient mimuroto
6.261162 0.190927 3352.068411 3328
11.750386 5.439224 3059.259704 2816
16.543121 4.742734 2968.751657 2816
21.300353 4.757232 2959.704374 2816
26.070277 4.769925 2951.828522 2816
31.189470 5.119193 2750.433540 2816
36.935919 5.746449 2450.208954 2816
42.212105 5.226186 2694.125144 2816
47.063097 4.800992 2932.727194 2816
52.016108 4.953011 2842.715354 2816
56.960213 4.944105 2847.836162 2816
62.175391 5.215179 2699.811665 2816
67.948155 5.772763 2439.039833 2560
72.907946 4.909791 2607.035636 2560
77.382174 4.474228 2860.828776 2560
81.861673 4.479499 2857.462457 2560
86.806753 4.945080 2588.431148 2560
92.462869 5.656116 2263.036913 2560
98.215123 5.752254 2225.214854 2560
103.051981 4.786858 2673.987713 2560
107.570922 4.518941 2832.522205 2560
112.278016 4.707094 2719.299841 2560
117.087323 4.809307 2661.505939 2560
121.940701 4.853378 2637.338511 2560
126.988518 5.047817 2535.749693 2560
132.030483 5.041965 2538.692505 2560
136.955472 4.924989 2598.990832 2560
141.728185 4.772713 2681.912671 2560
146.343129 4.614945 2773.597782 2560
151.404804 5.061674 2528.807536 2560
155.985672 4.580868 2794.230401 2560
160.913876 4.928205 2597.294800 2560
165.775343 4.861467 2632.949881 2560
170.895932 5.120589 2499.712511 2560
175.682993 4.787061 2673.874526 2560
180.497405 4.814412 2658.684041 2560
185.091489 4.594084 2786.191802 2560
189.826393 4.734903 2703.328702 2560
194.353642 4.527249 2827.323904 2560
199.179512 4.825870 2652.371472 2560
203.972662 4.793151 2670.477328 2560
208.710677 4.738014 2701.553687 2560
213.483824 4.773147 2681.668870 2560
218.314517 4.830694 2649.723027 2560
223.314991 5.000473 2559.757749 2560
228.181153 4.866162 2630.409608 2560
232.927463 4.746311 2696.831551 2560
237.460278 4.532815 2823.852329 2560
242.218653 4.758375 2689.994024 2560
247.134861 4.916207 2603.632992 2560
251.954207 4.819346 2655.961794 2560
256.868293 4.914086 2604.757147 2560
261.322140 4.453847 2873.919837 2560
266.042675 4.720535 2711.557195 2560
270.714448 4.671773 2739.859081 2560
275.121978 4.407530 2904.120787 2560
279.849232 4.727254 2707.703261 2560
284.392756 4.543525 2817.196177 2560
289.124157 4.731401 2705.329889 2560
293.805528 4.681371 2734.242022 2560
298.531661 4.726133 2708.345314 2560
302.868139 4.336479 2951.703638 2560
307.453535 4.188412 3056.050586 2560
312.414355 4.149233 3084.907804 2560
317.553661 4.288538 2984.700273 2560
322.592967 4.327844 2957.592857 2560
327.735917 4.470794 2863.025950 2560
332.572845 4.307722 2971.408159 2560
337.420056 4.154933 3080.675243 2816
342.933395 4.668272 3016.105292 2816
348.423863 5.158740 2729.348751 2816
353.445261 5.021398 2803.999850 2816
358.445828 5.000568 2815.680396 2816
363.272712 4.826884 2916.995754 2816
368.471604 5.198892 2708.269379 2816
373.463047 4.991443 2820.827576 2816
378.475243 5.012196 2809.148146 2816
383.606015 5.130772 2744.226416 2816
388.881336 5.275321 2669.031936 2816
393.764456 4.883121 2883.402089 2816
398.432891 4.668435 3016.000087 2816
403.724141 5.291250 2660.997129 2816
408.771799 5.047658 2789.412371 2816
413.766935 4.995136 2818.741943 2816
418.658875 4.891940 2878.203864 2816
423.556124 4.897248 2875.083853 2816
428.027936 4.471812 3148.611584 2816
432.699850 4.434728 3174.941355 2816
437.974381 4.709259 2989.854939 2816
443.026670 4.761548 2957.021818 2816
448.030362 4.765239 2954.731012 2816
452.888685 4.623562 3045.270902 2816
458.006005 4.740882 2969.911376 2816
462.800139 4.535016 3104.729810 2816
467.624668 4.359545 3229.694959 2816
472.473701 4.208578 3345.548093 2816
477.905025 4.639902 3034.546948 2816
483.106880 4.841758 2908.034921 2816
488.446626 5.181503 2717.358166 2816
493.692451 5.245825 2684.039320 2816
498.577917 4.885467 2882.017459 2816
504.191136 5.613219 2508.364598 2816
509.619970 5.428834 2593.558873 2816
515.559913 5.939943 2370.393228 2816
519.846264 4.286351 3284.845524 2816
524.224466 4.378203 3215.931601 2816
528.762776 4.538310 3102.476365 2816
534.420859 5.658083 2488.475349 2816
540.073631 5.652771 2490.813722 2816
545.024882 4.951252 2843.725245 2816
549.166590 4.141707 3399.564392 2816
553.368640 4.202050 3350.745301 2816
557.685213 4.316573 3261.846644 2816
562.828180 4.563057 3085.650384 2816
568.730692 5.465569 2576.126846 2816
573.640818 4.910125 2867.543822 2816
577.945645 4.304827 3270.747083 2816
582.493056 4.227933 3330.232346 2816
587.201913 3.936790 3576.518107 2816
592.262176 3.997053 3522.595231 2816
597.414944 4.149821 3392.917385 2816
602.539170 4.274047 3294.301676 2816
607.705420 4.440297 3170.959096 3072
613.185215 4.920092 3121.892768 3072
618.289377 5.024254 3057.170282 3072
623.287113 4.997737 3073.391309 3072
628.256575 4.969462 3090.878019 3072
633.226644 4.961522 3095.824478 3072
638.200275 4.935152 3112.365949 3072
643.177037 4.911915 3127.090187 3072
648.239018 4.973895 3088.122973 3072
653.332572 5.067449 3031.110744 3072
658.237695 4.905122 3131.420334 3072
663.038740 4.773617 3217.685965 3072
668.103791 4.838668 3174.427205 3072
673.207985 4.942862 3107.511127 3072
678.319242 5.054119 3039.105243 3072
683.216149 4.896907 3136.673528 3072
688.074739 4.809616 3193.601981 3072
693.194537 4.929414 3115.988734 3072
698.300885 5.035763 3050.183506 3072
703.160196 4.859311 3160.942209 3072
708.049157 4.784034 3210.679513 3072
713.141205 4.876083 3150.069690 3072
718.231187 4.966064 3092.992916 3072
723.318324 5.053201 3039.657505 3072
728.176402 4.858078 3161.744144 3072
733.045828 4.780705 3212.914948 3072
738.148012 4.882889 3145.678804 3072
743.253565 4.988443 3079.117371 3072
748.341317 5.076194 3025.888888 3072
753.276524 4.935206 3112.331855 3072
758.070130 4.793606 3204.268377 3072
763.127739 4.862616 3158.793660 3072
768.255500 4.990377 3077.923761 3072
773.356966 5.091843 3016.589353 3072
778.300917 4.943951 3106.826978 3072
783.096320 4.795403 3203.067369 3072
788.156817 4.891694 3140.016606 3072
793.291260 5.026137 3056.024847 3072
798.250567 4.959307 3097.206767 3072
803.078946 4.813823 3190.811139 3072
808.134281 4.869158 3154.549674 3072
813.214850 4.949727 3103.201616 3072
818.317271 5.052148 3040.291049 3072
823.198579 4.881308 3146.697447 3072
828.111711 4.846588 3169.239733 3072
833.244751 4.979628 3084.567462 3072
838.331080 5.065957 3032.003420 3072
843.230075 4.898994 3135.337341 3072
847.982791 4.717668 3255.845911 3072
853.049311 4.784188 3210.576139 3072
858.146205 4.881082 3146.843355 3072
863.217315 4.952192 3101.656932 3072
868.328252 5.063129 3033.697071 3072
873.239486 4.911234 3127.523671 3072
878.009113 4.743991 3237.780472 3072
883.043908 4.778785 3214.205865 3072
888.138051 4.872928 3152.108693 3072
892.602141 4.337018 3541.603720 3072
