# VAndroidClient mimuroto
5.069221 0.128000  5.223762 0.128000 
5.273762 4.096000  11.573943 4.096000 
11.623943 3.072000  16.792879 3.072000 
16.842879 3.072000  22.029156 3.072000 
22.079156 3.072000  27.290740 3.072000 
27.340740 2.816000  32.829135 2.816000 
32.879135 2.816000  38.241588 2.816000 
38.291588 2.816000  43.571344 2.816000 
43.621344 2.816000  48.457018 2.816000 
48.457018 2.816000  53.429321 2.816000 
53.429321 2.816000  58.317783 2.816000 
58.317783 2.816000  63.987027 2.816000 
64.037027 2.816000  69.709075 2.816000 
69.759075 2.560000  74.472984 2.560000 
74.472984 2.560000  78.844517 2.560000 
78.844517 2.560000  83.530455 2.560000 
83.530455 2.560000  88.686681 2.560000 
88.686681 2.560000  94.212932 2.560000 
94.212932 2.560000  99.879369 2.560000 
99.929369 2.560000  104.543427 2.560000 
104.543427 2.560000  109.102095 2.560000 
109.102095 2.560000  113.822210 2.560000 
113.822210 2.560000  118.575801 2.560000 
118.575801 2.560000  123.571799 2.560000 
123.571799 2.560000  128.708547 2.560000 
128.708547 2.560000  133.594049 2.560000 
133.594049 2.560000  138.507001 2.560000 
138.507001 2.560000  143.214267 2.560000 
143.214267 2.560000  148.005129 2.560000 
148.005129 2.560000  153.027086 2.560000 
153.027086 2.560000  157.596948 2.560000 
157.596948 2.560000  162.349090 2.560000 
162.349090 2.560000  167.532833 2.560000 
167.532833 2.560000  172.416661 2.560000 
172.416661 2.560000  177.401815 2.560000 
177.401815 2.560000  181.949503 2.560000 
181.949503 2.560000  186.796246 2.560000 
186.796246 2.560000  191.315928 2.560000 
191.315928 2.560000  196.035951 2.560000 
196.035951 2.560000  200.801610 2.560000 
200.801610 2.560000  205.474008 2.560000 
205.474008 2.560000  210.313024 2.560000 
210.313024 2.560000  215.226282 2.560000 
215.226282 2.560000  220.108499 2.560000 
220.108499 2.560000  225.013832 2.560000 
225.013832 2.560000  229.879621 2.560000 
229.879621 2.560000  234.777178 2.560000 
234.777178 2.560000  238.997151 2.560000 
238.997151 2.560000  243.980708 2.560000 
243.980708 2.560000  248.860347 2.560000 
248.860347 2.560000  253.647371 2.560000 
253.647371 2.560000  258.308794 2.560000 
258.308794 2.560000  262.854046 2.560000 
262.854046 2.560000  267.636446 2.560000 
267.636446 2.560000  272.277382 2.560000 
272.277382 2.560000  276.635662 2.560000 
276.635662 2.560000  281.582941 2.560000 
281.582941 2.560000  286.037614 2.560000 
286.037614 2.560000  290.799456 2.560000 
290.799456 2.560000  295.516617 2.560000 
295.516617 2.560000  300.085424 2.560000 
300.085424 2.560000  304.329386 2.560000 
304.929369 2.560000  308.816594 2.560000 
309.929369 2.560000  313.823217 2.560000 
314.929369 2.560000  319.083654 2.560000 
319.929369 2.560000  323.934004 2.560000 
324.929369 2.816000  329.598941 2.816000 
329.929369 2.816000  334.117607 2.816000 
334.929369 2.816000  339.341821 2.816000 
339.929369 2.816000  344.708918 2.816000 
344.929369 2.816000  350.110656 2.816000 
350.110656 2.816000  355.116141 2.816000 
355.116141 2.816000  360.120348 2.816000 
360.120348 2.816000  364.972008 2.816000 
364.972008 2.816000  370.059441 2.816000 
370.059441 2.816000  375.303686 2.816000 
375.303686 2.816000  380.147030 2.816000 
380.147030 2.816000  385.386192 2.816000 
385.386192 2.816000  390.555221 2.816000 
390.555221 2.816000  395.492586 2.816000 
395.492586 2.816000  400.227084 2.816000 
400.227084 2.816000  405.501227 2.816000 
405.501227 2.816000  410.478972 2.816000 
410.478972 2.816000  415.545520 2.816000 
415.545520 2.816000  420.432894 2.816000 
420.432894 2.816000  425.111611 2.816000 
425.111611 2.816000  429.499533 2.816000 
429.929369 2.816000  434.352147 2.816000 
434.929369 2.816000  439.523211 2.816000 
439.929369 2.816000  444.743513 2.816000 
444.929369 2.816000  449.473841 2.816000 
449.929369 2.816000  454.672143 2.816000 
454.929369 2.816000  459.426643 2.816000 
459.929369 2.816000  464.467657 2.816000 
464.929369 2.816000  468.692170 2.816000 
469.929369 2.816000  474.569808 2.816000 
474.929369 2.816000  479.494825 2.816000 
479.929369 2.816000  484.720493 2.816000 
484.929369 2.816000  490.220762 2.816000 
490.220762 2.816000  495.655808 2.816000 
495.655808 2.816000  500.323387 2.816000 
500.323387 2.816000  506.433740 2.816000 
506.433740 2.816000  511.675777 2.816000 
511.675777 2.816000  516.906901 2.816000 
516.906901 2.816000  521.385850 2.816000 
521.385850 2.816000  525.870590 2.816000 
525.870590 2.816000  530.495889 2.816000 
530.495889 2.816000  536.315654 2.816000 
536.315654 2.816000  541.825176 2.816000 
541.825176 2.816000  546.543882 2.816000 
546.543882 2.816000  550.583707 2.816000 
550.583707 2.816000  554.798858 2.816000 
554.929369 2.816000  558.857343 2.816000 
559.929369 2.816000  565.087858 2.816000 
565.087858 2.816000  570.743428 2.816000 
570.743428 2.816000  575.264228 2.816000 
575.264228 2.816000  579.334344 2.816000 
579.929369 2.816000  583.617099 2.816000 
584.929369 2.816000  588.233964 2.816000 
589.929369 2.816000  593.522894 2.816000 
594.929369 2.816000  598.787252 2.816000 
599.929369 3.072000  604.533267 3.072000 
604.929369 3.072000  609.674966 3.072000 
609.929369 3.072000  614.918580 3.072000 
614.929369 3.072000  619.982225 3.072000 
619.982225 3.072000  624.964086 3.072000 
624.964086 3.072000  629.933157 3.072000 
629.933157 3.072000  634.866545 3.072000 
634.929369 3.072000  639.873060 3.072000 
639.929369 3.072000  644.832602 3.072000 
644.929369 3.072000  649.928867 3.072000 
649.929369 3.072000  654.998936 3.072000 
654.998936 3.072000  659.833629 3.072000 
659.929369 3.072000  664.716635 3.072000 
664.929369 3.072000  669.797623 3.072000 
669.929369 3.072000  674.916050 3.072000 
674.929369 3.072000  679.978504 3.072000 
679.978504 3.072000  684.787306 3.072000 
684.929369 3.072000  689.806685 3.072000 
689.929369 3.072000  694.908705 3.072000 
694.929369 3.072000  699.955634 3.072000 
699.955634 3.072000  704.757414 3.072000 
704.929369 3.072000  709.766023 3.072000 
709.929369 3.072000  714.830058 3.072000 
714.929369 3.072000  719.929314 3.072000 
719.929369 3.072000  724.937548 3.072000 
724.937548 3.072000  729.757787 3.072000 
729.929369 3.072000  734.775306 3.072000 
734.929369 3.072000  739.842822 3.072000 
739.929369 3.072000  744.971818 3.072000 
744.971818 3.072000  750.008531 3.072000 
750.008531 3.072000  754.913026 3.072000 
754.929369 3.072000  759.715355 3.072000 
759.929369 3.072000  764.842245 3.072000 
764.929369 3.072000  769.948867 3.072000 
769.948867 3.072000  775.024694 3.072000 
775.024694 3.072000  779.907164 3.072000 
779.929369 3.072000  784.725401 3.072000 
784.929369 3.072000  789.857673 3.072000 
789.929369 3.072000  794.992348 3.072000 
794.992348 3.072000  799.897415 3.072000 
799.929369 3.072000  804.704020 3.072000 
804.929369 3.072000  809.815162 3.072000 
809.929369 3.072000  814.930205 3.072000 
814.930205 3.072000  819.953273 3.072000 
819.953273 3.072000  824.807818 3.072000 
824.929369 3.072000  829.847459 3.072000 
829.929369 3.072000  834.948194 3.072000 
834.948194 3.072000  839.992507 3.072000 
839.992507 3.072000  844.836028 3.072000 
844.929369 3.072000  849.651100 3.072000 
849.929369 3.072000  854.749875 3.072000 
854.929369 3.072000  859.842128 3.072000 
859.929369 3.072000  864.924655 3.072000 
864.929369 3.072000  869.984068 3.072000 
869.984068 3.072000  874.836483 3.072000 
874.929369 3.072000  879.659862 3.072000 
879.929369 3.072000  884.759022 3.072000 
884.929369 3.072000  889.862918 3.072000 
889.929369 3.072000  892.945488 3.072000 
