# AndroidClient mimuroto
3.062555 0.128000  3.177494 0.128000 
3.227494 5.120000  9.348260 5.120000 
9.398260 4.096000  16.309377 4.096000 
16.359377 3.328000  21.969741 3.328000 
22.019741 3.328000  27.646575 3.328000 
27.696575 3.072000  33.759334 3.072000 
33.809334 3.072000  39.767447 3.072000 
39.817447 2.816000  44.714845 2.816000 
44.714845 2.816000  49.559636 2.816000 
49.559636 2.816000  54.593442 2.816000 
54.593442 2.816000  59.453027 2.816000 
59.453027 2.816000  65.131125 2.816000 
65.181125 2.816000  70.779463 2.816000 
70.829463 2.816000  76.074592 2.816000 
76.124592 2.816000  81.050938 2.816000 
81.050938 2.816000  86.266257 2.816000 
86.316257 2.816000  92.535951 2.816000 
92.585951 2.816000  98.830807 2.816000 
98.880807 2.560000  103.628303 2.560000 
103.628303 2.560000  108.117408 2.560000 
108.117408 2.560000  112.806535 2.560000 
112.806535 2.560000  117.609664 2.560000 
117.609664 2.560000  122.537701 2.560000 
122.537701 2.560000  127.624612 2.560000 
127.624612 2.560000  132.619174 2.560000 
132.619174 2.560000  137.534110 2.560000 
137.534110 2.560000  142.406872 2.560000 
142.406872 2.560000  147.002753 2.560000 
147.002753 2.560000  152.055778 2.560000 
152.055778 2.560000  156.649077 2.560000 
156.649077 2.560000  161.506965 2.560000 
161.506965 2.560000  166.472209 2.560000 
166.472209 2.560000  171.468768 2.560000 
171.468768 2.560000  176.399433 2.560000 
176.399433 2.560000  181.130568 2.560000 
181.130568 2.560000  185.787708 2.560000 
185.787708 2.560000  190.426069 2.560000 
190.426069 2.560000  195.131533 2.560000 
195.131533 2.560000  199.796034 2.560000 
199.796034 2.560000  204.534571 2.560000 
204.534571 2.560000  209.371381 2.560000 
209.371381 2.560000  214.114451 2.560000 
214.114451 2.560000  218.971409 2.560000 
218.971409 2.560000  223.971700 2.560000 
223.971700 2.560000  228.876264 2.560000 
228.876264 2.560000  233.635636 2.560000 
233.635636 2.560000  238.010165 2.560000 
238.010165 2.560000  242.955269 2.560000 
242.955269 2.560000  247.846857 2.560000 
247.846857 2.560000  252.680010 2.560000 
252.680010 2.560000  257.397707 2.560000 
257.397707 2.560000  261.986103 2.560000 
261.986103 2.560000  266.726861 2.560000 
266.726861 2.560000  271.377786 2.560000 
271.377786 2.560000  275.759982 2.560000 
275.759982 2.560000  280.637948 2.560000 
280.637948 2.560000  285.073552 2.560000 
285.073552 2.560000  289.839102 2.560000 
289.839102 2.560000  294.538640 2.560000 
294.538640 2.560000  299.259802 2.560000 
299.259802 2.560000  303.498454 2.560000 
303.880807 2.560000  307.969028 2.560000 
308.880807 2.560000  312.864271 2.560000 
313.880807 2.560000  317.957142 2.560000 
318.880807 2.560000  323.078393 2.560000 
323.880807 2.560000  328.255847 2.560000 
328.880807 2.560000  332.966143 2.560000 
333.880807 2.560000  337.961344 2.560000 
338.880807 2.560000  343.203308 2.560000 
343.880807 2.560000  348.678412 2.560000 
348.880807 2.560000  353.461314 2.560000 
353.880807 2.560000  358.417340 2.560000 
358.880807 2.560000  363.412410 2.560000 
363.880807 2.560000  368.603401 2.560000 
368.880807 2.560000  373.540214 2.560000 
373.880807 2.560000  378.486141 2.560000 
378.880807 2.560000  383.584089 2.560000 
383.880807 2.560000  388.746742 2.560000 
388.880807 2.560000  393.329784 2.560000 
393.880807 2.560000  398.216733 2.560000 
398.880807 2.560000  403.670855 2.560000 
403.880807 2.560000  408.525778 2.560000 
408.880807 2.560000  413.475543 2.560000 
413.880807 2.560000  418.353738 2.560000 
418.880807 2.560000  423.354879 2.560000 
423.880807 2.560000  428.059063 2.560000 
428.880807 2.560000  432.931256 2.560000 
433.880807 2.560000  438.146669 2.560000 
438.880807 2.560000  443.122189 2.560000 
443.880807 2.560000  448.258770 2.560000 
448.880807 2.560000  453.161894 2.560000 
453.880807 2.560000  458.149475 2.560000 
458.880807 2.560000  463.014294 2.560000 
463.880807 2.560000  467.762893 2.560000 
468.880807 2.560000  472.756054 2.560000 
473.880807 2.560000  478.022229 2.560000 
478.880807 2.560000  483.271565 2.560000 
483.880807 2.560000  488.744489 2.560000 
488.880807 2.560000  493.685867 2.560000 
493.880807 2.560000  498.391080 2.560000 
498.880807 2.560000  504.010567 2.560000 
504.010567 2.560000  508.944684 2.560000 
508.944684 2.560000  514.351669 2.560000 
514.351669 2.560000  518.476317 2.560000 
518.880807 2.560000  523.012116 2.560000 
523.880807 2.560000  528.111982 2.560000 
528.880807 2.560000  534.012059 2.560000 
534.012059 2.560000  539.292543 2.560000 
539.292543 2.560000  543.908330 2.560000 
543.908330 2.560000  547.885793 2.560000 
548.880807 2.560000  552.812701 2.560000 
553.880807 2.560000  557.826826 2.560000 
558.880807 2.560000  563.061662 2.560000 
563.880807 2.560000  568.996312 2.560000 
568.996312 2.560000  573.449878 2.560000 
573.880807 2.560000  577.842976 2.560000 
578.880807 2.560000  582.654264 2.560000 
583.880807 2.560000  587.399229 2.560000 
588.880807 2.560000  592.551206 2.560000 
593.880807 2.560000  597.673325 2.560000 
598.880807 2.816000  603.070605 2.816000 
603.880807 2.816000  608.256778 2.816000 
608.880807 2.816000  613.478550 2.816000 
613.880807 2.816000  618.565008 2.816000 
618.880807 2.816000  623.503026 2.816000 
623.880807 2.816000  628.493373 2.816000 
628.880807 2.816000  633.465257 2.816000 
633.880807 2.816000  638.455278 2.816000 
638.880807 2.816000  643.417043 2.816000 
643.880807 2.816000  648.514789 2.816000 
648.880807 2.816000  653.595170 2.816000 
653.880807 2.816000  658.402449 2.816000 
658.880807 2.816000  663.277085 2.816000 
663.880807 2.816000  668.383552 2.816000 
668.880807 2.816000  673.484029 2.816000 
673.880807 2.816000  678.580671 2.816000 
678.880807 2.816000  683.367212 2.816000 
683.880807 2.816000  688.315097 2.816000 
688.880807 2.816000  693.487486 2.816000 
693.880807 2.816000  698.554718 2.816000 
698.880807 2.816000  703.355898 2.816000 
703.880807 2.816000  708.291523 2.816000 
708.880807 2.816000  713.411795 2.816000 
713.880807 2.816000  718.494175 2.816000 
718.880807 2.816000  723.574990 2.816000 
723.880807 2.816000  728.351368 2.816000 
728.880807 2.816000  733.289773 2.816000 
733.880807 2.816000  738.417109 2.816000 
738.880807 2.816000  743.518382 2.816000 
743.880807 2.816000  748.577640 2.816000 
748.880807 2.816000  753.446512 2.816000 
753.880807 2.816000  758.288221 2.816000 
758.880807 2.816000  763.413575 2.816000 
763.880807 2.816000  768.519360 2.816000 
768.880807 2.816000  773.610139 2.816000 
773.880807 2.816000  778.431062 2.816000 
778.880807 2.816000  783.303927 2.816000 
783.880807 2.816000  788.424201 2.816000 
788.880807 2.816000  793.550926 2.816000 
793.880807 2.816000  798.481892 2.816000 
798.880807 2.816000  803.297323 2.816000 
803.880807 2.816000  808.392750 2.816000 
808.880807 2.816000  813.486449 2.816000 
813.880807 2.816000  818.585207 2.816000 
818.880807 2.816000  823.367869 2.816000 
823.880807 2.816000  828.367029 2.816000 
828.880807 2.816000  833.521733 2.816000 
833.880807 2.816000  838.589313 2.816000 
838.880807 2.816000  843.407607 2.816000 
843.880807 2.816000  848.214806 2.816000 
848.880807 2.816000  853.306285 2.816000 
853.880807 2.816000  858.417994 2.816000 
858.880807 2.816000  863.487320 2.816000 
863.880807 2.816000  868.580739 2.816000 
868.880807 2.816000  873.405753 2.816000 
873.880807 2.816000  878.241587 2.816000 
878.880807 2.816000  883.335352 2.816000 
883.880807 2.816000  888.412586 2.816000 
888.880807 2.816000  892.692992 2.816000 
893.880807 2.816000  894.686225 2.816000 
