7.059509 18966.299428 0.000000
8.059598 18842.715653 18966.299428
9.063250 18987.563568 18719.131879
10.063748 19100.734696 18796.871871
11.064862 19992.727794 18968.293137
12.067196 19315.940685 19756.108983
13.068242 19333.019819 19701.581278
14.068246 18918.316734 19590.716627
15.070359 19573.332250 19159.832786
16.072895 19008.046299 19375.273489
17.073012 18848.238369 19108.544068
18.073087 19068.216559 18830.198968
19.074688 18554.399758 18860.519910
20.077130 19466.431233 18542.241943
21.079465 18307.991528 19070.166019
22.080846 18547.369447 18564.364582
23.084172 18983.995832 18426.904039
24.085851 18712.218214 18715.759909
25.088339 19675.328131 18723.413611
26.089371 19105.041200 19446.774050
27.089874 20273.300778 19437.877592
28.092591 19095.221179 20226.414948
29.093064 19699.195051 19748.845385
30.106611 20217.147231 19799.634955
31.108763 18976.747371 20188.383900
32.115331 18921.981457 19459.649309
33.123249 18066.504226 18933.482094
34.123438 19361.256314 18025.915404
35.127202 20320.392698 18553.343331
36.127943 20074.960373 19738.387828
37.128659 19196.704098 20292.337050
38.129539 19126.556541 19856.275286
39.133168 18405.388079 19420.740939
40.136740 18563.767569 18588.551320
41.138373 18278.094496 18245.450317
42.138979 18856.956533 17939.224324
43.141115 19591.546551 18304.975398
44.148081 18956.936896 19176.788732
45.148827 19002.883920 19240.427613
46.151018 19994.930283 19235.834642
47.152511 19916.892440 19919.335248
48.153956 19481.250888 20221.455928
49.176180 19469.766950 19969.644231
50.179056 18678.478154 19713.027094
51.179390 19886.751973 18930.436892
52.182985 20724.607640 19382.357471
53.183381 18570.481878 20362.808136
54.185930 18717.230377 19327.889023
55.189285 19483.334205 18731.139055
56.190273 18120.839342 19003.864772
57.193330 19734.206122 18238.223842
58.193852 19764.733034 19036.082336
59.195284 19655.805320 19632.437714
60.197102 20545.103256 19881.993448
61.200674 19828.166887 20617.197735
62.201146 18486.918121 20429.073982
63.203354 18175.117241 19178.848757
64.205630 19612.587944 18146.902826
65.206962 18884.969731 18716.086491
66.208343 18141.434111 18679.090027
67.232588 19539.484656 18154.410006
68.236030 19289.277483 18937.363930
69.238092 19000.776529 19291.715694
70.238264 18470.075718 19251.906308
71.241537 18817.810633 18771.193562
72.242755 19053.854282 18716.358914
73.243618 18932.299320 18891.337257
74.246235 18448.632307 18928.289463
75.249158 19377.545441 18585.017771
76.251826 18659.828848 19075.970409
77.253223 18670.919888 18858.553041
78.256355 19539.839065 18708.481589
79.259681 18949.966324 19275.744820
80.261748 20073.793981 19182.995441
81.262302 17868.611469 19921.234215
82.264434 18171.446143 18674.606660
83.268242 18774.022205 18076.920090
84.268331 19055.173824 18253.640365
85.274038 19689.361664 18682.959677
86.279049 20388.244555 19466.313749
87.280008 20091.924596 20437.914933
88.281854 19338.977981 20689.057961
89.283033 19211.500926 20100.636172
90.285268 19774.187730 19520.402939
91.294658 19995.555991 19575.075923
92.301391 20234.019968 19818.216562
93.302234 19509.579110 20162.969721
94.303360 18624.612956 19809.778219
95.304520 19153.858807 18894.408075
96.319007 20158.617235 18766.208612
97.319773 19033.599204 19552.590250
98.319863 19014.603208 19253.524292
99.321067 19612.655953 19034.763044
100.329082 19542.801008 19368.882020
101.331670 18059.254953 19544.493782
102.336896 18559.751865 18519.216928
103.346919 19404.698993 18266.960692
104.348860 19442.951825 18847.740712
105.351023 19049.630793 19306.059917
106.351619 19660.808707 19274.451722
107.352249 18954.697176 19660.825828
108.352309 19321.070825 19324.424953
109.355212 19094.433697 19338.572808
110.357362 18485.251590 19171.293393
111.360905 18323.363742 18611.552182
112.375193 19042.041374 18178.690542
113.377784 19009.434638 18537.436246
114.377867 19414.763603 18818.505328
115.380685 19651.809481 19310.768921
116.382359 18505.943593 19760.683796
117.385874 18899.318062 19099.023238
118.387724 20016.041028 18914.953900
119.395694 19439.527740 19656.552496
120.398745 20210.280966 19684.838961
121.399327 19684.415507 20215.719308
122.401337 19263.736229 20085.400801
123.402375 19832.751408 19604.485766
124.423723 19476.777013 19705.602248
125.424351 19502.990840 19520.966983
126.425232 19752.026566 19437.262229
127.427597 18361.370964 19598.618799
128.430113 20550.551734 18674.657324
129.435906 18936.260702 19776.240574
130.438052 19204.941093 19309.891715
131.440105 19534.475597 19184.819825
132.441608 19207.184156 19374.465075
133.442735 19140.311120 19263.821750
134.442763 19279.564276 19144.185912
135.450914 18622.370147 19187.839162
136.452719 20005.925006 18739.701469
137.453190 18832.039268 19523.965936
138.453911 18634.918392 19156.173633
139.455420 20443.465993 18743.403233
140.457600 18421.539523 19866.307524
141.460164 19648.807361 19055.604434
142.460698 19380.511429 19412.187540
143.461817 18912.085944 19448.412099
144.461869 19305.591578 19098.230097
145.464766 18301.998827 19171.732284
146.467261 18582.618806 18489.253638
147.475038 18701.790683 18311.665596
148.476894 18825.499286 18379.988785
149.479304 18791.825598 18587.382307
150.480419 18931.983388 18725.353046
151.483913 18615.839209 18916.074897
152.484779 19247.528602 18778.304810
153.485575 18318.709340 19142.570412
154.486762 19160.222607 18654.328314
155.490302 19618.703976 18957.437471
156.491538 18592.003807 19503.549361
157.493836 19132.966508 19035.368833
158.494113 18512.757138 19096.159338
159.495746 18616.173044 18670.599356
160.497411 19354.590608 18495.920740
161.498671 19899.977576 18992.457681
162.509773 18753.732807 19740.299609
163.514096 18841.543543 19294.456488
164.514549 18367.744221 19002.212060
165.517992 19300.878897 18460.573225
166.527062 19521.244375 18866.397563
167.529629 19260.125995 19343.204175
168.529794 19100.712605 19430.278745
169.530719 18865.958480 19311.717801
170.533277 18887.754410 19023.620436
171.548928 18890.665371 18856.503212
172.549657 18637.462878 18782.940620
173.552962 19066.881382 18583.188642
174.555977 19260.017748 18818.945090
175.556187 19269.599975 19143.659662
176.565524 19736.880483 19342.293139
177.575675 19610.963351 19773.896968
178.577054 18582.637184 19886.006912
179.579192 19272.328304 19102.056369
180.597476 18162.407870 19097.494641
181.600164 19414.010556 18306.481867
182.602236 18370.681742 18813.658995
183.606502 19763.786109 18434.838839
184.609495 19656.984110 19274.217762
185.611007 19706.696071 19736.197811
186.613531 18530.836457 19984.668381
187.616309 19117.908014 19157.515878
188.617568 19244.479661 19027.573439
189.619745 19259.809939 19080.114598
190.620128 19422.140478 19158.974152
191.622137 18660.596603 19345.360780
192.645703 19194.048709 18886.591113
193.646912 18911.166845 19000.796731
194.649920 18844.764410 18894.051136
195.653156 19027.552021 18795.155440
196.655411 18926.983083 18895.200542
197.657469 19324.967949 18902.884260
198.658633 19126.588890 19211.239474
199.658921 19630.431373 19245.064905
200.661176 19097.550688 19610.240480
201.670383 19286.494050 19398.215476
202.671573 18948.741185 19358.744299
203.672520 17904.761485 19067.631500
204.672590 18384.571869 18109.367746
205.675638 18677.163719 17938.942092
206.679696 18169.951698 18184.580597
207.681685 19127.471146 18050.136614
208.681896 18992.388528 18731.007979
209.682475 18811.853168 19069.247491
210.685356 18675.869808 19083.750985
211.688210 19132.878928 18921.040759
212.706963 18693.396649 19121.149747
213.722687 18430.937055 18894.524828
214.729363 18288.098410 18534.085627
215.742610 17975.563353 18220.949901
216.743830 19062.035272 17846.767872
217.766071 19163.607628 18506.729667
218.766241 20084.134339 19051.716233
219.768732 18118.752766 20042.577398
220.771910 18653.505716 19074.361036
221.775010 19332.303251 18752.415500
222.776674 18588.747710 19075.813437
223.777228 18539.568269 18743.968204
224.782580 18993.103381 18502.355883
225.791559 18883.990846 18731.004153
226.793491 19618.259491 18829.018694
227.795820 19220.959766 19442.470486
228.799491 18254.991656 19495.168840
229.801733 18954.559155 18728.489666
230.803516 19099.831470 18751.451201
231.803550 19803.676632 18922.663192
232.803619 19376.494057 19580.445130
233.806845 18301.431357 19644.757043
234.822681 18989.474251 18803.550228
235.829120 19174.852669 18773.449273
236.830879 19422.141118 18951.438853
237.832858 18746.169627 19281.753435
238.835614 18848.482162 18975.029027
239.838127 19841.948068 18841.186375
240.838692 18300.499368 19521.188425
241.838915 18479.257336 18785.292836
242.859552 19634.053428 18430.215151
243.862653 19721.703480 19131.033923
244.872202 19449.838841 19672.935724
245.875782 18358.373089 19752.180085
246.878897 18660.038027 18897.617640
247.880574 18966.828943 18561.773983
248.883146 18958.934503 18648.511353
249.885898 18354.793285 18765.538606
250.889544 19460.191650 18419.295292
251.889547 18400.918204 19059.096908
252.891331 19473.559684 18684.816317
253.913017 18697.429546 19231.182603
254.913326 18594.969110 18982.862413
255.914764 19489.965001 18710.498774
256.914881 18334.270064 19216.681457
257.915068 18594.324632 18671.322482
258.915762 19133.457454 18509.420816
259.919279 19289.568800 18854.045553
260.927009 18301.363046 19213.294406
261.943414 19027.563025 18670.833116
262.944290 20266.773152 18851.884938
263.944724 18656.807484 19915.737965
264.955274 19193.454418 19327.949025
265.955958 18269.815894 19268.754370
266.958397 18606.304528 18527.603162
267.961576 19020.889889 18344.947216
268.964205 19200.671905 18629.897592
269.967611 19769.753643 19004.957366
270.969526 19724.434916 19668.227191
271.972302 19308.265951 19991.254671
272.980562 19108.864629 19773.936749
273.981709 19466.561039 19399.309097
274.982172 19498.173502 19407.656462
275.984539 19349.254695 19450.265636
276.987122 18756.751543 19371.858084
277.990015 18773.110536 18882.626097
278.999427 18696.167577 18618.810710
280.001916 19006.333462 18467.770753
281.002702 20397.527237 18681.974395
282.005205 19070.749713 19913.561314
283.006083 19369.122643 19655.263111
284.008308 19892.712499 19603.765358
285.009903 18417.318906 19912.048194
286.012214 20179.316029 18954.810494
287.012258 18545.591215 19663.316589
288.037528 19571.561297 18921.275887
289.062446 18815.852710 19225.811929
290.064366 18331.634493 18897.735852
291.094193 18914.120525 18350.063365
292.097622 19298.139538 18508.484428
293.099031 18338.623939 18977.118243
294.101845 19636.443326 18572.053776
295.102533 18442.400224 19284.528623
296.116519 19693.484843 18833.212395
297.117108 18998.663351 19448.164703
298.121663 18639.830018 19295.854773
299.121690 19140.452674 18876.276953
300.123109 19593.063696 18982.843301
301.123684 19044.317837 19414.987085
302.124100 19460.776824 19264.018736
303.270418 19484.449007 19445.953576
304.274142 19813.434212 19558.380946
305.277501 19024.291648 19842.850550
306.279785 18520.328097 19385.874344
307.280189 18982.073717 18689.017904
308.283120 19899.236783 18644.726447
309.285058 19357.333409 19394.789836
310.303263 18610.376825 19489.505736
311.304700 18513.148607 18943.603167
312.305287 19543.191477 18514.424133
313.306509 19465.378894 19072.047887
314.308098 18000.039672 19410.286224
315.310264 19180.576151 18494.174144
316.312655 18806.948247 18797.986845
317.315008 18695.600769 18765.319594
318.315387 19142.121389 18675.882524
319.315472 19435.285858 18970.984014
320.317518 18994.072992 19381.192455
321.318371 19027.656577 19268.910377
322.318968 18780.109695 19169.247681
323.320472 19979.049380 18898.358395
324.321709 18756.012874 19632.556340
325.343827 18621.090316 19169.001194
326.347473 19536.212710 18732.784622
327.349418 19308.383312 19173.094555
328.353992 17429.925950 19313.157012
329.355017 19377.809670 17973.151793
330.370007 20851.133197 18628.255514
331.392504 18647.423089 20248.188558
332.395293 18955.440029 19556.108659
333.397667 19472.934424 19213.910022
334.397808 19496.721988 19366.314002
335.399417 18706.213954 19487.011770
336.402017 19545.707582 18956.907183
337.404393 20134.826375 19258.801803
338.405255 17900.646667 19923.314653
339.417033 19573.225721 18632.814227
340.420178 19223.949764 19058.956415
341.422298 18561.337913 19138.637867
342.425418 18290.514058 18702.847680
343.426778 19219.323491 18246.457252
344.445875 18973.595795 18725.883315
345.450302 17992.203280 18904.660619
346.450779 18527.722766 18275.238678
347.457750 18618.951280 18291.408473
348.465730 19570.433904 18426.993329
349.467052 18465.433848 19256.387213
350.467261 19439.412291 18920.845786
351.469393 19267.653447 19369.705920
352.469808 18668.298039 19482.743447
353.471350 19181.773458 19035.973154
354.475079 18948.642096 19105.775793
355.478033 19624.538381 18984.828008
356.481092 19148.758116 19422.229851
357.482816 18790.386698 19334.672706
358.486355 18456.257838 18975.636922
359.486692 19379.155412 18499.209830
360.491815 18891.546310 18942.431466
361.510828 19610.474731 18907.516444
362.513221 19841.472842 19425.262715
363.514862 18838.235881 19903.687438
364.516276 18744.165604 19374.918430
365.517121 18818.198038 18905.810581
366.517413 19668.242180 18686.369737
367.518233 18401.330947 19247.139497
368.518309 18324.628836 18682.616624
369.547398 19378.266735 18272.507184
370.550312 19161.402574 18870.711302
371.551898 19346.543592 19134.054098
372.555474 18783.973478 19411.418378
373.556880 18946.741300 19111.954237
374.556882 19460.555581 19002.302843
375.590826 19201.578322 19318.947470
376.591168 19094.780145 19318.438868
377.591247 18957.882754 19208.870797
378.594515 18899.828231 19022.891056
379.596289 19011.783612 18870.108218
380.599497 19584.793853 18885.113338
381.603108 19371.669471 19354.041147
382.606631 19399.420146 19486.349941
383.612302 17928.964949 19544.647227
384.618511 19166.612384 18434.647702
385.621158 19443.748836 18681.462828
386.624002 18687.987524 19134.010118
387.624852 19448.256393 18870.897459
388.648852 18911.561418 19263.815297
389.651310 19569.160403 19103.863259
390.663452 18503.681263 19469.011019
391.664717 19919.790078 18877.512890
392.667801 18902.106565 19550.387530
393.670597 19938.350823 19215.912852
394.671869 18316.549587 19747.407135
395.675269 18497.365019 18844.539271
396.676788 19930.549342 18396.719492
397.677900 19759.599990 19272.859227
398.685789 18942.158455 19747.139609
399.687558 19552.546245 19374.313744
400.687952 18888.998029 19537.652832
401.690095 19906.613560 19125.384567
402.699429 19598.624343 19623.365448
403.700380 18784.704928 19712.176004
404.701583 19695.429202 19117.753805
405.704369 18980.146131 19420.323692
406.704624 20081.862317 19103.922709
407.708222 19092.007976 19741.065213
408.710910 19889.945041 19402.444985
409.711337 19104.315317 19753.978418
410.713374 19284.009735 19374.514497
411.717329 19336.096421 19252.003555
412.719498 19552.800407 19237.814643
413.720985 19309.939868 19417.818622
414.722568 18659.356979 19359.420653
415.725996 18564.253328 18829.914305
416.751518 18814.026305 18451.194062
417.751902 19683.783123 18477.428490
418.751968 18559.520622 19227.012771
419.755470 18917.806959 18872.800624
420.759138 20278.249114 18886.089303
421.759952 19354.223379 19920.994672
422.762034 19597.812742 19834.741666
423.764201 18826.303569 19854.177614
424.765327 19981.566759 19221.172490
425.766527 19555.590493 19672.400090
426.768393 18874.687049 19655.823358
427.770249 18584.258930 19111.799193
428.778085 18943.707872 18562.687985
429.778170 18869.752679 18563.111823
430.790196 19559.398673 18603.006361
431.791820 19072.106280 19206.874704
433.268902 18934.494284 19231.470573
434.272314 18935.366557 19100.718437
435.273415 18208.770252 18994.440536
436.275744 19810.346665 18381.585862
437.277816 19207.534396 19233.136932
438.297832 20037.301928 19351.105699
439.298107 19084.678820 19996.522905
440.299983 18668.568316 19614.958933
441.300739 18673.669170 18979.524041
442.331300 18923.912959 18587.893304
443.331821 18921.177421 18601.204744
444.332345 18539.201623 18686.485864
445.334572 18081.311296 18501.317465
446.337510 19219.030090 18074.786559
447.338407 18698.440110 18716.441387
448.338681 18155.229155 18772.473491
449.339048 19348.188573 18374.572982
450.339795 19726.731976 19015.506333
451.342054 18751.715719 19703.051121
452.343404 20089.324354 19321.481537
453.345851 20622.890955 19991.461766
454.346213 18794.276648 20751.092478
455.357471 19083.841927 19727.396724
456.359582 18965.124175 19199.442786
457.386702 19342.348490 18817.527289
458.386869 18311.017047 18946.386998
459.388898 19143.201797 18336.308643
460.390242 19452.631869 18649.085130
461.390941 19541.005097 19161.075093
462.392238 20274.026834 19556.239190
463.394990 20010.740645 20299.779018
464.409110 18896.894179 20467.646244
465.411222 19515.610419 19601.968608
466.413273 19627.771327 19456.898363
467.415287 19141.191990 19483.161935
468.416408 20389.257758 19167.511566
469.417246 18918.861525 19939.155814
470.436388 19524.184779 19334.706250
471.438344 19168.010466 19382.512726
472.440142 18694.766911 19174.703243
473.441160 17780.867112 18714.192641
474.441464 19785.489952 17793.656058
475.445961 19921.692959 18833.657660
476.468069 18240.577330 19693.768790
477.468716 19212.112828 18919.968675
478.470843 19464.185527 19091.872405
479.490908 18962.994499 19396.938900
480.491079 19319.422881 19190.390533
481.512281 18389.133025 19297.588628
482.512319 18637.233929 18658.928846
483.515206 19008.299539 18458.225678
484.535485 18532.231983 18680.925365
485.535903 19284.004419 18517.068084
486.536048 18204.007789 19002.759745
487.536208 19371.049320 18505.919272
488.550618 18832.187246 19057.302313
489.553028 19999.611582 19007.284030
490.557981 18975.789432 19814.068944
491.558626 19359.998154 19495.980449
492.558831 19038.150269 19495.044988
493.560726 19329.082660 19219.429635
494.561497 17590.575825 19254.501411
495.564575 19275.629717 17986.802485
496.567060 18521.150714 18517.686776
497.569470 18691.127507 18406.755404
498.571560 19517.306002 18507.371141
499.573113 19964.564299 19223.251972
500.576089 18737.103136 19990.149618
501.579196 18469.292985 19446.606238
502.581113 19103.580108 18796.601160
503.585286 19352.669702 18865.486919
504.586449 19305.390839 19146.270291
505.600246 17852.757670 19302.802683
506.602462 17842.274211 18292.241041
507.604737 19392.170881 17669.226783
508.605330 19906.754609 18563.404013
509.609466 18707.388039 19603.622141
510.610473 19241.794076 19299.989395
511.612050 19400.757740 19400.827210
512.613582 19270.588231 19530.710582
513.615612 20284.954146 19465.536926
514.620882 20032.387765 20144.987361
515.622735 20084.450898 20330.279489
516.624719 19144.961777 20387.499971
517.625873 18547.773450 19635.731104
518.626176 19190.215118 18689.263093
519.627671 19135.834594 18662.487927
520.630525 19209.813646 18740.246750
521.656835 18869.968981 18933.507411
522.657757 19548.163191 18844.330802
523.659965 19598.444342 19314.797700
524.661055 18755.477314 19646.083385
525.662386 19962.663674 19167.591196
526.664492 19565.048658 19730.706401
527.680483 19295.522008 19772.042059
528.682752 18947.237594 19538.816551
529.684383 20071.477895 19100.166850
530.686148 19571.273768 19685.789912
531.690073 19204.912680 19699.870344
532.691233 19066.801189 19399.990599
533.692559 19070.500598 19097.697629
534.696470 19736.165783 18941.601591
535.696847 20007.913895 19395.027212
536.697319 19491.678317 19910.835750
537.701226 19224.783812 19805.832872
538.707998 20052.352967 19474.621914
539.708097 19563.531048 19867.233777
540.711868 20760.802807 19743.203066
541.713391 19493.709012 20534.223526
542.716968 19724.222213 20036.058229
543.720610 19839.343526 19824.273178
544.722433 19090.129029 19779.708895
545.725004 18892.390302 19210.424539
546.727435 18720.924325 18747.404438
547.750284 19306.621238 18423.541371
548.752965 18776.254466 18775.228261
549.755935 19382.844990 18686.144871
550.756784 19829.648213 19119.073467
551.757806 19098.468784 19736.583064
552.759259 18732.789395 19520.219578
553.760904 19099.974490 19032.340594
554.761100 18339.313289 18988.902124
555.762740 19397.618215 18424.455080
556.763918 18906.866214 18914.674804
558.269063 19069.013377 18912.456518
559.269157 19437.849499 19031.560171
560.270343 19645.328037 19377.102391
561.291327 19701.390294 19720.669181
562.291992 19958.639830 19915.663983
563.306491 19766.991751 20152.530114
564.307985 19825.663846 20078.754548
565.313074 19420.828936 20007.930138
566.313935 19002.040652 19623.325178
567.316225 19934.444476 19066.307424
568.319709 19266.931965 19471.034721
569.322166 20385.946855 19288.616426
570.323613 19769.817669 20031.247331
571.324993 19458.994461 20029.140774
572.325249 19369.643231 19730.139314
573.325254 19674.591506 19445.838948
574.326234 18967.425270 19513.351042
575.328960 20227.296084 19057.042528
576.330125 19828.262477 19751.387067
577.330848 19606.039883 19918.261385
578.333668 18430.274387 19812.531872
579.335892 19086.053122 18826.219996
580.336022 18836.143906 18725.911707
581.337501 18821.468711 18578.361005
582.338749 19339.301128 18558.024982
583.339712 19514.754231 19002.092216
584.341385 18863.296838 19440.017888
585.343977 20028.469271 19189.071765
586.347027 19699.324307 19856.034297
588.270940 19733.169948 19985.765584
589.271800 19264.809316 20004.405138
590.274112 19264.964562 19594.645644
591.275420 18580.839677 19307.423250
593.269873 19077.256222 18640.103717
594.271089 19918.124358 18663.940349
595.272139 19302.719482 19409.838735
596.272591 19477.476116 19448.305678
597.273788 19981.045925 19562.210075
598.274210 18084.529065 19975.656141
599.275472 19377.594023 18761.338975
600.279070 18781.611229 18954.776632
601.281135 18893.969936 18710.212714
602.284065 19432.287220 18690.049413
603.286614 18855.699662 19134.685857
604.290363 19385.671808 18998.963751
605.294026 19253.037313 19292.765785
606.295361 19699.046226 19363.417437
607.298349 19302.785575 19705.654917
608.298402 19848.343304 19577.925996
609.298734 19204.456024 19854.444727
610.299485 19397.089113 19508.263277
611.300920 18528.030624 19403.695555
612.302373 19559.520720 18697.966217
613.306233 19188.413914 19076.235222
614.306473 19752.811705 19107.860994
615.308567 19548.372623 19567.110454
616.310549 19000.497351 19689.831184
617.311180 19159.183163 19304.920456
618.314079 18769.467344 19155.373674
619.317543 18911.450155 18789.265791
620.320361 19800.127464 18707.749346
621.321868 18598.993914 19384.424307
622.325843 18480.232816 18925.837415
623.327175 18790.104665 18525.762270
624.328637 19089.763593 18546.746221
625.330296 19103.875274 18842.822003
626.331834 19285.193474 19063.179053
627.332522 19222.804772 19319.520282
628.335010 19533.387663 19392.317669
629.335655 19676.913922 19619.275306
630.336257 20062.921361 19818.926908
631.337923 19273.898809 20172.755042
632.340593 19144.017155 19730.443775
633.344150 18898.493168 19297.740659
634.345009 19786.019417 18858.815235
635.345081 19737.728615 19314.916693
636.348182 18689.299751 19624.525001
637.350638 18848.044166 19021.308411
638.350882 19552.630318 18755.756262
639.353981 18066.876964 19174.491777
640.354056 18847.574634 18364.079155
641.354059 19357.595868 18470.095548
642.354672 19144.937906 18999.989442
643.356388 18995.722519 19194.844524
644.359740 18571.911047 19167.883870
645.360879 18702.852348 18793.504601
646.363165 18439.789358 18649.122554
647.365024 19313.544716 18393.066736
648.368434 19498.465613 18932.036001
649.371187 19409.287158 19435.588485
650.371450 18964.901457 19636.200168
651.372998 18841.051783 19346.488481
652.375787 17078.088016 19013.348626
653.378932 19523.007853 17481.481662
654.381274 19219.072318 18448.389647
655.383251 19041.707737 18972.546539
656.384673 18905.322496 19163.232994
657.386492 18295.282649 19125.905977
658.390831 18475.233797 18594.566713
659.393391 19567.775454 18389.039425
660.396119 18503.554864 19127.230618
661.396240 19237.242151 18808.296980
662.399193 18668.081265 19122.910098
663.401943 19645.089509 18881.929006
664.405035 18712.257731 19440.732707
665.408191 18901.329946 19071.599925
666.408791 18848.903846 18939.002147
667.411910 19645.544909 18823.965633
668.412471 18806.386620 19370.162726
669.414153 19509.245712 19082.738101
670.417252 18980.755388 19397.082238
671.418386 18757.724140 19185.927432
672.422097 19088.923259 18861.783582
673.422595 19364.405652 18922.096136
674.425876 18849.166575 19200.570988
675.428645 19473.501016 18994.337773
676.429888 19490.529099 19323.179196
677.429953 18720.744254 19537.951425
678.432886 19900.138442 19056.143325
679.433515 18413.059889 19615.935147
680.435906 20052.835030 18851.572968
681.437914 19796.015718 19589.594964
682.440727 19552.213187 19881.801494
683.440961 19253.472291 19823.606418
684.441205 19729.081701 19502.604900
685.442390 19862.663709 19636.528046
686.445317 19721.947671 19826.814538
687.448381 19501.877994 19825.383049
688.449118 19106.559408 19633.756202
689.452415 20113.499514 19208.484287
690.455843 18538.179582 19725.572190
691.456350 19615.658166 18899.608023
692.458546 19027.289869 19204.377767
693.461685 19134.375136 19018.306516
694.463421 19162.896286 19007.830679
695.467719 19862.802372 19055.619737
696.471858 19344.835831 19631.262968
697.472608 20133.482961 19588.494529
698.476872 20445.969089 20097.680982
699.477194 19600.029319 20595.589299
700.477270 18987.958300 20172.683578
701.479649 19198.592061 19359.013888
702.480353 18676.168501 19017.390467
703.483242 19206.005963 18500.061485
704.484782 19316.100150 18682.801845
705.486799 19705.065320 18987.543694
706.489259 19628.192847 19513.777610
707.490244 19592.895025 19767.062141
708.490360 19329.223018 19832.513717
709.491058 18941.988174 19607.580826
710.492464 18536.193194 19135.098796
711.493126 19490.202296 18546.233890
712.493963 18688.905088 18964.798090
713.494573 19211.537256 18704.458335
714.496303 19852.988004 18962.374272
715.499230 18348.504708 19634.711048
716.499678 19361.773057 18897.086202
717.500604 18974.152564 19151.079668
718.501916 19759.311814 19040.034379
719.503929 18441.999687 19556.910718
720.507308 19782.170874 18877.965066
721.510717 18741.615434 19434.629285
722.511506 19722.042801 19019.430213
723.512919 19092.492205 19477.697507
724.515742 18775.706137 19295.754531
725.519098 19156.465789 18916.377910
726.521827 20097.206116 18977.091396
727.524889 18928.909379 19757.846982
728.525783 18681.243293 19356.842006
729.526920 19122.199081 18863.606796
730.529696 19486.538304 18902.115157
731.531760 18767.725769 19249.644735
732.533027 19870.166761 18943.523516
733.533526 19334.649998 19573.344213
734.534193 19939.698185 19560.822626
735.536672 18175.065697 19951.804816
736.538814 18685.607156 18820.794888
737.541162 18957.503250 18476.763720
738.543916 19283.691072 18560.881066
739.547588 18003.491125 18946.736151
740.548079 19711.265543 18263.752464
741.549712 18667.666733 19138.026099
742.551317 19174.695569 18935.773670
743.553405 19614.964042 19147.892349
744.555564 19117.649204 19590.853847
745.556080 19629.383252 19445.376017
746.558974 18563.417804 19674.505935
747.562511 19526.832896 18978.316137
748.564036 19404.453920 19249.057974
749.564149 18741.607027 19362.088390
750.567778 18918.772825 18932.059812
751.570865 19232.285780 18802.306674
752.572774 18881.057606 19001.681360
753.574306 18591.344583 18895.598677
754.575087 19779.638486 18621.637300
755.578154 19570.080997 19368.303860
756.580669 19142.606518 19687.302680
757.581980 19038.595181 19496.890810
758.582577 19737.900398 19235.105299
759.583750 19262.525239 19579.563927
760.584756 19198.931290 19434.845989
761.586241 19728.620931 19271.711371
762.586342 19341.704627 19569.216272
763.587048 19117.261654 19467.632660
764.591373 18926.121181 19217.026616
765.591922 18797.445370 18923.426998
766.592522 19628.900581 18680.793877
767.595247 19289.200050 19212.231598
768.595664 19673.705183 19327.342306
769.596240 19056.059244 19663.740946
770.599739 18913.436944 19371.196871
771.602049 18655.198776 19039.173702
772.603615 19491.017812 18648.049301
773.604655 18350.728227 19081.138747
774.605334 19014.780734 18544.936048
775.608679 19385.888307 18726.322123
776.612677 18721.685021 19167.460493
777.612828 19879.214493 18944.484167
778.613772 19448.130105 19645.443321
779.613942 19435.563622 19731.052401
780.616212 18792.290079 19693.701505
781.619649 19726.793448 19128.036428
782.620791 18596.795795 19462.144829
783.621868 19102.677702 18847.862945
784.622871 18653.744600 18857.366645
785.622967 18996.834866 18586.746433
786.624644 19819.352441 18725.503568
787.624739 19356.208789 19479.603142
788.625581 18488.903271 19594.232514
789.626723 19021.254817 18941.562131
790.629578 19501.889651 18901.325883
791.629665 19531.602737 19271.666119
792.631846 18390.897855 19536.676934
793.633990 19769.706669 18812.385131
794.635062 18588.753963 19378.974021
795.637458 19679.202907 18874.237099
796.638979 19724.062170 19368.334562
797.640415 19849.992351 19726.744827
798.642384 19246.042849 19999.726931
799.644627 18890.376650 19645.822211
800.646611 19380.280842 19102.175361
801.648676 19667.600684 19144.830403
802.650705 19616.005310 19440.510415
803.653538 19079.471916 19606.426457
804.653908 19196.436325 19289.379146
805.656566 19647.685122 19166.101990
806.659190 18604.258392 19450.483593
807.661508 18381.834943 18859.404730
808.662466 18791.519349 18333.261126
809.663513 18818.791614 18389.596084
810.663858 19435.522659 18538.698577
811.667796 19062.847321 19145.821367
812.668101 18724.730453 19242.301581
813.668559 19420.005646 18992.090473
814.672605 20058.979243 19321.601308
815.675808 18612.191978 19990.188008
816.676666 18697.594626 19256.588718
817.679048 19107.461203 18792.741874
818.681000 18547.179287 18844.431572
819.681342 19727.517553 18515.822392
820.682341 19182.856071 19244.610726
821.683098 19010.465177 19321.235487
822.685083 19107.243424 19195.659844
823.687400 18719.130159 19159.157041
824.689513 19195.227706 18836.842287
825.692704 19593.267438 19003.330037
826.694967 18612.118934 19433.078129
827.696579 18409.857176 18952.138124
828.699197 19316.665580 18474.967006
829.702689 19474.256155 18900.210292
830.706017 18975.006305 19335.138688
831.706096 18466.219824 19212.944865
832.708876 19113.382848 18710.773454
833.708939 19637.210861 18883.921608
834.710593 19467.573766 19420.732005
835.713664 19004.647144 19616.029096
836.716358 19306.386002 19329.368843
837.716792 19109.409505 19331.162435
838.717538 20292.485570 19178.132750
839.718241 19061.272223 19971.744145
840.719947 19292.330580 19525.325189
841.722935 20079.922610 19359.396237
842.725733 19509.303760 19850.359369
843.725897 18919.830927 19725.267608
844.727108 19485.180735 19166.626141
845.728570 19140.551125 19249.618959
846.730525 19769.359638 19091.533605
847.732049 19447.757295 19496.351693
848.732707 19584.161092 19525.810966
849.733555 18773.586482 19623.330032
850.734342 17970.610537 19054.366372
851.736240 19655.116058 18097.457611
852.736536 18782.838953 18850.670603
853.738756 18962.316847 18774.180634
854.738758 18973.896728 18872.708650
855.739167 18789.665594 18953.059618
856.742570 19422.096645 18860.271029
857.743913 19526.123054 19270.548664
858.746927 19352.699512 19591.594283
859.750143 19052.044534 19605.681630
860.750240 19370.080376 19323.988539
861.753604 18948.719780 19353.682875
862.753662 19069.589579 19056.608971
863.754339 18526.109859 18971.752070
864.755067 19185.860058 18546.173207
865.757108 19639.334180 18823.180588
866.760881 18360.728747 19392.459738
867.761739 18627.262376 18779.863848
868.762806 18900.387454 18568.682350
869.763808 19331.458445 18682.580416
870.766657 19459.577490 19117.284451
871.768223 18339.536667 19484.269251
872.768615 18628.559079 18821.558094
873.769750 19167.030297 18586.463967
874.769827 19012.116681 18883.294095
875.770627 20191.693248 18986.457998
876.771722 19650.764363 19929.137045
877.773627 19149.856309 20060.418956
878.776249 18740.865957 19647.965222
879.776310 19256.061164 19010.468363
880.780107 19165.170817 19010.715738
881.780773 18845.578870 19004.008021
882.782054 19280.695162 18801.250902
883.782225 18894.227220 19037.291553
884.784945 18330.679471 18926.311825
885.785948 19882.739757 18440.139997
886.789530 19276.230373 19333.734167
887.792426 18045.163722 19462.900611
888.794455 18895.300325 18557.516285
889.798192 19265.951284 18614.338433
890.799683 18499.047499 18990.978200
891.801026 18670.538233 18672.863515
