6.055665 18601.066205 0.000000
7.057736 18984.703173 18601.066205
8.058022 19322.939839 19368.340140
9.061252 18871.012715 19717.926882
10.063406 19833.836299 19455.028149
11.064123 18478.547618 19899.692612
12.066043 19006.815698 19089.094254
13.069934 18732.813045 18927.359477
14.070407 18792.191136 18660.854154
15.072313 19691.932417 18590.124783
16.074300 19648.062017 19280.082647
17.075776 19295.001706 19695.121222
18.076031 19812.480274 19626.080474
19.077946 19404.171550 19896.899334
20.079613 19657.471868 19704.972457
21.081535 18467.020720 19723.784029
22.085604 19114.866284 18823.773414
23.089076 19952.442350 18770.464106
24.091078 18874.481140 19458.092046
25.092398 17981.187342 19117.022685
26.094893 19250.189462 18215.882269
27.095636 19666.569853 18658.389920
28.097385 19598.472944 19339.878924
29.098221 18592.345555 19711.223477
30.107539 20663.939673 19114.112578
31.111205 20204.562119 20238.810961
32.114387 20093.439280 20562.909165
33.123887 19088.735059 20552.029377
34.123987 19296.899448 19678.413792
35.127815 20517.134953 19250.309608
36.128394 18869.813754 19963.081605
37.130305 18833.637487 19222.490042
38.130916 19208.409361 18736.892987
39.134121 19223.504593 18799.359491
40.137100 19919.762134 18944.176634
41.139003 19073.643971 19608.610351
42.139321 20344.717261 19384.026534
43.141889 18834.276049 20147.443951
44.149504 18644.254236 19445.640078
45.151031 19424.292768 18799.380775
46.153888 18893.219267 19022.498388
47.156065 18705.435221 18836.200663
48.157753 18430.463018 18616.468418
49.175739 19150.968460 18322.614843
50.178695 19341.243910 18743.029181
51.178940 18466.221268 19197.927757
52.180709 18905.633174 18804.939102
53.182354 20407.951426 18853.324246
54.183570 18619.597225 20017.332738
55.186596 19081.355805 19355.726006
56.188544 19855.687577 19187.209379
57.191630 18655.316275 19657.236502
58.191674 19126.513108 19041.584355
59.192117 18107.981409 18990.588886
60.194257 19462.632929 18235.173433
61.197349 18892.983768 18841.656340
62.200553 19862.806590 18872.905070
63.202777 19856.114011 19620.916226
64.203848 19028.077152 20050.374961
65.206070 18548.643396 19595.511447
66.206885 18401.299603 18866.645799
67.231427 18604.263722 18312.204529
68.235292 18878.347741 18209.480752
69.237705 18651.295883 18462.377620
70.240220 19549.238984 18522.529691
71.243004 19100.550492 19258.254600
72.244418 19676.723545 19362.346782
73.264691 19212.121159 19781.073590
74.266163 19202.621230 19615.897693
75.267211 20010.549122 19425.240664
76.269512 18565.224524 19880.203210
77.269760 19029.676900 19056.277513
78.272640 18568.215572 18869.890699
79.273129 19542.430449 18470.547846
80.273459 18786.891914 19025.954509
81.275610 19480.821221 18866.122924
82.276207 19021.649845 19286.846360
83.278653 19344.162036 19201.323261
84.282240 18607.261055 19355.527500
85.284895 18372.230425 18877.112518
86.287753 19787.775419 18394.169189
87.288035 20252.769061 19208.871579
88.289285 19421.726898 20109.693965
89.293166 20017.002867 19972.592310
90.295254 18995.750006 20212.782106
91.295612 19725.616912 19517.992549
92.302148 18284.454398 19587.437313
93.304574 19109.155543 18575.832711
94.306685 19414.279806 18615.711689
95.306998 18201.703951 18987.855339
96.322332 18093.872090 18371.101390
97.323531 17528.273475 17939.501160
98.327211 18653.719599 17338.094816
99.353241 19846.006919 17929.020902
100.354649 19624.993766 19299.874109
101.356560 18889.101338 19956.074050
102.357748 19476.924351 19649.484629
103.360534 20143.679801 19746.961355
104.361791 19226.581939 20228.257055
105.363739 19222.273413 19759.937195
106.364229 18276.251824 19389.207056
107.365588 19458.271781 18452.592385
108.367717 18714.733937 18826.714877
109.367866 18354.230435 18614.011965
110.369789 18189.496028 18262.463376
111.371914 19471.683295 17986.080041
112.376533 18700.593765 18860.382821
113.378793 19109.775102 18872.042181
114.379873 19303.096828 19141.895760
115.383680 19641.089944 19413.783679
116.386426 19719.393104 19775.550764
117.388915 20024.711985 19981.546471
118.390952 19132.914422 20247.995143
119.394714 18866.392093 19656.550518
120.397107 19234.493173 19030.027435
121.397753 18769.474818 18951.932867
122.399312 19331.241575 18634.761893
123.399719 18902.094201 18931.179706
124.424659 18857.476808 18857.543549
125.425598 19885.020319 18798.400088
126.425664 19135.691352 19554.255171
127.427156 19638.733697 19452.877274
128.428925 18788.757788 19700.173604
129.431313 19259.791666 19170.979861
130.437439 17434.637636 19164.102879
131.439555 18878.066429 17815.721063
132.443146 19684.030663 18128.830893
133.444464 19934.775125 19077.167867
134.448352 18482.135976 19891.110400
135.451912 19337.542477 19219.518485
136.454366 19172.875285 19340.931777
137.457459 19193.245856 19277.290704
138.459863 19211.571452 19234.644241
139.460342 19711.534806 19216.715610
140.462716 19394.418679 19581.437771
141.465280 19680.053690 19558.486015
142.468440 18866.121024 19720.219561
143.469642 19418.543147 19180.595367
144.472156 18977.141173 19246.481276
145.473575 19440.460178 18991.388218
146.474441 20068.714129 19207.769182
147.476934 19188.093076 19845.322876
148.480194 19436.303151 19559.481746
149.482592 19405.300513 19509.871571
150.482884 18078.008354 19443.422399
151.484687 19395.989005 18405.198223
152.488521 18897.869911 18792.774156
153.488589 19612.437334 18763.776514
154.489200 19609.825641 19318.726610
155.489807 19515.059262 19667.670569
156.490655 19111.630243 19756.606532
157.491888 18331.523585 19438.115932
158.491990 19644.494664 18612.169216
159.493037 19393.241747 19113.762760
160.493867 19801.509135 19308.802820
161.496028 19754.034080 19733.633123
162.510250 19528.062084 19927.410986
163.514546 19321.821385 19811.476694
164.515144 18522.649092 19527.975371
165.518559 17676.874088 18735.306994
166.526549 18396.782456 17651.477076
167.527135 19391.885737 17655.842646
168.529210 18777.266553 18589.587844
169.530323 18183.530705 18796.070529
170.532305 19179.224176 18449.308991
171.546687 19229.332719 18956.253754
172.549063 18398.245267 19303.050148
173.552405 19239.445117 18834.703399
174.554617 18798.864223 19122.315379
175.555431 19892.365503 18964.968133
176.566271 19094.128115 19664.894493
177.573876 18421.164501 19473.047384
178.574159 18679.473070 18777.671301
179.574917 17823.232285 18534.587987
180.596478 19097.051774 17807.087012
181.597023 19466.648794 18402.737459
182.597780 18358.220622 19151.339027
183.601534 19420.856424 18773.146123
184.604534 20635.741614 19277.295148
185.607308 18811.226931 20476.423872
186.608409 19192.954280 19747.431657
187.610718 18909.207758 19435.179880
188.612393 18462.636053 19005.687700
189.616010 19434.327394 18431.892846
190.618389 19108.429100 18881.449726
191.618586 19431.400960 19000.023863
192.619873 18689.087946 19328.641136
193.620167 18034.479440 18961.904967
194.620678 19100.200173 18219.376248
195.622710 18829.046109 18601.178236
196.622924 19711.435263 18713.469167
197.623891 19047.484659 19460.300733
198.624123 18802.515455 19398.537196
199.625117 18719.171882 19096.165390
200.625548 19243.938052 18809.059324
201.626763 18629.071640 19036.609058
202.648169 18699.117755 18741.066364
203.650045 19543.698090 18617.830922
204.652387 19196.705984 19209.970161
205.654261 19937.044184 19329.227683
206.655519 19956.722116 19910.979670
207.656172 19026.059479 20223.130240
208.658610 19566.749883 19614.606517
209.659360 18829.608417 19568.725699
210.660914 18861.312548 18992.435236
211.664497 19848.529323 18687.361399
212.666263 19196.892880 19318.724848
213.670516 19225.690434 19278.130359
214.680971 18513.960856 19259.121911
215.683082 19390.879275 18707.462634
216.685947 19306.436714 19040.946365
217.688848 18549.342284 19231.839538
218.690836 19591.706010 18778.114595
219.693356 18573.801440 19275.831841
220.696438 18841.425339 18840.230578
221.697276 18416.022712 18756.540587
222.698137 19114.944467 18416.864809
223.699256 19340.873842 18771.007712
224.703580 19760.419895 19203.510384
225.707471 19480.478826 19768.762124
226.709582 19762.868708 19839.346635
227.711965 20100.067259 19996.714350
228.715434 18989.813828 20269.835710
229.718365 19170.918753 19531.264204
230.718926 19080.559351 19162.444551
231.726283 19673.921074 18912.383723
232.745139 18127.611467 19274.418509
233.745883 20029.181529 18395.579338
234.749094 19863.317278 19315.345331
235.750254 19052.513848 19829.289188
236.753503 19591.889659 19486.665568
237.756082 18996.458536 19611.347685
238.758384 19055.630916 19222.250895
239.760313 19084.999742 19015.633696
240.762083 19333.540719 18944.351020
241.762815 19410.064386 19130.277596
242.791007 19310.222661 19331.449414
243.792530 18840.887475 19376.807773
244.794511 18080.999207 19030.839285
245.796147 19393.594450 18240.450887
246.796773 18672.886074 18789.840201
247.797787 18691.739012 18674.942138
248.800149 19077.725949 18631.118794
249.801305 19419.225890 18913.852379
250.804301 19060.803947 19352.312520
251.806134 19325.015831 19319.454475
252.808252 18990.268843 19436.521735
253.826126 19222.671104 19216.118647
254.826497 19820.948580 19223.756348
255.826690 18303.922997 19676.011995
256.827626 19520.019436 18800.604777
257.831461 18671.607488 19150.803052
258.832158 18123.478991 18781.897325
259.834845 18760.567752 18158.775629
260.837737 19522.762157 18316.207192
261.837930 19969.423974 19077.658918
262.839774 19487.995850 19904.656953
263.842150 19263.794047 19973.276633
264.844693 19445.640901 19718.114925
265.848339 19158.529494 19613.338992
266.851199 18834.378524 19303.692948
267.854907 18689.330755 18869.465835
268.860655 20237.020096 18534.794624
269.863077 19567.571645 19566.860057
270.886492 18973.188019 19748.346445
271.887259 19326.401666 19348.108220
272.893541 19871.044216 19319.169292
273.894744 19031.720045 19714.989834
274.896127 19584.303379 19322.420573
275.899327 19062.304085 19467.898310
276.901080 19426.109733 19178.238976
277.903012 19188.597997 19277.279822
278.904674 18180.967445 19185.873921
279.907077 19010.318331 18385.129075
280.907747 19220.220366 18555.729409
281.910460 19284.073677 18912.103333
282.913816 19146.267704 19215.209537
283.916518 19223.543197 19280.624194
284.916672 18185.828900 19337.699020
285.918169 19191.647044 18559.411754
286.918435 19677.629306 18831.236016
287.919482 18371.173978 19421.737600
288.922061 19078.529825 18801.119823
289.922192 19238.480383 18913.841358
290.922676 19311.112684 19131.337161
291.923309 19825.121657 19321.345094
292.923920 18937.742078 19799.297688
293.937424 19248.911857 19379.195293
294.938045 19069.562139 19292.158126
295.938569 19180.545552 19103.315686
296.938881 18417.049232 19083.693640
297.940676 18718.271100 18525.473355
298.941191 19220.017092 18445.173583
299.943779 18696.140628 18849.607569
300.947375 19458.950274 18751.519596
301.950671 18324.629832 19260.738101
302.952038 19609.434757 18714.160066
303.952409 18732.119210 19307.092183
304.953703 18728.163855 19021.157226
305.955649 19465.866461 18802.963726
306.957883 19826.836692 19228.443964
307.959793 19466.567084 19771.267379
309.933793 18620.418671 19786.369209
310.937751 19386.155821 19079.358284
311.937896 19550.004357 19185.420780
312.939033 19225.822522 19411.522190
314.934682 19186.804647 19316.057061
315.935849 18760.408074 19216.502455
316.936098 19291.145198 18839.503270
317.936647 20084.178882 19029.282722
318.938993 18914.177668 19784.413329
319.945335 18892.080276 19359.419111
320.948426 18846.617873 19019.038597
321.951782 19264.234299 18783.011958
322.952728 18709.557755 18994.112436
324.935413 18955.157239 18751.185733
325.938721 19503.684140 18803.515000
326.942891 19491.760523 19278.985369
327.943057 19618.644040 19563.952534
328.957394 18889.105234 19783.550751
329.959015 18740.584164 19304.969077
330.959219 19850.835499 18850.321477
331.960983 19588.833126 19428.251850
332.960984 19376.615949 19626.361169
333.962088 19382.871446 19556.870935
334.982686 17684.809308 19481.753694
335.991198 19618.303954 18145.927908
336.995144 19857.292662 18812.856350
337.995337 19087.581801 19526.924002
338.995722 19012.780987 19389.266848
339.995973 17891.566655 19188.916399
340.997959 19779.927952 18203.796572
341.998341 18505.351192 19049.450152
343.000167 18781.300260 18698.963822
344.004042 19130.328171 18682.279300
345.007170 19421.341117 18960.463213
346.007185 18198.510887 19360.281118
347.008029 18730.709071 18658.332398
348.009148 18778.184528 18591.551298
349.010521 19703.464028 18628.556784
350.012669 19050.118986 19378.426088
351.013011 19235.777210 19344.611444
352.015731 19976.344776 19393.324675
353.016189 19601.062702 19933.720099
354.016397 18756.865348 19933.112425
355.018681 19651.298629 19216.648142
356.020181 19221.247245 19414.295263
357.020383 19904.071831 19249.831127
358.020851 18488.907179 19672.571528
359.020964 19294.382482 18880.443315
360.032336 19069.752171 18990.601652
361.033021 18902.085926 18953.153295
362.034062 19284.286604 18837.829151
363.036521 18819.677392 19082.881782
364.040619 18356.463244 18907.302394
365.041457 18553.129062 18450.195838
366.042389 18429.212740 18345.708775
367.043429 19412.242951 18252.383074
368.043862 19387.301372 18987.200298
369.044664 19134.918295 19442.163389
370.048308 19692.339645 19466.642123
371.049179 20224.555288 19814.016545
372.050395 18865.487525 20356.446264
373.051463 18836.386171 19575.387557
374.052866 19450.094510 18985.557180
375.053336 19868.682443 19113.630494
376.056006 18039.012573 19575.724104
377.056101 18439.322897 18507.758091
378.059054 19584.031415 18156.821448
379.061949 19111.296091 18910.509877
380.062890 19159.358729 19101.182983
381.064931 18645.477287 19235.094792
382.065352 19712.751373 18897.705599
383.067892 20336.381828 19466.409489
384.068258 20382.685182 20280.069746
385.070579 19102.422037 20735.705411
386.070813 18852.432679 19915.070827
387.075198 19046.677201 19114.099319
388.078015 19241.707800 18793.880297
389.078660 19954.650569 18843.242961
390.079105 20083.553832 19502.247579
391.094673 19204.017651 20041.528083
392.095606 18992.002873 19662.022637
393.096319 18761.633130 19198.757583
394.097459 18962.283422 18742.659072
395.099677 19569.686058 18669.841050
396.100777 18952.349128 19162.094609
397.100801 19348.184652 19047.116553
398.134387 19029.479452 19262.812312
399.141988 18160.366128 19152.974376
400.143953 18436.753107 18415.346684
401.146814 19798.900122 18190.077934
402.149721 18864.662750 19160.722613
403.149927 19380.855196 19104.911300
404.150102 18801.125118 19404.087841
405.152070 18982.239104 19113.070392
406.154313 18606.591698 19025.410838
407.156286 19163.862586 18689.052573
408.157848 18942.333772 18918.211388
409.165394 18614.087607 18928.056985
410.167404 19938.026285 18690.364356
411.168750 19401.469183 19545.402863
412.172279 18759.469923 19668.660146
413.174098 19075.261201 19181.991601
414.182351 19086.247849 19069.870368
415.184904 18906.745460 19023.397445
416.199330 18982.991511 18881.246794
417.215440 18822.508801 18873.730672
418.217093 19192.935683 18776.925789
419.218603 18911.454270 19017.739262
420.220063 19743.281416 18970.834044
421.220066 18278.938005 19556.406851
422.221585 18817.059594 18797.654338
423.224125 19177.844568 18692.190189
424.224845 18995.493131 18941.264197
425.226334 20000.606210 18988.182715
426.229617 19393.121616 19767.304388
427.230529 19146.697717 19759.577234
428.231470 18683.416759 19479.281828
429.236668 18649.361936 18908.527380
430.238122 19537.444580 18541.331383
431.252743 19892.079149 19050.803006
432.254118 19160.051066 19693.175137
433.256041 19416.888669 19515.066144
434.256906 18996.620016 19529.886080
435.261005 19530.725233 19193.845205
436.261080 19509.621231 19377.097384
437.264218 18945.577663 19491.302434
438.266421 19069.823065 19129.951982
439.268070 18580.579976 18996.367227
440.270257 18406.752387 18581.006493
441.273266 18787.113832 18242.848805
442.273765 18405.539351 18400.016940
443.275210 19522.960278 18289.194370
444.277790 19094.146377 19100.935026
445.278718 19475.027223 19290.701241
446.282302 19783.373848 19622.106267
447.284557 19607.720192 19982.298987
448.286803 19773.862035 19980.923821
449.289540 18311.611240 20011.541712
450.292181 18460.345949 18870.742643
451.295185 18856.608679 18272.111289
452.298162 18926.208515 18317.051324
453.322879 18336.012113 18526.610558
454.324208 18493.609904 18288.642362
455.325913 18682.319383 18299.699045
456.328754 19463.426244 18495.237211
457.332356 18919.079824 19225.606982
458.332712 18889.342528 19241.986868
459.332830 19660.280594 19147.147079
460.334133 19561.196155 19613.479596
461.337284 19471.892380 19784.032775
462.338552 18465.931692 19746.622378
463.339966 18992.113628 18904.764164
464.342036 19399.822911 18768.763391
465.345981 20927.943631 19062.382526
466.346794 18889.932932 20439.642730
467.347403 19382.978831 19721.840033
468.349187 18492.602067 19524.746333
469.932736 19287.905469 18722.975035
470.933423 17843.964200 18860.973695
471.935703 18928.681316 17953.750017
472.936129 18843.850660 18286.229561
473.936172 19668.734878 18549.459279
474.937857 18557.666367 19373.335147
475.938734 19113.581817 19025.821631
476.939141 19818.211985 19151.962644
477.939243 18726.001131 19733.910569
478.940176 18845.469375 19226.801746
479.945265 19607.091460 18937.648363
480.953230 18185.065303 19341.243489
481.955922 19818.335390 18542.983427
482.982397 18938.348080 19279.326430
483.983899 19188.475227 19122.259689
484.988592 18822.007564 19185.343777
486.002880 18755.420631 18942.817935
487.004758 20202.169343 18741.412222
488.010619 19626.189822 19729.273002
489.011573 19067.513575 19909.442836
490.012724 19368.063073 19509.707315
491.015378 19922.147756 19424.703243
492.015837 18532.988328 19783.604677
493.018255 19666.076387 18955.821592
494.021892 19037.140027 19286.037778
495.024919 18554.590716 19074.453253
496.026982 18919.664188 18597.420701
497.027188 19321.810598 18622.002033
498.027703 18263.016332 19010.318045
499.030475 18751.785980 18488.253489
500.031767 19578.484135 18537.489159
501.032217 18642.512538 19235.704815
502.034694 19187.601438 18968.528776
503.039767 19015.613595 19162.253372
504.061577 18400.993955 19136.461804
505.063877 18381.689234 18632.389238
506.067051 19614.376645 18308.025593
507.068376 18720.312847 19088.775239
508.080592 18927.804388 18940.002566
509.083412 19375.222471 18966.312455
510.083968 18540.144598 19305.403945
511.084094 19167.811868 18866.095917
512.085476 18615.198783 19035.704525
513.091655 19462.793167 18739.075852
514.093588 20148.325803 19195.488036
515.096862 19591.305600 20004.669888
516.098617 19999.621509 20027.409640
517.101712 19419.531524 20235.990438
518.104474 19565.481967 19846.121116
519.106722 19119.451398 19654.001889
520.107317 20275.172081 19201.289369
521.108744 19039.117714 19821.264128
522.109414 19156.651609 19317.687721
523.111995 18683.483526 19084.407436
524.113072 19618.502528 18630.952275
525.115173 18952.683038 19118.621759
526.117603 19233.200351 18988.062076
527.120181 19620.685837 19124.325459
528.120287 19424.320754 19510.289989
529.126499 19043.083419 19583.597403
530.126499 18712.677144 19294.503947
531.128519 19311.070820 18839.297381
532.129726 18647.209852 19028.834295
533.131550 19399.572594 18696.266158
534.136764 18886.089572 19081.990069
535.139036 19266.245456 18969.135389
536.141152 19369.585101 19177.063508
537.145978 18513.119301 19380.827788
538.147049 19008.908691 18837.549906
539.148775 19701.897265 18856.645357
540.155420 20210.500239 19424.000346
541.158230 20173.079059 20158.604301
542.159637 18862.038675 20510.814378
543.160069 18966.274088 19619.205298
544.161702 19139.312805 19062.285663
545.165058 20497.040177 18889.601989
546.165280 19328.361384 19883.983385
547.166790 19542.918045 19657.929186
548.168223 19742.496224 19623.427632
549.170227 19217.884451 19735.733092
550.171414 18625.224014 19400.117776
551.174331 18680.508381 18742.256459
552.177001 19631.801009 18425.530964
553.181604 18702.687527 19044.382042
554.181681 19539.157068 18803.827211
555.184735 19333.607950 19285.617031
556.184904 18983.247116 19435.735111
557.185223 20231.113013 19222.491736
558.185365 18317.340362 19991.958316
559.940404 18710.619047 19001.150792
560.943366 19367.516085 18629.753436
561.959724 19525.510758 18956.943939
562.961030 18374.575918 19341.678232
563.963079 19292.023358 18716.802380
564.966621 19881.021066 19006.893419
565.966663 20695.917777 19664.969704
566.968693 19332.921290 20659.193220
567.970144 19368.146752 20143.238753
568.976780 18924.125658 19709.101250
569.978743 18321.711239 19073.778053
570.981783 19322.516503 18266.892542
571.982251 18733.068480 18627.758408
572.983613 18248.166310 18539.794848
573.984264 19499.744955 18180.454849
574.987210 19252.555074 18956.396698
575.988350 18140.822646 19294.812276
576.990538 19300.441476 18619.656444
577.990755 18728.530756 19032.084200
578.993199 18156.092773 18876.454358
579.994574 21181.325389 18332.330049
580.996310 19455.499171 20285.133037
581.998561 19604.904306 20191.212956
582.998603 19609.572422 20072.378320
584.933773 19098.493043 19899.593586
585.936479 19831.948257 19357.386393
586.936902 19253.013561 19571.650870
587.937347 18755.759415 19309.656433
589.933365 18875.078528 18791.557887
590.935328 19568.906663 18613.048331
591.935917 19689.221945 19109.672203
592.936315 18752.426282 19563.029216
594.934266 19680.056444 19118.659158
595.935754 19009.026553 19500.638531
596.935980 20387.648263 19233.210278
597.936071 19344.592238 20077.416502
599.936233 19249.495474 19794.785536
600.938300 18827.305985 19469.599155
601.942575 18416.585483 18935.337928
602.942958 18557.813320 18333.158952
603.945374 19454.238068 18158.846974
604.947940 18660.675173 18843.751133
605.948288 19222.865269 18743.652775
606.950102 18647.181992 19094.501768
607.951644 19164.291973 18870.254681
608.952463 18805.687767 19090.195451
609.954823 19703.873297 18949.736812
610.957020 19414.331115 19517.134379
611.957646 19731.395462 19630.361256
612.960110 19409.174818 19870.765419
613.962577 19648.168872 19714.459528
614.962730 19863.266529 19739.230946
615.966061 18619.479539 19890.174379
616.968067 19244.844786 19026.078891
617.968840 20199.542345 18961.405244
618.971248 18841.799262 19715.951475
619.973514 18831.647774 19195.814996
620.976995 18701.058201 18839.629207
621.979751 19716.625632 18561.598774
622.980849 19358.765531 19219.123988
623.982353 19724.005732 19403.866930
624.984339 18593.013817 19758.893202
625.987353 18550.746290 19079.440534
626.988604 18830.301898 18586.406876
627.990868 19263.491578 18540.641606
628.993510 19167.223168 18915.066305
629.996158 19565.791859 19117.183664
630.997673 18977.085657 19529.678739
631.997676 18672.303380 19303.424904
632.999454 19943.308705 18880.126468
634.002160 20372.998959 19569.775471
635.005682 18956.827722 20330.250972
636.009055 19190.194235 19659.047291
637.011835 19040.896458 19322.915443
638.015433 19225.598065 19009.695884
639.018374 19373.050928 18999.412454
640.021510 19071.652033 19161.406788
641.023776 19393.653199 19069.265819
642.026984 18876.439791 19265.292762
643.030387 19391.734802 19007.486287
644.030691 18835.370562 19232.292684
645.031642 18666.647602 18967.283232
646.034081 19523.269736 18675.258119
647.037592 20600.010743 19169.559533
648.041218 18905.125125 20312.693547
649.042954 18747.276050 19684.925639
650.045753 19622.944171 19057.704750
651.047035 19161.019455 19323.238222
652.049714 19750.117838 19184.487908
653.051513 19195.907506 19551.069425
654.053474 19316.853505 19368.464537
655.055367 19444.389141 19324.732335
656.055454 19303.796000 19396.548254
657.058646 19931.103828 19338.971579
658.059027 19303.879257 19771.870218
659.059809 19454.020955 19557.709512
660.061620 19864.593819 19499.777869
661.063710 20028.910889 19767.302466
662.064067 19433.271982 20048.625406
663.066977 18444.635517 19737.629067
664.067981 19480.836011 18764.564277
665.068552 19095.303763 18975.200063
666.070621 19141.939491 18917.777756
667.073088 20117.399215 18968.424901
668.073104 19246.831535 19768.721914
669.075211 18714.924686 19603.113985
670.079030 18325.984263 19032.309272
671.082380 18840.320170 18375.855451
672.084195 19886.709614 18420.912674
673.085225 19300.150516 19333.085243
674.086344 19052.784128 19487.658296
675.091178 19731.811766 19332.543087
676.095018 18615.663613 19694.316471
677.097164 19488.127343 19047.465871
678.098816 19577.792088 19270.437805
679.102538 18859.367745 19503.594715
680.103331 19015.781578 19099.904256
681.104465 19781.928799 18955.235274
682.106077 20255.380148 19472.647775
683.109636 19439.574724 20163.762793
684.112527 18708.901505 19920.370573
685.114298 19293.950497 19130.470586
686.114697 19320.915970 19068.915067
687.115881 18922.504642 19114.620269
688.116774 19386.429241 18890.238300
689.119221 19232.420992 19134.057349
690.119618 18806.234432 19203.553661
691.121729 19102.535513 18925.878729
692.123215 18916.614387 18979.356000
693.124857 19005.709723 18897.448669
694.126975 18985.583304 18928.107935
695.129675 19098.575327 18947.743201
696.130402 20138.784768 19051.764877
697.130509 18959.410811 19895.635408
698.134047 18462.060670 19493.827546
699.137391 19103.254682 18786.306825
700.139877 19933.444556 18832.380435
701.142970 19645.621376 19545.778207
702.145855 18417.915596 19783.526295
703.148254 19265.786599 18947.144775
704.152901 19390.035526 19032.549973
705.157113 19934.179838 19226.748423
706.159292 19385.099280 19772.777658
707.161736 20029.615973 19674.332402
708.163267 18953.524148 20036.189013
709.166932 19274.239532 19408.405190
710.170600 19238.438923 19221.329556
711.173853 19137.493742 19114.168776
712.174016 19275.878856 19015.947037
713.176418 19907.357006 19101.011680
714.180434 19123.555285 19660.869407
715.183630 18941.805809 19414.568880
716.186005 19001.326225 19082.353111
717.188671 18838.401691 18925.748712
718.189886 18944.219473 18744.147491
719.191068 20052.446016 18756.273767
720.191206 19278.509469 19640.493238
721.194844 19604.133397 19605.138759
722.196114 18737.803992 19750.022142
723.197224 19227.684021 19136.244594
724.200183 18918.244175 19097.155691
725.201155 19541.702139 18878.163438
726.203888 19571.070313 19246.280969
727.207097 19261.178071 19526.221157
728.208085 18805.538178 19444.984358
729.211535 18847.910561 19016.684468
730.215045 19053.893087 18781.527237
731.218230 19016.984936 18835.031347
732.221471 18533.798327 18888.817724
733.224929 18870.876730 18585.362758
734.226818 18979.858260 18673.552970
735.227007 18958.269998 18848.715163
736.227816 19761.939076 18952.890838
737.230891 19116.753629 19609.075273
738.231498 18819.646014 19491.494357
739.233712 19402.461147 19116.188005
740.235985 19416.554583 19291.510682
741.236907 19104.619985 19417.479713
742.238503 18446.007377 19246.281997
743.241346 19187.989410 18631.308181
744.242457 19336.350945 18833.982596
745.244372 19228.820560 19135.092658
746.244852 19242.819872 19255.314473
747.247542 19338.220764 19319.301385
748.250767 18774.904857 19403.725133
749.254491 19604.663938 19007.073984
750.256821 18638.985606 19373.025438
751.260092 19192.553504 18889.652041
752.260411 18833.365727 19000.474658
753.263363 18587.928950 18834.514845
754.265779 18851.224236 18567.170076
755.267974 19094.859896 18636.158875
756.270281 18360.177720 18907.146360
757.273343 18695.505881 18538.556854
758.274504 18995.528570 18561.163439
759.276837 19968.683884 18831.069358
760.280322 18539.161487 19737.003606
761.282492 18705.719078 19175.749002
762.284740 18820.681202 18860.893014
763.287288 18947.901385 18750.893129
764.287668 19804.343993 18808.755342
765.290787 18810.154952 19514.804915
766.292293 19149.070753 19194.572691
767.295642 19378.516858 19192.538994
768.296675 19240.794257 19352.739665
769.296923 19239.186092 19335.992348
770.300168 18892.371242 19302.613043
771.300739 18985.986611 19009.955515
772.303899 19319.423611 18904.442210
773.308464 18592.371505 19122.149408
774.310502 18470.264212 18735.032477
775.312856 18990.672664 18414.228300
776.313402 19322.533556 18658.141528
777.315240 19759.490374 19112.126595
778.316468 19195.246404 19719.438482
779.320705 19313.599889 19609.924422
780.322659 19352.037138 19540.263000
781.325387 19107.988339 19477.594448
782.327496 18764.011916 19231.834246
783.328850 19944.672074 18820.010350
784.331080 19386.713687 19485.593913
785.332649 19356.991556 19514.686444
786.333874 19787.319835 19474.947922
787.334423 18543.743147 19748.335779
788.338260 19334.178908 18962.093205
789.341448 18883.644092 19057.211224
790.344684 19353.541376 18836.111043
791.346745 19113.255999 19089.867178
792.348546 19726.268574 19102.449762
793.350680 19433.008220 19571.202044
794.351384 18986.596863 19624.399553
795.352109 18826.480886 19268.341956
796.353173 18906.209650 18899.789901
797.354009 19406.675409 18756.983194
798.354207 19601.120261 19098.235773
799.355879 18776.897466 19491.805610
800.358246 18860.736359 19097.752096
801.360116 19504.016185 18883.390850
802.361911 19791.827424 19253.006474
803.364399 19925.868091 19716.425143
804.366828 18737.318253 20067.515548
805.368781 19117.679385 19316.236508
806.372375 19297.197469 19081.138273
807.375208 19780.380875 19107.362996
808.378624 19773.771873 19530.321530
809.381391 18995.103395 19799.358882
810.383992 19159.474100 19343.479448
811.384258 19202.287959 19151.723745
812.387342 19189.508965 19089.893877
813.391015 19034.474956 19077.493218
814.391567 19378.388647 18983.021318
815.391824 19566.561733 19206.584046
816.395749 18983.630247 19502.446375
817.399215 19974.794386 19229.207764
818.399317 20269.524798 19774.567184
819.400037 18710.465547 20318.351503
820.401271 19182.089623 19408.742549
821.404366 19592.275110 19133.086878
822.404832 18665.035072 19315.148844
823.407077 18763.286108 18780.031365
824.410540 18989.481574 18557.411829
825.413266 18038.443852 18667.217230
826.415073 20854.967664 18089.407725
827.416590 19072.511660 19900.154863
828.417083 19339.413119 19707.389630
829.419549 19499.137337 19652.463615
830.419981 17831.744253 19666.531146
831.422011 19125.253036 18381.171647
832.422404 19661.384566 18571.266636
833.426476 19284.999647 19206.909378
834.429467 18640.028504 19356.060857
835.429837 19122.252848 18929.142937
836.431825 18706.598923 19005.073627
837.434626 19731.600117 18760.593333
838.437094 18716.017863 19393.605479
839.437773 19053.117909 19032.923521
840.441327 19282.294696 19026.181162
841.442773 19360.159827 19201.426760
842.444904 18761.530065 19367.665391
843.444948 18774.277266 18999.935994
844.447324 19690.138715 18766.030214
845.450165 20428.610188 19338.035174
846.453687 20067.318388 20265.917144
847.455583 19100.069674 20499.562540
848.457898 19899.930183 19782.887664
849.458643 19174.387116 19853.741111
850.459796 20047.252937 19356.557802
851.461478 18917.067890 19717.072841
852.462695 19086.474323 19132.236600
853.463963 18783.934251 18913.081126
854.466003 19011.120500 18619.946635
855.468954 19004.854125 18684.765980
856.471338 18918.526613 18794.064501
857.473832 18286.970027 18836.665534
858.475089 19838.721157 18404.763880
859.478692 19180.304329 19323.177938
860.481668 18657.333329 19417.458151
861.481726 19295.539619 19013.081551
862.481855 18304.222194 19200.610913
863.482087 18732.280780 18574.619703
864.484163 19214.299085 18515.068659
865.486241 18951.284757 18901.109897
866.488758 18746.679727 18975.167066
867.490090 19209.403337 18852.771301
868.491377 19228.768805 19112.093233
869.491691 18764.184250 19280.605825
870.493850 19097.320200 19003.464451
871.498044 19632.523052 19054.925676
872.499866 18397.499977 19492.657058
873.502885 19326.485349 18820.221942
874.506205 19646.985558 19075.062921
875.508630 19631.849343 19505.714175
876.511618 19377.449723 19745.005486
877.513679 19685.615653 19645.562391
878.515672 18490.824901 19759.937124
879.517427 19274.516440 18902.451058
880.518694 18937.365967 18958.570140
881.520454 18975.986818 18812.753402
882.521699 19773.772691 18799.963812
883.524842 19404.210443 19435.914173
884.528707 19707.306649 19561.182298
885.531164 19359.440231 19811.895551
886.532246 19185.825243 19650.205138
887.533202 19545.063971 19366.457464
888.535059 19217.931088 19448.854618
889.535689 19715.783547 19268.755871
890.535802 17966.285386 19539.389646
891.538470 18933.485365 18406.681388
892.539478 19017.783037 18455.628242
