4.052795 18764.940850 0.000000
5.054530 19795.342834 18764.940850
6.055161 18956.275565 20825.744818
7.055620 19836.511196 20454.044862
8.059094 18668.002444 20553.929283
9.062700 19954.635228 19548.135408
10.064324 18706.162210 19790.179817
11.065348 18955.169923 19015.961111
12.066764 19453.593529 18738.157818
13.067631 19210.137000 19027.326901
14.071677 18818.381721 19095.885703
15.074337 19300.554853 18864.911469
16.076208 19081.456829 19099.421764
17.079772 19624.376831 19102.636665
18.083073 19097.486193 19506.139159
19.084435 18888.212937 19342.281845
20.086734 19084.041812 19042.199333
21.087249 19994.992666 19000.533134
22.090685 18127.777548 19683.790345
23.093821 19406.864569 18702.808192
24.096354 19506.297567 19027.874720
25.097664 20019.783072 19359.730195
26.098023 19935.236950 19947.413904
27.098373 19192.113714 20195.938459
28.101617 19386.441014 19697.682933
29.102759 19268.988165 19467.908340
30.107881 19433.249848 19244.564575
31.111843 19492.720287 19262.194853
32.114729 19373.682883 19358.376570
33.122898 19412.779505 19350.775304
34.125275 19043.113411 19382.024033
35.126501 19322.588024 19128.087694
36.126990 19130.412935 19189.481914
37.129666 19278.367623 19109.324235
38.130169 19407.541409 19185.483586
39.134589 19222.968123 19343.664610
40.136290 18702.821418 19300.294358
41.137851 19753.290594 18869.167645
42.138627 19024.219816 19399.869613
43.140611 19034.077212 19206.772759
44.147541 19245.457331 19071.979144
45.150284 19688.270689 19153.641942
46.152529 18541.275917 19549.537207
47.154148 19376.264441 18921.922131
48.155647 19786.096398 19139.194432
49.177637 19169.658510 19614.472053
50.180855 19533.892652 19432.688534
51.181487 19177.480278 19549.214874
52.183516 19252.380267 19336.338208
53.183777 19677.790498 19246.360385
54.186299 18422.282600 19521.934116
55.188782 19336.728799 18757.054155
56.189850 19342.886292 18976.755934
57.193691 19882.219281 19181.218160
58.195004 18562.575980 19728.366047
59.200332 18729.260159 19050.670824
60.200899 19124.810816 18714.812635
61.204417 19086.804369 18847.158415
62.207174 19832.655508 18954.239570
63.209063 19283.314705 19600.309701
64.210292 19869.211488 19569.425616
65.213550 19067.869352 19921.878433
66.214233 19124.092070 19483.931504
67.233921 19009.479906 19203.109540
68.234402 17864.772983 18956.985067
69.237093 18468.996924 17988.516348
70.237570 18505.286521 17926.514103
71.240981 18544.016125 18058.350883
72.242386 18266.360457 18265.050386
73.263738 19928.888411 18229.899821
74.264905 19264.183714 19468.335663
75.267950 19001.308360 19704.163248
76.268748 19807.128786 19514.925642
77.268986 19761.987271 19896.267838
78.270127 19201.018168 20030.798036
79.272445 19092.576231 19610.133617
80.272767 18415.316473 19216.191092
81.273586 19393.828250 18480.371296
82.273895 19157.449335 18830.081525
83.275584 18618.050951 18968.589134
84.277910 19538.248194 18680.509202
85.278933 19013.386067 19211.002605
86.323423 19168.992604 19164.414109
87.326599 18904.032835 19220.067753
88.327124 19106.031089 19036.405961
89.330329 19043.146520 19062.980474
90.333471 19511.410257 19039.866958
91.335819 19043.442544 19380.327893
92.338727 18739.761264 19232.353167
93.339474 19015.755497 18883.377188
94.355879 19399.488819 18879.980892
95.359286 18892.376835 19200.026387
96.359733 18942.576615 19029.580754
97.362290 18897.373522 18947.706793
98.378293 19462.861924 18871.584948
99.379087 17993.793320 19264.087471
100.379940 18935.232890 18408.230892
101.382484 19661.535806 18582.772888
102.384996 19550.808462 19302.886073
103.385956 19258.687967 19669.559591
104.387141 18839.283457 19604.118197
105.391097 18734.923240 19170.486559
106.393605 19017.992167 18792.599802
107.394313 19758.201185 18801.538979
108.394856 19272.171479 19415.278628
109.396288 20198.923184 19443.356812
110.418966 19204.861281 20109.663349
111.420852 19555.889254 19719.585149
112.425083 19649.746844 19659.136062
113.426555 19117.948276 19673.493009
114.429276 18500.261986 19275.886015
115.457779 19467.442465 18574.333366
116.459727 19253.063289 18930.424556
117.460763 19376.086080 19081.940246
118.464796 18544.830037 19292.745945
119.466799 19551.106189 18795.541796
120.467538 18814.786345 19238.968896
121.469174 19196.734902 18986.476886
122.469762 17615.066998 19103.769664
123.472237 18282.743721 17999.406434
124.492466 19371.114969 17851.897502
125.492856 19042.815823 18702.133027
126.497617 18599.102831 19048.271916
127.499773 19115.625096 18887.192593
128.501072 17136.158491 19122.022189
129.502828 19610.850442 17753.237760
130.505521 19258.454286 18770.594692
131.510923 19313.790386 19225.039979
132.512165 19841.644728 19502.118273
133.512445 19287.518003 19989.466205
134.512896 18250.440265 19780.589758
135.524404 19470.813573 18775.075292
136.528246 19237.801360 19056.439284
137.528681 19020.639863 19125.955692
138.530106 18990.987734 19025.804191
139.530242 19409.859559 18952.198261
140.530677 19391.543168 19239.246533
141.532910 18382.078281 19411.686633
142.558540 19391.021857 18735.772151
143.560462 20376.345309 19066.099124
144.562947 19085.592909 20051.485883
145.563959 20180.488386 19657.329819
146.564456 18298.398668 20138.489167
147.564798 18773.826723 18978.001358
148.567212 18568.475646 18584.427822
149.568738 19129.298361 18280.977471
150.569895 19217.353003 18621.743876
151.592501 19195.909477 18985.056681
152.592861 19143.194571 19208.704520
153.595558 18980.123336 19277.793499
154.596344 18127.357969 19156.384830
155.617715 18918.070357 18412.041097
156.618935 19324.608815 18561.732739
157.622616 19675.778601 19030.566808
158.627601 18807.668390 19601.871684
159.627737 18790.209012 19254.918193
160.644267 18101.664916 18956.534463
161.644545 18475.802870 18249.353163
162.648743 19498.983309 18139.443917
163.650439 19373.470240 18935.964362
164.651992 18092.311635 19380.844519
165.654733 18190.195633 18640.572074
166.655136 19091.583048 18206.783740
167.655859 19901.430498 18661.783108
168.656535 20149.121379 19604.118364
169.671552 19397.129257 20335.382187
170.671769 19460.121169 20090.454804
171.701270 18711.204356 19841.903660
172.703912 19413.433550 19060.494856
173.706354 18942.515859 19109.139724
174.707357 18906.636407 18856.347346
175.708973 18539.061068 18724.583697
176.712060 19550.771068 18428.533545
177.714201 18940.623913 19066.922850
178.717206 19158.691853 19049.469191
179.720471 19413.122242 19177.081997
180.723495 18376.825911 19427.113655
181.727658 18596.237047 18771.409383
182.727896 19482.021212 18509.469731
183.729678 19002.568265 19064.529858
184.735754 17972.672192 19086.843049
185.737608 19129.167548 18304.508894
186.752732 19409.780597 18697.754158
187.754763 18674.628041 19212.689924
188.755270 18667.194829 18968.066059
189.758563 18871.720003 18766.819713
190.763257 19604.452461 18794.684199
191.771037 19851.235686 19377.424737
192.772703 18730.037862 19910.639355
193.774242 19935.259235 19321.497379
194.778074 19505.424075 19782.977542
195.781449 18550.059844 19729.411677
196.782854 18853.450885 18930.108670
197.785047 18910.556638 18662.988241
198.785800 19309.117039 18619.873002
199.787245 19388.872975 18969.906593
200.788663 18642.524930 19289.542951
201.793865 19045.388984 18914.432603
202.796572 18838.964800 18961.048551
203.799201 19901.530527 18850.623495
204.800446 19385.855190 19589.420589
205.801410 19332.923650 19650.090117
206.805149 18583.550547 19574.667495
207.807488 19219.832811 18914.490395
208.829299 19027.259876 18978.878581
209.830502 19334.184836 18926.881530
210.831374 18999.937710 19156.171312
211.833984 19145.635389 19064.634239
212.836717 19537.139132 19111.964829
213.836778 18824.391757 19437.675572
214.842449 19374.357438 19090.836302
215.844686 18788.260678 19263.279792
216.849598 19024.984085 18937.698378
217.851880 18672.179689 18915.090802
218.856742 19473.339104 18666.657037
219.878858 19685.837781 19144.690379
220.882211 18764.866410 19625.243239
221.884254 18244.228207 19189.939776
222.885175 19707.709167 18475.541051
223.886380 19300.019370 19158.124198
224.887110 19058.915587 19331.044666
225.887358 19608.138745 19228.920738
226.887876 17956.682232 19547.274855
227.889541 18617.095169 18483.075502
228.891432 19600.058815 18314.687210
229.891450 19032.375431 19043.317788
230.894249 18500.179152 19121.055796
231.895262 19199.373342 18738.607500
232.898044 19233.550766 19012.171907
233.899098 19066.130323 19221.387537
234.901281 19659.222912 19203.470828
235.902803 19335.654487 19604.996788
236.905531 19371.803918 19576.639981
237.905640 19264.583165 19529.327277
238.906246 19853.628572 19385.874521
239.909302 18910.768940 19725.609359
240.912243 20202.932709 19220.336857
241.914890 19513.788108 19859.431454
242.917260 18950.445760 19747.995615
243.931973 18373.825521 19211.219058
244.949586 19019.469911 18445.172275
245.949708 18448.310211 18528.545488
246.950192 19386.344625 18264.593426
247.953631 18208.820482 18882.072401
248.970242 19074.425094 18433.736838
249.971634 18522.249141 18802.543426
250.972563 19146.263626 18640.785172
251.974513 19710.931414 18998.282902
252.976907 19259.731418 19637.527788
253.989509 19256.881841 19637.101141
254.993155 18083.466741 19540.408204
256.009751 19005.073229 18541.118820
257.010390 19305.286385 18618.265974
258.031541 19787.618585 18978.701232
259.032926 19042.405104 19602.314299
260.034990 19292.540403 19401.536793
261.037765 18999.542278 19398.966593
262.039894 19008.400860 19151.326351
263.040669 19449.311150 18996.204148
264.043535 19300.414881 19252.374943
265.046564 19719.155069 19318.022190
266.047656 20011.687116 19660.499128
267.048706 19693.724668 20065.800617
268.074386 19090.934845 20016.451151
269.078170 18446.548184 19459.002430
270.078187 19177.163084 18604.971177
271.079451 18786.783765 18686.310977
272.080280 18634.660044 18556.909415
273.081685 18797.938127 18435.584431
274.081950 18891.942542 18547.149404
275.103709 18737.877504 18736.132383
276.103804 18607.290118 18754.027633
277.103842 19079.475053 18660.997186
278.105652 19670.861267 18955.193898
279.105864 20212.976925 19576.902202
280.107374 19031.221666 20317.832864
281.108812 19000.509470 19775.767766
282.109909 19202.290981 19295.564545
283.112163 18994.862490 19133.035299
284.114289 19680.231924 18913.513229
285.115210 19488.256651 19338.116584
286.115835 19556.217678 19491.965642
287.141583 19189.560559 19618.933694
288.143810 19076.782578 19391.745876
289.144352 18080.618029 19143.022153
290.144482 20422.835357 18254.976985
291.147219 18379.043029 19524.027659
292.149996 18923.076855 18850.410674
293.151259 19499.413165 18803.785640
294.151558 19126.675275 19242.548159
295.154640 19451.392048 19246.592253
296.155784 18644.682600 19462.172635
297.158693 18760.820618 18962.235593
298.162139 19128.401888 18719.982337
299.163778 19054.092255 18884.751232
300.167240 18928.420509 18972.316119
301.168682 18823.265477 18942.288787
302.168699 18951.865460 18844.941777
303.187019 18578.697306 18887.299184
304.188727 18619.853795 18644.743342
305.191055 18532.174499 18537.821278
306.193234 19841.294343 18439.108904
307.193243 19960.547055 19394.858998
308.912963 19640.333774 20073.782416
309.914923 19755.071486 20144.775324
310.915106 19186.448039 20140.214674
311.916020 18653.841704 19615.180967
313.885953 18688.402184 18846.026130
314.889181 18966.577323 18439.322965
315.907990 19047.972656 18506.872542
316.909090 18653.478556 18716.620025
317.909791 19012.918256 18608.461349
318.911348 18948.160500 18835.216088
319.911531 19604.589383 18944.450683
320.912321 19233.751490 19492.317096
321.922976 18831.337320 19516.189955
322.925037 18492.503438 19155.706141
323.925362 18383.425353 18640.246617
324.928994 19076.886101 18263.772497
325.929423 19099.441522 18625.544211
326.929509 19135.325849 18936.182107
327.931821 18538.737771 19159.229154
328.932779 19720.161073 18817.335792
329.936316 19224.361113 19462.807083
330.939250 18592.586187 19478.031256
331.940627 18988.799392 18948.394612
332.942639 18855.814708 18891.784088
333.942645 18966.528463 18787.994138
334.946011 18928.879854 18836.089623
335.949567 18271.681486 18864.510618
336.952843 18693.975988 18401.914648
337.961154 19131.909866 18454.779250
338.961283 17693.757511 18869.461144
339.961507 19427.049665 18063.800004
340.962075 20503.454818 18868.427927
341.964238 19339.400791 20217.701188
342.989902 18961.224431 20090.735705
343.991406 18730.989294 19555.786966
344.993983 19038.694968 18966.995609
345.994698 19034.221021 18844.377608
346.995532 19482.686884 18828.292487
347.996325 18824.424904 19208.081457
348.997149 18387.692263 18972.930814
350.010232 19652.823294 18490.679534
351.010374 18561.030565 19172.655349
352.010634 19228.219308 18814.840697
353.013608 18908.152077 19072.872394
354.014971 18867.741210 19000.674549
355.017528 19605.158270 18911.136857
356.019748 18746.934395 19408.581895
357.019960 18670.949970 19062.780601
358.022875 19093.462926 18753.930084
359.024013 19461.298965 18895.644514
360.031732 18927.515196 19291.833361
361.032580 19071.537285 19131.956359
362.033395 18913.754591 19108.924134
363.035576 18571.776909 18969.724289
364.037013 19249.279068 18629.648680
365.037764 19918.398766 18953.269553
366.039428 18960.075468 19690.922141
367.040140 20088.137029 19397.875118
368.040783 19662.812422 19987.947864
369.042871 19238.404498 19989.038074
370.044883 18719.408472 19589.720823
371.046902 18006.279552 18912.986096
372.048234 18718.545248 17991.377637
373.048790 19188.126771 18068.498158
374.052284 19352.455064 18621.756334
375.052903 18448.186308 19163.224251
376.054738 19410.249364 18803.064346
377.057299 18809.924640 19255.812175
378.057947 19182.269901 19070.551844
379.060627 18518.689101 19192.023823
380.061827 18689.693746 18752.635733
381.063625 18747.726546 18602.708513
382.064157 19173.714395 18593.015811
383.066685 18849.437368 18946.338031
384.067088 19016.771519 18936.635462
385.069724 18516.011989 19035.485267
386.069797 19065.731762 18704.662085
387.074055 19317.194106 18904.377800
388.075004 19551.897762 19233.170906
389.078246 19004.771912 19594.601001
390.078574 18899.032694 19354.295851
391.095230 19975.586162 19067.457878
392.095948 19686.162684 19689.347697
393.097445 19881.888377 19854.784614
394.098810 18994.723672 20042.141860
395.101580 19258.668995 19430.383583
396.103170 18729.728728 19213.548459
397.103322 18130.597068 18719.705831
398.133225 18976.741874 18025.941496
399.142592 19420.879814 18339.831826
400.146476 19334.733980 18989.107958
401.149262 19373.122940 19357.079612
402.150758 19443.283535 19564.270752
403.151259 18949.191978 19672.699814
404.151495 19439.354804 19298.991608
405.153250 19910.565468 19392.309717
406.155329 19559.736397 19804.138041
407.157592 19451.058658 19773.537257
408.158874 18807.684095 19623.278345
409.166006 19852.010781 19022.563045
410.168043 18973.415696 19451.730673
411.170494 18710.478936 19107.438199
412.172990 19300.464302 18704.583767
413.174800 18743.891395 18947.119368
414.183090 19950.180558 18739.293721
415.186121 19261.941285 19541.247189
416.199672 19132.575781 19528.277810
417.215980 18940.692774 19358.184861
418.218016 19208.428618 19072.823862
419.221242 20240.250226 19097.912473
420.221971 18443.901117 19911.952021
421.224734 19381.002988 19053.784515
422.227725 19788.144902 19175.056315
423.228138 18546.167857 19592.535319
424.228645 18435.171280 18918.694433
425.231409 18568.866537 18405.394913
426.231624 19786.069833 18256.460688
427.232392 18685.343070 19172.997510
428.887169 18964.329849 18958.988929
429.896317 18789.951082 18992.813258
430.899431 18804.015009 18871.820495
431.899734 19337.258191 18801.404705
432.901119 19504.105148 19166.781773
433.907139 19149.638186 19517.224629
434.917100 18981.193517 19423.315965
435.919874 18349.091223 19181.608687
436.922754 19354.740143 18536.574534
437.923730 18825.448375 18921.423321
438.927104 18586.118805 18825.208093
439.938675 18772.399355 18597.663372
440.940684 19116.934573 18620.715282
441.942341 19485.348111 18928.563669
442.942940 18852.438342 19405.890742
443.944594 18608.319221 19189.736294
444.966730 18942.823530 18814.245242
445.987697 18496.527800 18825.896442
446.990886 19088.232076 18526.232017
447.992504 19133.003316 18812.751956
449.003528 19283.487478 19058.460386
450.004083 19130.204863 19312.813455
451.005127 18593.969205 19317.696534
452.005870 18890.165887 18871.088412
453.007622 19100.400581 18800.652061
454.022502 20207.381145 18945.488362
455.023674 18309.595608 19886.869990
456.025574 19732.941090 19014.349440
457.027767 20182.810351 19469.409818
458.029401 18867.988198 20100.224772
459.031554 18607.116948 19450.162028
460.033856 19017.765890 18783.933762
461.033975 18383.366792 18714.602131
462.038464 18902.778285 18279.927932
463.893099 18409.701280 18478.009167
464.894285 18307.178415 18313.434310
465.896092 19221.629810 18178.321475
466.897199 18766.517806 18828.817839
468.884536 19428.575814 18910.935011
469.885139 19341.113526 19412.432802
470.887109 18521.027020 19601.620734
471.909627 19145.674495 19016.023019
473.885561 19397.583601 19067.960767
474.887543 19550.186518 19302.289903
475.890055 18991.406048 19557.730083
476.892516 19668.840365 19264.478929
477.892585 18187.280656 19557.660870
478.896837 20114.371851 18620.876932
479.897006 18758.708634 19489.404290
480.899398 19235.148427 19063.162447
481.902466 20023.507302 19131.257917
482.903703 19349.312037 19782.547436
483.923636 17522.503930 19662.785713
484.924432 19427.276735 18154.430352
485.938035 18831.386909 18670.850670
486.940357 18922.507182 18671.249976
487.940999 18010.057473 18779.824067
488.966073 19159.267741 18185.444609
489.966517 19043.565702 18706.315798
490.968120 19179.092137 18993.212849
491.971260 19333.245523 19250.894414
492.980348 19627.001194 19477.399666
493.988237 20202.530252 19774.930510
494.991674 19094.083088 20318.360397
495.995049 18830.472567 19729.782431
496.996521 19238.874528 19078.860721
497.997305 19000.836259 18997.604299
499.000085 19203.880277 18838.764943
500.000727 18890.534525 18952.146108
501.002296 19327.584527 18836.760919
502.006344 19355.666981 19120.299227
503.014821 19128.015123 19334.951547
504.016212 19005.007155 19276.717672
505.018961 19038.176294 19118.169121
506.019502 19517.627940 19035.481209
507.021939 18995.801916 19354.399758
508.024170 19144.911359 19163.296560
509.025896 19388.693411 19137.703382
510.028286 18960.722391 19309.545326
511.030056 19049.555819 19094.275055
512.032957 19550.791066 19019.876824
513.036857 18944.225170 19366.023893
514.037623 18567.231993 19130.364799
515.038333 19178.841319 18683.255462
516.040755 18803.694694 18889.401920
517.042285 19253.327099 18783.475031
518.043705 19721.203914 19072.790805
519.044870 18792.864526 19613.490378
520.046151 19437.954530 19214.514007
521.048763 19159.799300 19393.430954
522.050526 19618.416366 19285.403899
523.888214 19444.200606 19543.952022
524.889287 18843.505792 19561.180349
525.890710 18510.011156 19090.028466
526.901970 18693.075009 18542.700879
527.902748 18775.661389 18398.162545
528.916678 19010.744630 18461.561278
529.920774 19203.726586 18748.098104
530.924114 19202.637423 19101.764615
531.924553 18389.682965 19303.271491
532.924734 18128.660046 18769.150569
533.925460 18805.547262 18211.456017
534.928326 18413.971801 18419.575161
535.930613 19876.151355 18326.446162
536.932968 19027.482962 19398.397738
537.936539 19567.914731 19417.310636
538.940780 19301.928023 19734.633993
539.941260 19427.698266 19652.125825
540.944565 19061.880498 19617.649972
541.946170 18939.743083 19278.560794
542.973778 18905.405857 18963.243070
543.974617 19383.134821 18773.956291
544.977302 18536.011221 19070.472016
545.979603 19347.600253 18661.552880
546.987274 19142.836322 19034.399671
548.885596 19636.183953 19145.550264
549.886472 19899.751320 19570.457799
550.887666 19382.824778 19997.018630
551.888487 19252.303347 19798.287311
553.886646 19088.533928 19497.164946
554.888290 18927.353703 19162.561299
555.889884 19923.650765 18855.867464
556.890547 19405.605635 19467.614903
558.885313 18430.113262 19498.963740
559.886696 19155.681487 18759.679353
560.890219 18845.957763 18851.821805
561.890967 20406.372874 18741.565159
562.896416 19698.484872 19882.846320
563.922260 20179.826169 20053.452538
564.926332 20948.432064 20411.019703
565.928964 20534.463368 21108.459323
566.931754 19330.838368 21106.695797
567.934774 19251.753926 20060.037176
568.935274 19097.492203 19295.094832
569.937235 21045.147835 18786.092141
570.937829 19805.754078 20070.182535
571.940799 20149.119683 20026.423739
572.942467 19234.993500 20206.901130
573.943234 19658.338546 19597.099826
574.944221 18804.935568 19519.181377
575.945333 19256.669759 18874.959212
576.947922 19153.509379 18874.142861
578.885822 19432.472840 18891.996125
579.886423 18805.860434 19175.523667
580.887591 19452.140672 18911.565426
581.890056 19062.384806 19237.870236
583.886290 18811.441381 19162.273350
584.887989 19011.187225 18911.295203
585.888869 19161.106019 18910.652057
586.889121 18819.078196 19047.903371
588.884434 19391.071899 18888.308823
589.887043 19207.144244 19220.199169
590.889882 19220.954740 19290.916784
591.890539 19473.051260 19315.690328
593.885480 18661.698189 19493.465593
594.886941 19420.085255 18968.734839
595.886994 19601.266880 19198.400599
596.888964 18938.359501 19504.540862
598.884561 19519.735634 19184.611964
599.886133 19888.778273 19399.116499
600.888759 19382.298122 19813.305529
601.891240 18895.997726 19659.408117
602.892212 18748.367450 19148.456615
603.893098 18275.814048 18719.143435
604.895292 18812.366973 18157.377798
605.896804 19766.956839 18308.518735
606.901483 19734.879207 19225.993662
607.902216 18923.603921 19795.913696
608.904300 19715.566043 19457.158626
609.904401 18985.883955 19748.364006
610.905710 20149.157013 19338.505640
611.909093 19082.021186 19917.875829
612.910050 18931.832689 19465.029349
613.912653 19052.096780 19030.212696
614.916584 18507.266861 18878.407436
615.918869 20280.913218 18437.304702
616.922545 19560.964109 19564.478643
617.925212 18947.778002 19767.212426
618.928614 20053.834092 19357.127658
619.931233 19642.183016 19879.289927
620.931597 20154.206701 19875.268796
621.933837 18770.045421 20199.004549
622.934254 18695.279935 19311.552004
623.934321 19013.260257 18676.374971
624.934354 19326.586567 18601.997937
625.935022 19821.564303 18902.619733
626.937828 18376.077290 19530.155641
627.937848 18989.998502 18832.660501
628.941168 18032.785313 18830.208037
629.944096 19110.894334 18151.019530
630.946521 19896.740402 18590.448488
631.950781 19660.162701 19529.658979
632.952548 19601.368808 19913.601305
633.954733 18383.612038 19998.117397
634.958984 19947.135615 19027.870719
635.961930 19355.700271 19554.325392
636.963451 18808.209424 19472.178776
637.966077 18569.752495 18991.367707
638.967329 18966.138308 18526.329905
639.968920 19829.962603 18601.956011
640.971552 19145.549801 19378.682860
641.973014 19379.010743 19366.556618
642.975263 18950.149026 19480.337500
643.977747 18836.970947 19190.249964
644.979954 18543.235676 18900.297402
645.980474 19157.737017 18519.188054
646.983504 19430.817167 18795.521291
647.984547 19201.045239 19229.051954
648.986650 19302.535510 19323.929642
649.986868 19023.779125 19416.765089
650.990271 19467.015675 19225.558129
651.991667 19407.554800 19411.937310
652.992978 18803.282389 19474.300836
653.993341 17936.639440 19035.591781
654.996067 18484.063146 18108.177694
655.999210 19054.099070 18012.153867
657.000010 19262.463761 18509.646216
658.002909 19751.082835 19050.779122
659.005402 18659.824356 19740.731041
660.007991 19460.881906 19269.851089
661.008974 19750.510807 19482.697592
662.009468 18929.368743 19800.888599
663.012834 18620.233181 19331.533106
664.014667 18529.586429 18764.462597
665.014846 19714.689441 18376.884925
666.016639 18972.863745 19110.098723
667.019604 18937.281976 19071.484030
668.022399 19323.551202 19000.835286
669.023495 19851.564856 19239.324506
670.026685 18948.912757 19775.636030
671.028186 19737.878022 19385.784924
672.029641 19536.484183 19673.365279
673.030372 18549.549052 19682.238262
674.030779 20184.258988 18910.034886
675.032279 19367.365966 19659.844191
676.034660 19008.966863 19553.182777
677.035920 18908.729965 19184.598540
678.038297 18651.379084 18881.220829
679.038385 18498.587215 18543.396096
680.039024 19123.296731 18286.885575
681.040706 18760.638801 18680.087862
682.041539 19592.803666 18715.497775
683.042540 19829.861124 19368.611637
684.042540 17808.082013 19929.009668
685.044135 18911.407963 18668.087215
686.044799 18641.293857 18650.119150
687.044895 18987.134510 18503.871741
688.046119 20267.066020 18724.484056
689.046813 19003.673365 19860.401459
690.048099 18878.416246 19582.481810
691.048730 19999.391523 19204.877035
692.050098 20092.724018 19775.190908
693.053149 18788.192548 20186.397369
694.053580 18485.124224 19390.183660
695.054842 18702.818205 18614.277784
696.055899 18638.497809 18357.306942
697.058155 19612.521738 18266.959040
698.061430 19080.383014 19045.187727
699.063506 17912.767238 19177.031531
700.064998 18762.275485 18343.079472
701.067828 19003.115490 18455.656569
702.071491 18803.100626 18769.229850
703.073174 19743.490879 18834.476753
704.073737 19768.745305 19564.548862
705.075883 18089.577720 19993.261241
706.076694 19194.017188 18892.112757
707.078401 18874.035685 18969.234357
708.078438 19039.783681 18824.004738
709.081210 19617.948508 18888.208662
710.081976 19423.568528 19391.827999
711.085742 19044.677788 19554.382810
712.088495 19301.958670 19318.788589
713.089842 19670.337567 19325.424440
714.091388 19011.122810 19599.160096
715.091454 19188.546769 19259.411224
716.092198 18956.320276 19160.532654
717.092395 19543.832297 18943.927027
718.094226 18926.956624 19279.356543
719.096062 17688.747919 19050.533484
720.097998 18749.272104 17976.571211
721.098672 19348.435467 18163.027390
722.099316 19332.528213 18852.189180
723.103039 19271.561726 19308.901206
724.103217 19526.076839 19497.439106
725.103605 18929.394976 19726.125046
726.105478 19562.872194 19342.944566
727.105934 18688.473947 19523.074843
728.107832 19635.548008 18967.290634
729.108054 17861.751937 19329.999903
730.109948 19293.382807 18257.394511
731.110300 19115.609853 18695.904323
732.110443 18494.313197 18931.199135
733.111143 19658.844919 18628.976728
734.113960 19986.332404 19317.598434
735.114999 18662.304593 19992.836522
736.115721 18494.013403 19335.808678
737.117881 18588.629418 18712.700342
738.118372 19497.435959 18417.436451
739.119473 18846.989272 18994.207652
740.122117 19640.068924 18920.565315
741.126412 19221.684976 19460.159874
742.128045 18647.145444 19461.146455
743.130617 19313.054068 18970.869727
744.133037 17866.705732 19144.231760
745.134010 19714.767608 18188.357102
746.136254 19177.905562 19016.053337
747.138490 19201.114363 19201.933488
748.141195 19290.815099 19306.273182
749.141762 18559.871265 19399.428876
750.143478 19440.586007 18870.645404
751.145140 19157.922403 19189.096190
752.145803 19290.234261 19199.196334
753.149456 19110.837431 19293.161817
754.154298 18675.105680 19204.865047
755.155160 19189.294032 18810.410944
756.156161 19900.433772 18964.998841
757.156232 19299.357166 19631.721392
758.156815 19464.856288 19581.453308
759.159301 20401.187464 19609.919572
760.159681 18841.010316 20290.135265
761.161560 20101.715746 19487.873300
762.164342 19188.406747 19870.555644
763.165022 19591.070006 19434.705092
764.167358 18845.503754 19457.202674
765.169006 19385.605521 18942.743609
766.170260 20072.819062 19066.280438
767.172799 18108.011036 19723.290280
768.175373 18640.206254 18665.571376
769.175523 19797.738581 18396.468253
770.177176 18913.051855 19191.000437
771.180356 18939.753823 19076.436020
772.183757 18973.293426 18998.334247
773.184713 19022.346621 18969.792956
774.186956 18074.943328 18993.187325
775.187735 19516.415815 18301.621863
776.190179 19211.783736 18980.273864
777.190399 19165.216664 19225.161293
778.190895 18762.524697 19309.335314
779.191608 18428.478847 19013.373687
780.193768 19484.120924 18552.146239
781.194515 19228.232208 19082.347224
782.197968 18895.496877 19255.974605
783.198985 18873.938872 19086.301198
784.200117 19877.100173 18937.594910
785.200688 19479.927228 19599.698732
786.204470 18775.162271 19702.221295
787.207027 18665.639944 19169.335342
788.210200 19564.833508 18722.207353
789.213259 18692.465976 19158.896678
790.216372 19391.779858 18824.449900
791.218096 19509.241623 19148.715941
792.220380 18711.500070 19459.711264
793.221566 19264.307278 19029.285351
794.224976 18848.356518 19149.231480
795.227346 18869.657311 18926.010424
796.230430 19008.066688 18810.962014
797.233669 18609.229596 18871.918667
798.234856 19095.607181 18637.306179
799.237204 18231.067604 18877.763978
800.239694 18815.611587 18404.048995
801.240018 18801.570661 18562.354144
802.240433 19036.235560 18694.290384
803.242780 19108.023151 18963.077248
804.243692 18949.578658 19169.600951
805.246943 19255.755051 19138.634982
806.249929 18748.443754 19305.520212
807.252544 19462.958628 18996.038064
808.254391 19105.516766 19315.284568
809.258449 20190.384457 19243.744939
810.259336 19428.089629 19987.068849
811.259902 20220.556940 19837.838586
812.259915 18618.089093 20255.136698
813.261242 18807.409094 19253.289929
814.263804 18267.055973 18735.556336
815.265940 18517.310243 18089.387889
816.268020 19017.063544 17998.411389
817.268321 19818.358877 18457.462828
818.271725 18533.191592 19427.860226
819.272386 18822.622256 19046.808125
820.274123 19837.378109 18944.950938
821.277859 20285.665620 19624.507065
822.277902 19233.432257 20353.718522
823.281790 19233.938505 19912.136003
824.283526 20291.768307 19522.048493
825.285274 18449.837439 20048.349592
826.286108 18736.905224 18990.906670
827.288511 19008.808123 18542.218740
828.289158 19350.057298 18570.473570
829.291172 18662.659953 18950.121504
830.291694 19387.284064 18724.381411
831.293426 18822.781392 19139.549084
832.295505 18422.790444 18985.689661
833.297386 19257.314978 18568.039671
834.301073 19347.743996 18948.795770
835.302097 18954.981250 19284.125385
836.303492 19266.060293 19173.122786
837.305736 17945.663583 19296.395385
838.305924 19582.134462 18360.150379
839.306517 18592.560621 19015.759336
840.309117 18897.755628 18742.977215
841.309763 18235.602749 18797.878262
842.312118 18881.017971 18353.683467
843.314229 19151.877567 18586.127307
844.314852 18067.431930 18979.216590
845.314963 18284.755466 18405.592248
846.317709 19682.797751 18197.232649
847.319479 19348.263895 19163.465268
848.886377 18978.068269 19525.514306
849.887007 18995.008535 19384.579503
850.889587 18792.607436 19225.189492
851.892085 19741.414748 18936.148423
852.894630 19391.981119 19467.348126
853.896979 20460.128233 19539.389411
854.899278 19715.554652 20339.668316
855.901606 19846.704604 20211.492562
856.903418 20085.754333 20121.782671
857.904125 19300.887867 20187.445506
858.904620 19162.612931 19606.204280
859.905687 19524.694851 19135.548363
860.909095 18438.067350 19178.547986
861.910155 19597.950472 18471.613888
862.912215 19958.026926 18979.672546
863.915370 19688.934485 19658.328697
864.917140 19222.875706 19870.761999
865.918002 19289.609169 19581.977687
866.919929 19749.552537 19397.860133
867.920263 19606.830596 19623.696141
868.921298 19559.576363 19661.036788
869.921860 19081.747963 19630.714889
870.921975 19168.518191 19239.398008
871.924551 19159.811412 19069.404727
872.925187 19260.369169 19002.656369
873.926792 20186.712996 19083.989268
874.927946 19070.565203 19863.508564
875.930073 19421.458080 19496.958474
876.931868 19010.187607 19470.254770
877.935483 18647.876673 19136.250890
878.937557 18536.607275 18665.999929
879.938892 19751.003097 18342.891586
880.940891 19260.577979 19140.563203
881.941747 18241.206076 19324.190147
882.942757 19019.612366 18635.571649
883.943341 18428.803760 18776.475725
884.945841 19791.212289 18464.605469
885.946958 18720.290369 19321.526310
886.947778 19829.062225 19064.216785
887.948895 20017.401439 19681.159311
888.950982 19557.343942 20167.860713
889.951542 18591.821609 20028.553473
890.952614 20146.298442 19116.955720
891.955701 19385.218325 19695.730941
893.881977 18983.437685 19526.950339
