# VLDDashClient mimuroto
0.066125 9678.675118 5120
16.601107 1542.065875 1536
1.542731 4978.184712 1792
2.948343 3038.994980 1792
3.135944 2857.193915 2048
4.032532 2539.347467 2048
3.898722 2626.501500 2048
3.514353 2913.765632 2304
4.778285 2410.906626 2304
4.803996 2398.003868 2304
2.943943 3913.119823 2304
3.388423 3399.811179 2304
3.807635 3025.500431 2304
4.561643 2525.405624 2304
2.016372 5713.230354 2560
3.804523 3364.416922 2560
5.499229 2327.598999 2560
3.916630 3268.115416 2560
5.671128 2257.046722 2560
5.207537 2457.975919 2560
5.777450 2215.510330 2560
5.737520 2230.929142 2560
5.758545 2222.783777 2560
5.804233 2205.287043 2304
4.802614 2398.693546 2304
4.920741 2341.110591 2304
4.946254 2329.035048 2304
5.000976 2303.550334 2304
5.024304 2292.855116 2304
5.123219 2248.586368 2304
5.144445 2239.308788 2304
5.177957 2224.815861 2304
5.151282 2236.336453 2304
5.198505 2216.021705 2304
5.302367 2172.614453 2304
5.283760 2180.265547 2304
5.252202 2193.365584 2304
5.240331 2198.334277 2304
5.255864 2191.837363 2304
5.259850 2190.176340 2304
5.259335 2190.391096 2304
5.274061 2184.274911 2304
5.274155 2184.236181 2304
5.281454 2181.217390 2304
5.317475 2166.441922 2304
5.268351 2186.642417 2304
5.320898 2165.048086 2304
5.370244 2145.154124 2304
5.328301 2162.040142 2304
5.291636 2177.020601 2304
5.318653 2165.962024 2304
5.353500 2151.863416 2304
5.319714 2165.529859 2304
5.318075 2166.197510 2304
5.333140 2160.078176 2304
5.321057 2164.983209 2304
5.350400 2153.110088 2304
5.335175 2159.254367 2304
5.335323 2159.194476 2304
5.350362 2153.125525 2304
5.327289 2162.450706 2304
5.313202 2168.184081 2304
5.322201 2164.518111 2304
5.280618 2181.562859 2304
5.331120 2160.896686 2304
5.370183 2145.178124 2304
5.335253 2159.222646 2304
5.337282 2158.402068 2304
5.311428 2168.908392 2304
5.304432 2171.768747 2048
4.287562 2388.303395 2304
5.380709 2140.981616 2048
4.307066 2377.488548 2048
4.339207 2359.878072 2048
4.207439 2433.784514 2304
5.399924 2133.363451 2048
4.205451 2434.934978 2304
5.469436 2106.249961 2048
4.214381 2429.775373 2048
4.204470 2435.502917 2304
5.206878 2212.458006 2048
4.142110 2472.169860 2304
5.234926 2200.603986 2048
4.161356 2460.736435 2304
5.333356 2159.990951 2048
4.126799 2481.342078 2304
5.139002 2241.680453 2304
5.275797 2183.556459 2048
4.245136 2412.172528 2048
4.120616 2485.065118 2304
5.030790 2289.898985 2304
5.333436 2159.958580 2048
4.300352 2381.200388 2304
5.071597 2271.473733 2304
5.138306 2241.984126 2048
4.346557 2355.887925 2048
4.083272 2507.792923 2304
5.224940 2204.809852 2304
5.425920 2123.142141 2048
4.290961 2386.411668 2048
4.096315 2499.807549 2304
4.943840 2330.172612 2304
5.361578 2148.621312 2048
4.427385 2312.877910 2048
4.167221 2457.272922 2304
4.721816 2439.739137 2304
5.266300 2187.494215 2304
5.387969 2138.096887 2048
4.431962 2310.489277 2048
4.029098 2541.511711 2304
4.554113 2529.581680 2304
5.147572 2237.948418 2304
5.344428 2155.515943 2304
5.334492 2159.530976 2048
4.432016 2310.460937 2048
4.094070 2501.178501 2304
4.462669 2581.414927 2304
4.950962 2326.820699 2304
5.311871 2168.727173 2304
5.379055 2141.640214 2304
5.344630 2155.434391 2048
4.236239 2417.238561 2048
4.158016 2462.712690 2304
4.294739 2682.351665 2304
4.939831 2332.063575 2304
5.330113 2161.305166 2304
5.423505 2124.087464 2304
5.166999 2229.533836 2304
5.160391 2232.388781 2048
4.166218 2457.864910 2304
4.293191 2683.318678 2304
5.174980 2226.095548 2304
5.414604 2127.579315 2304
5.217725 2207.858611 2304
5.186171 2221.291835 2048
3.987583 2567.971722 2304
4.082513 2821.791272 2304
4.806063 2396.972528 2304
5.308536 2170.089783 2304
5.384918 2139.308518 2304
5.184192 2222.139792 2304
5.239845 2198.538180 2304
5.209031 2211.543794 2304
4.970341 2317.748566 2304
5.155966 2234.305021 2304
5.333039 2160.119046 2048
3.980212 2572.727457 2304
4.548319 2532.803603 2304
5.019457 2295.069147 2304
5.374731 2143.363128 2304
5.565230 2069.995402 2048
4.231829 2419.757347 2048
3.401637 3010.315502 2304
3.237256 3558.569011 2304
4.523635 2546.624687 2304
5.285504 2179.546338 2304
5.318146 2166.168566 2304
5.319244 2165.721246 2304
5.306562 2170.897207 2304
5.535699 2081.037982 2304
5.086002 2265.040226 2304
5.186549 2221.129904 2304
5.051795 2280.377354 2304
4.966189 2319.686410 2304
5.651644 2038.345053 2304
5.188258 2220.398496 2304
4.749504 2425.516262 2304
4.218191 2731.028672 2304
5.264690 2188.162908 2304
5.513966 2089.240188 2304
4.965275 2320.113022 2304
5.171712 2227.502035 2304
5.118028 2250.867148 2304
5.418382 2126.096070 2048
4.300448 2381.147426 2048
3.800927 2694.079596 2304
4.715751 2442.877179 2304
5.222938 2205.655083 2304
5.359306 2149.532239 2304
3.401769 3386.473612 2304
