# VLDDashClient mimuroto
0.066328 9649.045412 5120
11.511582 2223.847222 2048
3.891841 2631.145279 2304
4.852666 2373.952603 2304
4.325426 2663.321466 2304
4.509901 2554.379820 2304
4.727999 2436.548600 2304
4.869159 2365.911778 2304
4.104092 2806.954950 2304
4.445401 2591.442471 2304
5.167085 2229.497116 2304
2.804032 4108.369786 2304
3.564911 3231.497215 2560
5.478715 2336.314334 2304
2.581811 4461.983737 2560
4.784649 2675.222360 2560
3.699395 3460.024789 2560
3.150305 4063.098624 2560
4.897339 2613.664359 2560
4.483344 2855.011637 2560
4.324542 2959.850893 2560
5.778814 2214.987440 2560
5.745813 2227.709082 2560
5.746658 2227.381360 2560
5.790907 2210.361834 2560
5.917662 2163.016456 2560
5.988889 2137.291318 2560
6.106013 2096.294299 2560
6.161999 2077.247844 2304
5.086384 2264.870146 2304
5.169927 2228.271264 2304
5.152203 2235.936732 2304
5.164776 2230.493739 2304
5.158384 2233.257601 2304
5.277990 2182.648889 2304
5.284842 2179.819314 2304
5.258877 2190.581902 2304
5.249871 2194.339512 2304
5.264680 2188.167117 2304
5.230148 2202.614562 2304
5.261673 2189.417783 2304
5.281446 2181.220817 2304
5.266479 2187.419524 2304
5.287752 2178.619495 2304
5.305124 2171.485495 2304
5.291268 2177.171788 2304
5.271570 2185.307344 2304
5.353619 2151.815492 2304
5.366875 2146.500596 2304
5.282749 2180.682668 2304
5.318266 2166.119515 2304
5.322300 2164.477897 2304
5.343393 2155.933380 2304
5.340339 2157.166470 2304
5.323108 2164.149072 2304
5.322817 2164.267348 2304
5.348758 2153.770824 2304
5.330276 2161.238960 2304
5.333789 2159.815671 2304
5.350959 2152.885175 2304
5.331629 2160.690577 2304
5.309729 2169.602281 2304
5.335236 2159.229606 2304
5.296541 2175.004258 2304
5.306945 2170.740387 2304
5.346197 2154.802744 2304
5.352688 2152.189628 2304
5.331436 2160.768565 2304
5.322261 2164.493565 2304
5.286944 2178.952704 2304
5.396205 2134.833673 2304
5.260741 2189.805695 2304
5.391521 2136.688259 2304
5.337492 2158.316946 2304
5.204192 2213.600264 2304
5.238606 2199.058280 2304
5.344979 2155.293697 2304
5.262187 2189.203825 2304
5.389514 2137.483919 2304
5.171038 2227.792489 2048
4.129848 2479.509942 2304
5.256055 2191.757833 2048
4.165770 2458.128794 2304
5.259217 2190.440119 2048
4.169371 2456.006008 2304
5.258452 2190.759008 2048
3.939758 2599.144284 2304
5.265955 2187.637298 2304
5.350051 2153.250619 2048
4.082919 2508.009346 2304
4.956185 2324.368473 2304
5.405929 2130.993542 2048
4.282567 2391.089488 2304
5.084922 2265.521493 2048
4.098080 2498.731392 2304
5.399549 2133.511480 2048
4.056845 2524.129108 2304
5.195313 2217.383145 2304
5.413905 2127.854131 2048
4.314968 2373.134611 2048
4.045220 2531.382993 2304
4.918813 2342.028572 2304
5.348697 2153.795585 2048
4.447446 2302.444895 2048
4.187524 2445.359092 2304
4.678277 2462.444974 2304
5.232547 2201.604506 2304
5.365886 2146.896055 2048
4.468164 2291.768844 2048
4.098044 2498.753275 2304
4.607545 2500.246943 2304
5.096724 2260.275378 2304
5.342904 2156.130849 2304
5.325886 2163.020254 2048
4.515113 2267.938676 2048
4.212236 2431.013044 2304
4.553369 2529.994642 2304
4.893080 2354.345418 2304
5.317288 2166.517903 2304
5.354643 2151.403926 2048
4.321509 2369.542935 2304
5.323553 2163.968499 2048
4.303169 2379.641439 2048
3.918104 2613.508727 2304
4.875534 2362.818007 2304
5.330345 2161.211122 2304
5.413684 2127.940900 2048
4.340166 2359.356868 2048
4.342052 2358.332230 2048
4.385060 2335.201789 2304
4.482376 2570.065426 2304
5.053615 2279.556101 2304
5.356973 2150.468114 2304
5.207535 2212.179215 2048
4.278470 2393.379129 2304
5.155071 2234.692864 2048
3.865452 2649.108199 2304
4.680055 2461.509748 2304
5.266145 2187.558512 2304
5.346079 2154.850513 2304
5.198182 2216.159512 2304
5.211453 2210.516110 2048
4.171826 2454.560954 2304
4.989676 2308.767020 2304
5.147489 2237.984383 2048
4.268810 2398.794705 2304
5.154714 2234.847417 2048
3.844460 2663.572721 2304
4.941855 2331.108637 2304
5.342491 2156.297642 2304
5.449235 2114.058377 2048
4.319052 2370.890813 2048
3.774308 2713.080463 2304
3.712402 3103.112064 2304
4.379178 2630.630592 2304
5.193523 2218.147383 2304
5.321804 2164.679613 2304
5.322470 2164.408492 2304
5.310963 2169.097953 2304
5.398494 2133.928642 2304
5.159676 2232.698392 2304
5.149729 2237.010885 2304
5.086780 2264.693901 2304
5.039578 2285.905763 2304
5.470780 2105.732655 2304
5.154119 2235.105512 2048
3.853552 2657.288768 2304
4.364238 2639.635860 2304
5.115601 2251.934848 2304
5.444597 2115.859191 2304
5.070870 2271.799323 2304
5.124658 2247.955099 2304
5.133225 2244.203074 2304
5.361702 2148.571289 2048
4.264376 2401.289073 2304
4.132037 2787.971197 2304
3.908285 2947.584564 2304
5.086850 2264.662660 2304
5.378734 2141.767791 2304
4.587645 2511.092377 2304
