# VLDDashClient mimuroto
0.078286 8175.152645 5120
11.479054 2230.148885 2048
3.835219 2669.990879 2304
4.917448 2342.678738 2304
4.297899 2680.379407 2304
4.498191 2561.029266 2304
4.671844 2465.835773 2304
4.898355 2351.809979 2304
4.076503 2825.951345 2304
4.382548 2628.607563 2304
5.162425 2231.509274 2304
2.584873 4456.698726 2304
3.318918 3471.010285 2560
5.472468 2338.981214 2560
2.782525 4600.138381 2560
4.724417 2709.329043 2560
3.805349 3363.686636 2560
2.609018 4906.060821 2560
4.840677 2644.258292 2560
4.564626 2804.172942 2560
4.197465 3049.459904 2560
5.738517 2230.541530 2560
5.747988 2226.865996 2560
5.758945 2222.629418 2560
5.774225 2216.747762 2560
5.928368 2159.110393 2560
5.975030 2142.248607 2560
6.104352 2096.864640 2560
6.167303 2075.461659 2560
6.278014 2038.861241 2304
5.163467 2231.058902 2304
5.172124 2227.324827 2304
5.163875 2230.882900 2304
5.173697 2226.647733 2304
5.282676 2180.712971 2304
5.290987 2177.287678 2304
5.250497 2194.077902 2304
5.260221 2190.022086 2304
5.256053 2191.758851 2304
5.239106 2198.848587 2304
5.248707 2194.826078 2304
5.280036 2181.803450 2304
5.278247 2182.542939 2304
5.286316 2179.211517 2304
5.299577 2173.758497 2304
5.288906 2178.144210 2304
5.299826 2173.656224 2304
5.369026 2145.640638 2304
5.341743 2156.599470 2304
5.276985 2183.064804 2304
5.329679 2161.481088 2304
5.333758 2159.828095 2304
5.347067 2154.452028 2304
5.326145 2162.915093 2304
5.317860 2166.285008 2304
5.325196 2163.300614 2304
5.333491 2159.935992 2304
5.347242 2154.381828 2304
5.347322 2154.349496 2304
5.339054 2157.685534 2304
5.333494 2159.934768 2304
5.306697 2170.841873 2304
5.349074 2153.643612 2304
5.287311 2178.801087 2304
5.304515 2171.734922 2304
5.372917 2144.086708 2304
5.341234 2156.805080 2304
5.317964 2166.242396 2304
5.324851 2163.440814 2304
5.303997 2171.946935 2304
5.403261 2132.045663 2304
5.230569 2202.437088 2304
5.428084 2122.295754 2304
5.278118 2182.596092 2304
5.143527 2239.708307 2304
5.340194 2157.225045 2304
5.201783 2214.625143 2304
5.433561 2120.156644 2304
5.217687 2207.875051 2304
5.200477 2215.181533 2304
5.209910 2211.170627 2304
5.160849 2232.190803 2304
5.234424 2200.815119 2304
5.114072 2252.607886 2304
5.348831 2153.741563 2048
4.023699 2544.921888 2304
5.217359 2208.013559 2304
5.272555 2184.898950 2048
4.178459 2450.664337 2304
5.031457 2289.595144 2304
5.024902 2292.581947 2048
4.298433 2382.263563 2304
5.320121 2165.364082 2048
3.988773 2567.205191 2304
5.275841 2183.538145 2048
4.225591 2423.329574 2304
4.866255 2367.323318 2304
5.239799 2198.557659 2304
5.491665 2097.724400 2048
4.033400 2538.801011 2304
4.908856 2346.778788 2304
5.012661 2298.180668 2304
5.372574 2144.223423 2048
4.235844 2417.463671 2048
4.007391 2555.278428 2304
4.776302 2411.907666 2304
5.297976 2174.415446 2304
5.436201 2119.126955 2048
4.266177 2400.275459 2304
4.602236 2503.131117 2304
4.453016 2587.010444 2304
5.251436 2193.685491 2304
5.342610 2156.249603 2304
5.430852 2121.214145 2048
4.233114 2419.022774 2304
4.705766 2448.060270 2304
4.256104 2706.700513 2304
5.089323 2263.562182 2304
5.312509 2168.467003 2304
5.405482 2131.169773 2304
5.391862 2136.553034 2304
5.328765 2161.851562 2048
3.670223 2790.021419 2304
4.155868 2771.984375 2304
5.081517 2267.039441 2304
5.368567 2145.823891 2304
5.509041 2091.107964 2304
5.195917 2217.125526 2304
5.155750 2234.398274 2048
3.987040 2568.321611 2304
4.209826 2736.455153 2304
5.324391 2163.627918 2304
5.484654 2100.405817 2304
5.266482 2187.418388 2304
5.207815 2212.060268 2048
3.850904 2659.115572 2304
3.870637 2976.254309 2304
5.001522 2303.298957 2304
5.273312 2184.585246 2304
5.498130 2095.257799 2304
5.182279 2222.960169 2304
5.275511 2183.674593 2304
5.148768 2237.428532 2304
4.960629 2322.286227 2304
5.191680 2218.934778 2304
5.261193 2189.617537 2048
3.994117 2563.770784 2304
4.574757 2518.166426 2304
5.195251 2217.409656 2304
5.373029 2144.041952 2304
5.549758 2075.766276 2048
4.280839 2392.054504 2048
3.845011 2663.191370 2304
4.460998 2582.381620 2304
4.966951 2319.330402 2304
5.325437 2163.202952 2304
5.317271 2166.524971 2304
5.311560 2168.854324 2304
5.325771 2163.067205 2048
4.474190 2288.682485 2048
4.282627 2391.056019 2048
4.441849 2305.346095 2048
4.242262 2413.806635 2304
5.292369 2176.718993 2048
4.572979 2239.240401 2048
4.361856 2347.624352 2048
4.041184 2533.910711 2304
4.893987 2353.909217 2304
5.283509 2180.369332 2048
4.454930 2298.577007 2048
4.337548 2360.780947 2304
5.197115 2216.614379 2048
4.253907 2407.198769 2304
5.461870 2109.167599 2048
4.220566 2426.214886 2048
3.884088 2636.397810 2304
4.809732 2395.143886 2304
5.318429 2166.053362 2304
5.275811 2183.550677 2048
2.803961 3651.975986 2304
