# VLDDashClient mimuroto
1.066857 0.128000  1.192493 0.128000 
1.192493 4.864000  11.278660 4.864000 
11.278660 2.304000  15.019062 2.304000 
15.019062 2.560000  21.233469 2.560000 
25.019062 2.304000  29.087056 2.304000 
30.019062 2.304000  34.396032 2.304000 
35.019062 2.304000  40.127936 2.304000 
45.019062 2.304000  49.196380 2.304000 
50.019062 2.304000  54.933183 2.304000 
55.019062 2.304000  58.975351 2.304000 
60.019062 2.304000  61.742938 2.304000 
65.019062 2.560000  68.353677 2.560000 
70.019062 2.560000  74.847156 2.560000 
75.019062 2.560000  79.107894 2.560000 
80.019062 2.560000  81.288442 2.560000 
85.019062 2.816000  90.061132 2.816000 
90.061132 2.816000  95.200539 2.816000 
95.200539 2.816000  96.475599 2.816000 
100.200539 2.816000  105.449418 2.816000 
105.449418 2.816000  111.172038 2.816000 
111.172038 2.816000  115.801497 2.816000 
116.172038 2.816000  122.904732 2.816000 
122.904732 2.816000  129.860461 2.816000 
129.860461 2.816000  136.815901 2.816000 
136.815901 2.560000  142.680750 2.560000 
142.680750 2.560000  148.607895 2.560000 
148.607895 2.560000  154.663462 2.560000 
154.663462 2.560000  160.838170 2.560000 
160.838170 2.560000  167.021427 2.560000 
167.021427 2.560000  173.376690 2.560000 
173.376690 2.560000  179.739381 2.560000 
179.739381 2.560000  186.100833 2.560000 
186.100833 2.560000  192.522709 2.560000 
192.522709 2.304000  197.812382 2.304000 
197.812382 2.304000  203.092002 2.304000 
203.092002 2.304000  208.337834 2.304000 
208.337834 2.304000  213.584825 2.304000 
213.584825 2.304000  218.839397 2.304000 
218.839397 2.304000  224.092529 2.304000 
224.092529 2.304000  229.356358 2.304000 
229.356358 2.304000  234.638671 2.304000 
234.638671 2.304000  239.916232 2.304000 
239.916232 2.304000  245.201661 2.304000 
245.201661 2.304000  250.506619 2.304000 
250.506619 2.304000  255.773854 2.304000 
255.773854 2.304000  261.104782 2.304000 
261.104782 2.304000  266.478425 2.304000 
266.478425 2.304000  271.785942 2.304000 
271.785942 2.304000  277.081101 2.304000 
277.081101 2.304000  282.397796 2.304000 
282.397796 2.304000  287.764014 2.304000 
287.764014 2.304000  293.079096 2.304000 
293.079096 2.304000  298.395959 2.304000 
298.395959 2.304000  303.730845 2.304000 
303.730845 2.304000  309.063912 2.304000 
309.063912 2.304000  314.417501 2.304000 
314.417501 2.304000  319.757054 2.304000 
319.757054 2.304000  325.096347 2.304000 
325.096347 2.304000  330.433035 2.304000 
330.433035 2.304000  335.765673 2.304000 
335.765673 2.304000  341.080384 2.304000 
341.080384 2.304000  346.399399 2.304000 
346.399399 2.304000  351.684752 2.304000 
351.684752 2.304000  357.012170 2.304000 
357.012170 2.304000  362.385842 2.304000 
362.385842 2.304000  367.709842 2.304000 
367.709842 2.304000  373.047449 2.304000 
373.047449 2.304000  378.358091 2.304000 
378.358091 2.304000  383.685188 2.304000 
383.685188 2.304000  388.952000 2.304000 
388.952000 2.304000  394.315448 2.304000 
394.315448 2.304000  399.636160 2.304000 
399.636160 2.304000  404.910012 2.304000 
404.910012 2.304000  410.109858 2.304000 
410.109858 2.304000  415.431142 2.304000 
415.431142 2.304000  420.699871 2.304000 
420.699871 2.304000  426.137408 2.304000 
426.137408 2.304000  431.264725 2.304000 
431.264725 2.304000  436.631813 2.304000 
436.631813 2.304000  441.621101 2.304000 
441.631813 2.304000  447.029725 2.304000 
447.029725 2.304000  452.054977 2.304000 
452.054977 2.304000  457.316454 2.304000 
457.316454 2.304000  462.603348 2.304000 
462.603348 2.304000  467.536039 2.304000 
467.603348 2.304000  472.833124 2.304000 
472.833124 2.304000  478.006395 2.304000 
478.006395 2.304000  483.314573 2.304000 
483.314573 2.304000  488.038617 2.304000 
488.314573 2.304000  493.639247 2.304000 
493.639247 2.304000  499.032795 2.304000 
499.032795 2.304000  504.100718 2.304000 
504.100718 2.304000  509.206013 2.304000 
509.206013 2.304000  514.545560 2.304000 
514.545560 2.304000  519.610760 2.304000 
519.610760 2.304000  524.488622 2.304000 
524.610760 2.304000  529.929974 2.304000 
529.929974 2.304000  535.368193 2.304000 
535.368193 2.304000  540.354900 2.304000 
540.368193 2.304000  545.086967 2.304000 
545.368193 2.304000  550.701034 2.304000 
550.701034 2.304000  556.252469 2.304000 
556.252469 2.304000  561.378994 2.304000 
561.378994 2.304000  565.974802 2.304000 
566.378994 2.304000  571.555794 2.304000 
571.555794 2.304000  576.877527 2.304000 
576.877527 2.304000  582.436351 2.304000 
582.436351 2.048000  586.538021 2.048000 
587.436351 2.048000  591.208254 2.048000 
592.436351 2.304000  597.436175 2.304000 
597.436351 2.304000  602.790487 2.304000 
602.790487 2.304000  608.112181 2.304000 
608.112181 2.048000  612.665229 2.048000 
613.112181 2.048000  617.336604 2.048000 
618.112181 2.048000  621.941627 2.048000 
623.112181 2.304000  627.934879 2.304000 
628.112181 2.304000  633.406605 2.304000 
633.406605 2.304000  638.759289 2.304000 
638.759289 2.304000  644.093216 2.304000 
644.093216 2.048000  648.545299 2.048000 
649.093216 2.048000  653.452836 2.048000 
654.093216 2.048000  658.103975 2.048000 
659.093216 2.304000  663.895560 2.304000 
664.093216 2.304000  669.381351 2.304000 
669.381351 2.304000  674.793936 2.304000 
674.793936 2.048000  679.263287 2.048000 
679.793936 2.048000  684.205093 2.048000 
684.793936 2.048000  689.245503 2.048000 
689.793936 2.048000  693.852821 2.048000 
694.793936 2.304000  699.781471 2.304000 
699.793936 2.304000  705.146869 2.304000 
705.146869 2.048000  709.513416 2.048000 
710.146869 2.048000  714.623437 2.048000 
715.146869 2.048000  719.514158 2.048000 
720.146869 2.048000  724.325241 2.048000 
725.146869 2.304000  729.820688 2.304000 
730.146869 2.304000  735.307816 2.304000 
735.307816 2.304000  740.614582 2.304000 
740.614582 2.304000  745.816784 2.304000 
745.816784 2.048000  750.172906 2.048000 
750.816784 2.048000  755.264827 2.048000 
755.816784 2.048000  760.136519 2.048000 
760.816784 2.304000  765.934464 2.304000 
765.934464 2.048000  770.295621 2.048000 
770.934464 2.048000  775.263915 2.048000 
775.934464 2.304000  780.888113 2.304000 
780.934464 2.304000  785.571427 2.304000 
785.934464 2.304000  791.167092 2.304000 
791.167092 2.304000  796.536308 2.304000 
796.536308 2.048000  801.107347 2.048000 
801.536308 2.048000  805.788492 2.048000 
806.536308 2.048000  810.118103 2.048000 
811.536308 2.304000  815.662667 2.304000 
816.536308 2.304000  821.284687 2.304000 
821.536308 2.304000  826.861092 2.304000 
826.861092 2.304000  832.169353 2.304000 
832.169353 2.304000  837.465246 2.304000 
837.465246 2.304000  842.786399 2.304000 
842.786399 2.304000  848.118002 2.304000 
848.118002 2.304000  853.132835 2.304000 
853.132835 2.304000  858.325880 2.304000 
858.325880 2.304000  863.346199 2.304000 
863.346199 2.304000  868.658717 2.304000 
868.658717 2.048000  873.177559 2.048000 
873.658717 2.048000  878.048863 2.048000 
878.658717 2.048000  882.703867 2.048000 
883.658717 2.304000  888.564062 2.304000 
888.658717 2.304000  893.980617 2.304000 
893.980617 2.048000  898.371962 2.048000 
898.980617 2.304000  904.141892 2.304000 
904.141892 2.048000  908.443881 2.048000 
909.141892 2.304000  914.410450 2.304000 
914.410450 2.048000  918.834384 2.048000 
919.410450 2.048000  923.632008 2.048000 
924.410450 2.304000  928.856688 2.304000 
929.410450 2.304000  934.220461 2.304000 
934.410450 2.304000  939.729926 2.304000 
939.729926 2.304000  945.006709 2.304000 
945.006709 2.304000  948.106222 2.304000 
950.006709 2.304000  950.921828 2.304000 
