# WEMAClient mimuroto
157.581500 1.038789 616.102000 512
159.403990 1.772490 1444.295000 1280
162.777397 3.373407 1897.192000 1792
166.081973 3.304576 2711.391000 2560
170.093800 4.011827 3190.566000 3072
175.031337 4.937538 3110.862000 3072
179.675123 4.643786 3307.645000 3072
184.691166 5.016043 3062.174000 2816
188.834915 4.143749 3397.889000 3328
194.174637 5.339722 3116.267000 3072
198.734520 4.559883 3368.507000 3328
203.801584 5.067064 3283.953000 3072
208.267452 4.465868 3439.421000 3328
213.066508 4.799057 3467.348000 3328
217.974416 4.907908 3390.446000 3328
222.849792 4.875376 3413.070000 3328
227.460081 4.610289 3609.318000 3584
235.728038 8.096538 2213.291000 2048
238.743290 3.015252 3396.067000 3328
243.744040 5.000750 3327.500000 3072
248.454749 4.710708 3260.656000 3072
253.151340 4.696592 3270.456000 3072
257.838421 4.687081 3277.092000 3072
262.417431 4.579010 3354.436000 3328
267.303587 4.672087 3561.577000 3328
274.747632 7.116132 2338.349000 2304
278.009356 3.261724 3531.874000 3328
282.672927 4.663571 3568.080000 3328
287.610067 4.937140 3370.372000 3328
292.555768 4.924268 3379.182000 3328
297.595707 4.964207 3351.995000 3328
302.473418 4.841919 3436.654000 3328
307.234046 4.602546 3615.390000 3584
314.631331 6.999831 2560.061000 2560
318.326957 3.695626 3463.553000 3328
323.149340 4.822382 3450.576000 3328
328.119873 4.970533 3347.729000 3328
333.153913 5.034040 3305.496000 3072
337.655224 4.501311 3412.339000 3328
341.754686 4.099462 4059.069000 3840
349.603803 6.972303 2753.752000 2560
353.318327 3.714524 3445.932000 3328
358.235812 4.917485 3383.843000 3328
363.205026 4.969214 3348.618000 3328
368.134408 4.929382 3375.676000 3328
373.060359 4.925951 3378.028000 3328
377.305537 4.245178 3919.741000 3840
384.792663 7.161164 2681.128000 2560
388.673167 3.880503 3298.541000 3072
392.647561 3.974395 3864.739000 3840
397.683767 5.036205 3812.394000 3584
403.052874 5.369108 3337.612000 3328
407.916491 4.863617 3421.322000 3328
412.347123 4.430632 3755.672000 3584
419.299119 6.667619 2687.615000 2560
423.237203 3.938083 3250.312000 3072
427.902188 4.664986 3292.614000 3072
432.175933 4.273745 3594.037000 3584
439.378420 6.746920 2656.026000 2560
443.256522 3.878102 3300.583000 3072
447.857047 4.600526 3338.748000 3328
452.236320 4.379273 3799.717000 3584
459.332296 6.700796 2674.309000 2560
462.716118 3.383822 3782.704000 3584
467.721643 5.005526 3580.043000 3328
472.696138 4.974495 3345.062000 3328
477.711843 5.015704 3317.579000 3072
482.430182 4.718339 3255.382000 3072
488.006474 5.374974 2857.688000 2816
492.085856 4.079382 3451.503000 3328
499.357442 6.725943 2474.002000 2304
502.831425 3.473983 3316.078000 3072
507.551873 4.720448 3253.928000 3072
512.350809 4.719309 3254.713000 3072
518.948247 6.316747 2431.631000 2304
522.411825 3.463578 3326.040000 3072
528.283012 5.651513 2717.856000 2560
531.989417 3.706405 3453.481000 3328
539.302878 6.671379 2494.237000 2304
542.780227 3.477349 3312.868000 3072
547.604514 4.824287 3183.890000 3072
552.213549 4.582050 3352.211000 3328
559.385420 6.753920 2463.754000 2304
562.674399 3.288979 3502.606000 3328
567.370155 4.695756 3543.625000 3328
573.815056 6.183556 2691.008000 2560
577.295249 3.480193 3677.956000 3584
585.128431 7.496931 2390.311000 2304
588.597725 3.469294 3320.559000 3072
593.272159 4.674434 3285.959000 3072
598.060214 4.788056 3207.982000 3072
602.726657 4.666443 3291.586000 3072
607.487980 4.761323 3225.994000 3072
614.030760 6.399261 2400.277000 2304
617.270167 3.239407 3556.206000 3328
624.791460 7.159960 2324.035000 2304
628.229777 3.438317 3350.476000 3328
633.258164 5.028387 3309.212000 3072
638.002638 4.744474 3237.450000 3072
642.639074 4.636437 3312.889000 3072
646.847180 4.208106 3650.098000 3584
654.328933 6.697433 2675.652000 2560
657.577426 3.248493 3940.288000 3840
662.691267 5.059767 3794.640000 3584
667.991111 5.299843 3381.232000 3328
672.899331 4.908220 3390.231000 3328
677.886489 4.987159 3336.569000 3328
682.837680 4.951191 3360.807000 3328
687.738781 4.901100 3395.156000 3328
692.194619 4.455838 3734.426000 3584
699.306505 6.675006 2684.641000 2560
703.142397 3.835892 3336.903000 3328
708.152366 5.009969 3321.377000 3072
712.269569 4.117203 3730.688000 3584
719.287941 6.656441 2692.129000 2560
723.193836 3.905895 3277.098000 3072
727.344604 4.150768 3700.519000 3584
734.324802 6.693303 2677.303000 2560
738.222420 3.897617 3284.057000 3072
742.744735 4.522315 3396.490000 3328
746.811498 4.066762 4091.706000 3840
754.421022 6.789522 2827.886000 2816
758.516037 4.095015 3438.326000 3328
763.452175 4.936138 3371.056000 3328
768.430497 4.978321 3342.492000 3328
773.351897 4.921400 3381.151000 3328
777.678515 4.326619 3845.959000 3840
782.741314 5.062799 3792.368000 3584
788.097445 5.356131 3345.698000 3328
793.104640 5.007195 3323.217000 3072
797.144014 4.039373 3802.569000 3584
804.322015 6.690516 2678.418000 2560
807.558090 3.236074 3955.409000 3840
812.685640 5.054140 3798.865000 3584
818.054131 5.368491 3337.995000 3328
822.941432 4.887300 3404.742000 3328
827.928198 4.986767 3336.831000 3328
832.262414 4.334215 3839.218000 3584
839.290738 6.659238 2690.998000 2560
843.187160 3.896422 3285.065000 3072
847.141480 3.954319 3884.359000 3840
854.712908 7.081408 2711.325000 2560
858.542971 3.830064 3341.980000 3328
862.904240 4.361269 3815.403000 3584
867.974168 5.069927 3534.567000 3328
872.897449 4.923281 3379.859000 3328
877.859667 4.962218 3353.338000 3328
882.281514 4.421846 3763.133000 3584
889.371438 6.739938 2658.778000 2560
893.220121 3.848683 3325.812000 3072
897.391410 4.171289 3682.314000 3584
904.343661 6.712161 2669.780000 2560
908.054071 3.710410 3449.753000 3328
912.530917 4.476846 3716.902000 3584
919.303469 6.671969 2685.863000 2560
922.382950 3.079481 4156.544000 4096
926.994589 4.363089 4693.922000 4608
931.978510 4.347011 5300.194000 5120
937.423131 4.791632 5342.647000 5120
943.284118 5.652618 4528.874000 4352
948.015035 4.730916 4599.531000 4352
951.367569 3.352534 6490.611000 5120
957.505594 4.874094 5252.257000 5120
962.064535 4.433035 5774.824000 5120
969.083800 6.452300 3967.577000 3840
971.958962 2.875162 6677.883000 5120
978.348413 5.716914 4477.940000 4352
982.099195 3.750782 5801.457000 5120
986.006054 3.374554 7586.187000 5120
990.987731 3.356231 7627.604000 5120
995.992425 3.360925 7616.950000 5120
1001.001591 3.370092 7596.232000 5120
1006.004799 3.373299 7589.009000 5120
1009.107803 1.476304 17340.607000 5120
1014.099225 1.467725 17441.959000 5120
1019.103964 1.472464 17385.822000 5120
1024.113352 1.481852 17275.677000 5120
1029.090477 1.458977 17546.537000 5120
1034.095596 1.464096 17485.192000 5120
1039.098135 1.466636 17454.916000 5120
