# AndroidClient mimuroto
1.089551 0.084288 7593.044455 5120
2.603494 1.463944 17487.011681 5120
4.076193 1.472699 17383.045827 5120
5.553812 1.477618 17325.175612 5120
7.622474 1.482924 17263.190831 5120
12.621851 1.482301 17270.446421 5120
17.620338 1.480787 17288.102285 5120
22.611715 1.472165 17389.359071 5120
27.611842 1.472291 17387.866937 5120
32.790136 1.650586 15509.643630 5120
38.283030 2.143479 11943.200041 5120
42.675652 1.536102 16665.560004 5120
47.693873 1.554322 16470.200941 5120
52.665791 1.526240 16773.242489 5120
57.692989 1.553438 16479.575851 5120
62.692439 1.552888 16485.407814 5120
69.974135 3.834584 6676.082261 5120
73.308775 2.169225 11801.450233 5120
78.345087 2.205536 11607.154313 5120
83.293076 2.153526 11887.482848 5120
88.313722 2.174172 11774.599593 5120
93.283161 2.143610 11942.470487 5120
101.445990 5.306440 4824.326855 5120
107.214614 5.768624 4437.800156 5120
113.066942 5.852328 4374.327568 5120
118.790273 5.723331 4472.919728 5120
124.645061 5.854787 4372.490190 5120
130.982250 6.337189 4039.645946 5120
137.476127 6.493877 3942.175080 5120
143.794109 6.317982 4051.926473 5120
150.139109 6.345000 4034.672856 5120
156.380267 6.241158 4101.803142 5120
163.240626 6.810359 3758.979388 5120
170.963789 7.673163 3336.303488 5120
178.788937 7.775148 3292.541752 5120
186.577557 7.738620 3308.083482 5120
194.379500 7.751943 3302.397855 5120
201.999804 7.570304 3381.634332 5120
209.249275 7.199471 3555.816750 5120
216.897702 7.598427 3369.118193 5120
224.245758 7.298056 3507.783583 5120
231.258654 6.962897 3676.630828 5120
237.977734 6.669080 3838.610656 5120
245.690087 7.662353 3341.010250 5120
253.276093 7.536006 3397.024742 5120
261.122397 7.796304 3283.607270 5120
267.872117 6.699720 3821.055337 5120
275.197233 7.275116 3518.844230 5120
282.334111 7.086877 3612.310218 5120
290.008261 7.624151 3357.751029 5120
297.596660 7.538399 3395.946563 5120
304.989958 7.343298 3486.172047 5120
311.852985 6.813027 3757.507429 5120
318.948151 7.045165 3633.697550 5120
326.646601 7.648450 3347.083347 5120
334.252883 7.556282 3387.909511 5120
340.978706 6.675823 3834.733256 4864
346.794452 5.765747 4218.013910 4864
353.453143 6.608690 3680.002917 4864
360.851811 7.348668 3309.443380 4864
368.086507 7.184696 3384.972751 4864
375.273433 7.136926 3407.629487 4864
380.837300 5.513867 4410.697406 4864
387.745684 6.858384 3546.024640 4864
393.950294 6.154610 3951.509817 4864
400.842969 6.842675 3554.165381 4608
407.699821 6.806852 3384.824768 4608
413.375822 5.626001 4095.270892 4608
419.398877 5.973055 3857.322642 4608
426.337483 6.888606 3344.653501 4608
432.408990 6.021506 3826.285201 4608
438.052268 5.593279 4119.229773 4608
444.821170 6.718902 3429.131612 4608
451.346196 6.475026 3558.287031 4608
456.638098 5.241902 4395.350950 4608
462.830793 6.142695 3750.796886 4608
469.479791 6.598998 3491.439072 4608
476.451912 6.922121 3328.459658 4608
482.854770 6.352858 3626.714095 4608
488.049183 5.144412 4478.645549 4608
493.917696 5.818513 3959.774447 4608
500.309836 6.342140 3632.843026 4352
506.809941 6.450105 3373.588344 4352
512.867551 6.007609 3622.073145 4352
518.632052 5.714501 3807.856228 4352
524.420767 5.738715 3791.789382 4352
529.741221 5.270454 4128.676851 4352
535.155080 5.363859 4056.780752 4352
541.291139 6.086058 3575.384654 4352
547.750625 6.409486 3394.967950 4352
553.682445 5.881820 3699.535218 4352
559.617064 5.884619 3697.775473 4352
565.721075 6.054011 3594.311291 4352
571.331054 5.559979 3913.683806 4352
576.631011 5.249957 4144.795648 4352
582.438163 5.757152 3779.646697 4352
588.921947 6.433785 3382.146201 4352
595.568751 6.596803 3298.567405 4352
602.030850 6.412099 3393.584322 4352
608.302498 6.221648 3497.465784 4352
614.039294 5.686797 3826.407269 4352
619.982592 5.893297 3692.330233 4096
625.944197 5.911605 3464.371928 4096
632.141925 6.147727 3331.312291 4096
638.319012 6.127088 3342.534112 4096
644.563484 6.194471 3306.173997 4096
648.974328 4.360844 4696.338162 4096
654.387605 5.413277 3783.290336 3840
659.141552 4.753947 4038.749251 3840
664.503115 5.361562 3581.045640 3840
670.292304 5.789189 3316.526497 3840
676.140897 5.798593 3311.148239 3840
681.963647 5.772750 3325.971264 3840
687.724280 5.710633 3362.149166 3840
692.653361 4.879081 3935.167324 3584
696.937338 4.283977 4183.029296 3584
702.253960 5.316622 3370.561171 3584
707.541273 5.287313 3389.245106 3584
712.269835 4.728563 3789.735241 3584
716.330973 4.061138 4412.556237 3584
721.541387 5.210413 3439.266405 3584
726.592211 5.050824 3547.935884 3584
730.577073 3.984862 4497.018683 3584
735.606479 5.029406 3563.044752 3584
740.974417 5.367937 3338.339980 3584
745.537104 4.562687 3927.510531 3584
749.737849 4.200746 4265.909161 3584
754.220905 4.483055 3997.273760 3584
759.292394 5.071489 3533.478915 3584
764.674528 5.382134 3329.534460 3584
770.023460 5.348932 3350.201432 3584
775.286172 5.262712 3405.088484 3584
779.745706 4.459534 4018.356696 3584
784.733691 4.987985 3592.633166 3584
790.116867 5.383176 3328.889894 3584
795.351105 5.234237 3423.612350 3584
799.255502 3.904398 4589.696357 3584
804.058136 4.802633 3731.286285 3584
808.478564 4.420428 4053.905961 3584
813.324206 4.845642 3698.168075 3584
818.670276 5.346070 3351.995245 3584
824.071892 5.401617 3317.525330 3584
829.459569 5.387677 3326.108903 3584
833.533563 4.073994 4398.632395 3584
838.127095 4.593532 3901.137510 3584
843.386424 5.259329 3407.278545 3584
847.634868 4.248444 4218.014660 3584
851.917706 4.282838 4184.141686 3584
857.191422 5.273716 3397.983806 3584
862.062665 4.871243 3678.732279 3584
867.120023 5.057358 3543.351962 3584
872.366697 5.246674 3415.497362 3584
877.759360 5.392663 3323.033361 3584
882.398109 4.638749 3863.110316 3584
886.540016 4.141907 4326.509804 3584
891.797433 5.257417 3408.518018 3584
896.754457 4.957024 3615.072579 3584
901.266763 4.512306 3971.361742 3584
905.916601 4.649839 3853.897267 3584
910.953470 5.036868 3557.766160 3584
915.480044 4.526574 3958.843933 3584
920.083156 4.603113 3893.017862 3584
923.686011 3.602854 4973.833973 3584
926.424490 2.738479 6543.777464 3584
932.114747 4.340467 4128.588116 3584
937.352187 4.577907 3914.452896 3584
943.200602 5.426322 3302.420849 3584
947.451230 4.250627 4215.848294 3584
952.357347 4.583068 3910.044955 3584
957.448544 4.674264 3833.758838 3584
963.285327 5.511047 3251.650784 3584
967.164320 3.878993 4619.755456 3584
972.451709 4.677429 3831.164417 3584
978.216797 5.442517 3292.594384 3584
981.795233 3.578437 5007.773176 3584
986.130928 3.356648 5338.659685 3584
991.116342 3.342062 5361.959253 3584
996.129262 3.354982 5341.310291 3584
1001.136501 3.362221 5329.810620 3584
1006.135954 3.361674 5330.677363 3584
