# WEMAClient mimuroto
94.736095 0.475571 1345.750000 1280
95.918360 1.132265 5652.386000 5120
98.602245 2.683885 9538.411000 5120
103.831160 5.228915 4895.853000 4864
109.312614 5.481454 4436.778000 4352
114.270426 4.957812 4389.033000 4352
119.172651 4.902225 4438.800000 4352
124.168710 4.996059 4355.432000 4352
129.377053 5.208342 4177.912000 4096
134.832884 5.455832 3753.781000 3584
139.128010 4.295125 4172.171000 4096
144.227923 5.099913 4015.754000 3840
149.065262 4.837339 3969.124000 3840
153.710548 4.645286 4133.222000 4096
158.894754 5.184206 3950.460000 3840
164.374976 5.480223 3503.507000 3328
169.370847 4.995871 3330.750000 3328
174.621204 5.250356 3169.308000 3072
179.197952 4.576748 3356.095000 3328
184.398313 5.200362 3199.777000 3072
188.873688 4.475375 3432.114000 3328
194.183021 5.309332 3134.103000 3072
198.741634 4.558613 3369.445000 3328
203.886085 5.144451 3234.553000 3072
208.334938 4.448854 3452.574000 3328
213.098627 4.763689 3493.091000 3328
217.994935 4.896308 3398.478000 3328
222.870812 4.875877 3412.719000 3328
227.513343 4.642531 3584.251000 3584
232.178665 4.665322 3841.106000 3840
237.330052 5.151387 3727.151000 3584
242.682434 5.352383 3348.041000 3328
247.662794 4.980360 3341.124000 3328
252.675905 5.013111 3319.296000 3072
257.409414 4.733510 3244.949000 3072
262.018416 4.609002 3332.608000 3328
266.488354 4.469938 3722.647000 3584
271.226615 4.738261 3781.978000 3584
276.500440 5.273825 3397.913000 3328
281.140984 4.640544 3585.786000 3584
286.316219 5.175235 3462.644000 3328
291.251080 4.934861 3371.929000 3328
296.229796 4.978716 3342.227000 3328
301.157848 4.928053 3376.587000 3328
305.627907 4.470059 3722.545000 3584
310.605332 4.977425 3600.255000 3584
315.361935 4.756603 3767.394000 3584
320.521829 5.159894 3472.939000 3328
325.575921 5.054092 3292.381000 3072
330.239725 4.663804 3293.448000 3072
334.898207 4.658482 3297.211000 3072
339.324671 4.426464 3470.038000 3328
346.790308 7.004213 2375.712000 2304
349.993142 3.202834 3596.814000 3584
355.217813 5.224671 3429.881000 3328
360.365642 5.147829 3232.430000 3072
364.997260 4.631618 3316.335000 3072
369.703022 4.705761 3264.083000 3072
374.471363 4.685268 3278.360000 3072
381.217546 6.431451 2388.263000 2304
384.785710 3.568164 3228.551000 3072
389.405380 4.619285 3325.189000 3072
396.943089 7.156994 2146.152000 2048
400.109238 3.166149 3234.213000 3072
404.778283 4.669045 3289.752000 3072
409.446538 4.660443 3295.824000 3072
416.452255 6.666160 2304.174000 2304
419.951758 3.499502 3291.896000 3072
424.739601 4.787843 3208.125000 3072
429.521892 4.735797 3243.382000 3072
436.377420 6.591325 2330.335000 2304
439.877564 3.500145 3291.292000 3072
444.631628 4.754064 3230.920000 3072
449.440822 4.654727 3299.871000 3072
456.473740 6.687645 2296.772000 2048
459.583915 3.110175 3292.419000 3072
467.439752 7.653657 2006.883000 1792
470.523949 3.084197 2905.132000 2816
474.883191 4.359242 3229.919000 3072
479.622501 4.739310 3240.977000 3072
483.779239 3.993144 3846.593000 3840
492.772004 7.985909 2404.234000 2304
495.757062 2.985058 3859.221000 3840
501.300372 5.543310 3463.634000 3328
506.354145 5.053774 3292.589000 3072
511.028598 4.674453 3285.946000 3072
514.895230 3.866632 3972.449000 3840
520.306423 5.411193 3548.201000 3328
524.524521 4.218098 3944.905000 3840
532.810866 8.024771 2392.591000 2304
535.804215 2.993349 3848.531000 3840
541.332883 5.528668 3472.807000 3328
546.387186 5.054303 3292.244000 3072
551.145271 4.758085 3228.189000 3072
554.954482 3.809211 4032.331000 3840
560.372231 5.417750 3543.906000 3328
565.016654 4.644423 3582.791000 3328
569.509374 4.492720 3703.770000 3584
577.423417 7.637323 2346.372000 2304
580.810249 3.386832 3401.408000 3328
585.687091 4.876841 3412.044000 3328
590.680923 4.993832 3332.110000 3328
595.671833 4.990910 3334.061000 3328
600.669253 4.997420 3329.718000 3328
605.652294 4.983041 3339.326000 3328
610.386809 4.734515 3514.615000 3328
614.701772 4.314963 3856.348000 3840
620.067877 5.281782 3635.136000 3584
625.277126 5.209249 3440.035000 3328
630.245757 4.968631 3349.010000 3328
635.275092 5.029335 3308.588000 3072
639.935915 4.660823 3295.555000 3072
644.567971 4.632056 3316.022000 3072
651.051177 6.265082 2451.683000 2304
654.489866 3.438688 3350.114000 3328
662.427929 7.641834 2177.487000 2048
665.648925 3.220996 3179.140000 3072
670.371555 4.722629 3252.425000 3072
675.177903 4.806349 3195.772000 3072
679.882364 4.704460 3264.986000 3072
684.600148 4.717784 3255.765000 3072
689.447771 4.661676 3294.952000 3072
696.390137 6.604042 2325.848000 2304
699.965471 3.575334 3222.076000 3072
704.606873 4.641402 3309.345000 3072
709.507124 4.721030 3253.527000 3072
716.370829 6.584734 2332.668000 2304
719.941055 3.570226 3226.686000 3072
724.628057 4.687002 3277.148000 3072
731.441778 6.655683 2307.802000 2304
735.014436 3.572658 3224.490000 3072
739.736563 4.722128 3252.771000 3072
744.143718 4.357623 3524.857000 3328
751.843512 7.057417 2357.803000 2304
755.019091 3.175579 3627.685000 3584
760.174602 5.155511 3475.891000 3328
765.182700 5.008098 3322.618000 3072
769.933906 4.751206 3232.863000 3072
774.597612 4.663706 3293.517000 3072
781.952509 7.166414 2143.331000 2048
785.100713 3.148204 3252.647000 3072
789.888127 4.787414 3208.412000 3072
794.578883 4.690756 3274.525000 3072
801.215487 6.429392 2389.028000 2304
804.664531 3.449044 3340.056000 3328
812.293972 7.507877 2216.338000 2048
815.576611 3.282639 3119.441000 3072
820.261943 4.685332 3278.316000 3072
824.946270 4.684327 3279.019000 3072
829.647672 4.701403 3267.110000 3072
836.285243 6.499148 2363.386000 2304
839.806223 3.520980 3271.816000 3072
844.499673 4.693449 3272.646000 3072
851.163907 6.377812 2408.349000 2304
854.710729 3.546822 3247.978000 3072
859.517571 4.731476 3246.344000 3072
867.463424 7.677330 2000.695000 1792
870.560731 3.097307 2892.836000 2816
874.841585 4.280854 3289.063000 3072
879.513928 4.672344 3287.429000 3072
886.359667 6.573572 2336.629000 2304
889.859553 3.499886 3291.535000 3072
894.593452 4.733899 3244.682000 3072
901.963069 7.176975 2140.177000 2048
904.823445 2.860375 3579.949000 3328
909.596643 4.773199 3486.131000 3328
917.460167 7.674073 2168.340000 2048
920.145519 2.685352 3813.280000 3584
923.692592 3.547072 5052.053000 4864
929.370801 4.584706 5304.592000 5120
934.549646 4.763551 5374.141000 5120
940.121220 5.335125 4798.387000 4608
945.186474 5.065254 4548.636000 4352
949.316998 4.130523 5268.097000 5120
954.669189 4.883094 5242.577000 5120
960.806754 6.020659 4252.025000 4096
964.875564 4.068810 5033.412000 4864
969.200190 4.324626 5623.607000 5120
975.137954 5.351859 4783.384000 4608
980.168519 5.030565 4580.002000 4352
