# SAndroidClient mimuroto
126.605669 0.952148 672.164282 512
128.392515 1.736846 1473.935956 896
130.738593 2.346077 1909.570722 1024
132.778532 2.039940 2509.877835 1280
134.914308 2.135776 2996.569115 1536
141.286404 4.630735 1658.483986 1536
146.241810 4.586140 1674.610748 1280
150.779000 4.123330 1552.143442 1280
155.773687 4.118018 1554.145804 1280
161.160110 4.504441 1420.820042 1280
166.342828 4.687158 1365.432828 1280
171.847387 5.191718 1232.732688 1280
174.902216 3.054829 2095.043896 1280
181.790151 5.134481 1246.474461 1280
184.846216 3.056065 2094.196074 1280
191.870573 5.214904 1227.251811 1280
194.883797 3.013224 2123.971119 1280
201.876845 5.221176 1225.777512 1024
204.349871 2.473025 2070.338617 1280
211.305865 4.650196 1376.286101 1024
215.944297 4.288628 1193.855088 1024
221.078486 4.422817 1157.633276 1024
225.625781 3.970112 1289.636181 1024
230.561147 3.905478 1310.979143 1024
235.384729 3.729059 1373.000372 1024
240.841823 4.186154 1223.079821 1024
246.040702 4.385033 1167.608194 1024
251.081339 4.425669 1156.887122 1024
255.943655 4.287986 1194.033861 1024
260.968470 4.312800 1187.163730 1024
265.444415 3.788745 1351.370862 1024
270.449272 3.793602 1349.640727 1024
275.972044 4.316374 1186.180741 1024
280.790208 4.134539 1238.348448 1024
285.948295 4.292625 1192.743277 1024
290.998485 4.342815 1178.958692 1024
296.004519 4.348849 1177.322950 1024
300.997192 4.341523 1179.309685 1024
305.528264 3.872594 1322.111081 1024
310.610579 3.954909 1294.593569 1024
315.494037 3.838368 1333.900280 1024
320.943436 4.287766 1194.094946 1024
326.024771 4.369102 1171.865494 1024
330.983652 4.327983 1182.999217 1024
335.883226 4.227557 1211.101350 1024
340.346492 3.690823 1387.224654 1024
345.152247 3.496578 1464.288875 1024
350.275888 3.620218 1414.279392 1024
355.942438 4.286768 1194.372929 1024
361.002048 4.346379 1177.992057 1024
366.150073 4.494404 1139.194520 1024
370.998092 4.342423 1179.065370 1024
375.626902 3.971232 1289.272385 1024
379.842606 3.186937 1606.558376 1024
385.961288 4.305619 1189.143774 1024
390.709542 4.053873 1262.989788 1024
395.354846 3.699177 1384.091690 1024
401.017186 4.361517 1173.903548 1024
406.234312 4.578643 1118.235258 1024
410.948942 4.293272 1192.563492 1024
414.971552 3.315883 1544.083567 1024
421.094048 4.438379 1153.574273 1024
426.210862 4.555193 1123.991954 1024
430.918003 4.262334 1201.219804 1024
434.849482 3.193813 1603.099680 1024
441.095715 4.440045 1153.141376 1024
446.063605 4.407936 1161.541480 1024
451.019376 4.363707 1173.314377 1024
455.056644 3.400974 1505.451005 1024
460.896356 4.240687 1207.351643 1024
465.896123 4.240454 1207.417993 1024
471.142853 4.487184 1141.027521 1024
476.278662 4.622993 1107.507744 1024
481.204626 4.548956 1125.532899 1024
484.964558 3.308889 1547.347376 1024
490.822802 4.167133 1228.662621 1024
495.125802 3.470133 1475.447979 1024
501.129871 4.474202 1144.338166 1024
506.305660 4.649990 1101.077559 1024
511.152983 4.497313 1138.457450 1024
515.309092 3.653422 1401.425770 1024
521.082062 4.426393 1156.697997 1024
525.220943 3.565274 1436.074874 1024
530.784151 4.128481 1240.165518 1024
535.156780 3.501110 1462.393258 1024
541.146925 4.491256 1139.992902 1024
546.300539 4.644869 1102.291465 1024
551.149561 4.493892 1139.324232 1024
555.322176 3.666507 1396.424415 1024
561.098636 4.442966 1152.383289 1024
565.870967 4.215297 1214.623688 1024
570.541795 3.886126 1317.507439 1024
575.393466 3.737796 1369.791083 1024
580.684739 4.029070 1270.764779 1024
586.231209 4.575539 1118.993756 1024
591.256380 4.600711 1112.871542 1024
596.165634 4.509965 1135.263810 1024
601.236937 4.581267 1117.594713 1024
606.206181 4.550512 1125.148218 1024
610.819845 4.164176 1229.535007 1024
615.672494 4.016825 1274.638685 1024
620.742258 4.086589 1252.878580 1024
626.188441 4.532772 1129.551597 1024
631.380874 4.725205 1083.550858 896
635.888807 4.233138 1058.316601 896
640.864335 4.208665 1064.470504 896
645.640903 3.985233 1124.149946 896
649.435765 2.780095 1611.455470 896
655.733356 4.077687 1098.662017 896
660.244434 3.588764 1248.340527 896
665.768471 4.112801 1089.281849 896
670.986526 4.330856 1034.437423 896
676.068561 4.412892 1015.207361 896
681.073827 4.418157 1013.997373 896
685.920246 4.264576 1050.514661 896
690.680237 4.024568 1113.163077 896
694.744411 3.088741 1450.429000 896
700.927243 4.271574 1048.793816 896
705.957908 4.302238 1041.318444 896
710.764328 4.108659 1090.380097 896
714.731120 3.075451 1456.696925 896
721.147576 4.491907 997.349214 896
725.962747 4.307078 1040.148356 896
729.945804 3.290134 1361.646564 896
736.079753 4.424084 1012.639049 896
741.181538 4.525869 989.865243 896
745.441868 3.786199 1183.244801 896
750.205017 3.549348 1262.203814 896
755.484218 3.828549 1170.156182 896
761.016605 4.360936 1027.302511 896
766.221698 4.566029 981.158977 896
771.086054 4.430385 1011.198817 896
775.932972 4.277303 1047.388960 896
780.286681 3.631011 1233.815991 896
786.028210 4.372540 1024.576021 896
791.185029 4.529360 989.102273 896
795.878785 4.223115 1060.828261 896
799.744289 3.088620 1450.486191 896
805.845463 4.189794 1069.264937 896
810.290552 3.634882 1232.502067 896
816.082375 4.426706 1012.039214 896
821.192480 4.536811 987.477752 896
826.220684 4.565015 981.376843 896
830.895719 4.240050 1056.591365 896
834.855956 3.200287 1399.874624 896
841.082453 4.426784 1012.021454 896
845.947824 4.292155 1043.764710 896
849.782545 3.126876 1432.740107 896
856.003706 4.348036 1030.350179 896
860.862995 4.207325 1064.809515 896
865.828344 4.172675 1073.651798 896
871.037760 4.382090 1022.343106 896
876.151299 4.495630 996.523370 896
880.877211 4.221541 1061.223760 896
884.883963 3.228293 1387.730125 896
891.138459 4.482790 999.377595 896
895.889780 4.234111 1058.073365 896
900.384738 3.729069 1201.372217 896
905.561521 3.905852 1146.996956 896
910.926042 4.270372 1049.088841 896
915.479561 3.823892 1171.581217 896
920.354655 3.698985 1211.142980 896
924.168087 2.512417 1783.143274 896
927.873980 1.218311 3677.221622 896
932.845368 1.189699 3765.658654 896
938.244464 1.588795 2819.746942 896
945.198713 3.543044 1264.449399 896
949.296204 2.640535 1696.626096 896
953.083101 1.427431 3138.504709 896
958.733207 2.077537 2156.399233 896
964.663723 3.008053 1489.335281 896
969.084397 2.428728 1844.587274 896
973.241281 1.585612 2825.407874 896
980.167620 3.511950 1275.644448 896
982.285293 0.629624 7115.361504 896
986.921138 0.265468 16875.835785 896
991.910206 0.254537 17600.596114 896
996.914397 0.258727 17315.526511 896
1001.914682 0.259012 17296.473654 896
1006.915502 0.259833 17241.832738 896
