# WEMAClient mimuroto
32.237906 0.180760 3540.612000 3328
33.603996 1.316090 12643.507000 5120
35.054166 1.450170 17653.102000 5120
36.633528 1.579362 16209.077000 5120
39.449209 2.161303 11844.706000 5120
44.062100 1.774194 14429.085000 5120
49.069619 1.781713 14368.195000 5120
54.052101 1.764196 14510.862000 5120
59.074253 1.786347 14330.919000 5120
64.529402 2.241496 11420.943000 5120
70.821158 3.533252 7245.448000 5120
75.522815 3.234909 7913.669000 5120
80.528623 3.240717 7899.485000 5120
85.496531 3.208625 7978.494000 5120
90.530279 3.242373 7895.452000 5120
95.892918 3.605012 7101.224000 5120
104.691535 7.403629 3457.763000 3328
108.554393 3.862858 4307.691000 4096
113.223223 4.668830 4386.538000 4352
118.218779 4.995556 4355.871000 4352
123.166699 4.947920 4397.807000 4352
128.281258 5.114559 4254.521000 4096
133.677662 5.396404 3795.119000 3584
138.047713 4.370050 4100.639000 4096
143.229728 5.182015 3952.130000 3840
147.975639 4.745911 4045.587000 3840
152.619531 4.643892 4134.462000 4096
157.716149 5.096617 4018.351000 3840
163.068391 5.352242 3587.281000 3584
168.353106 5.284715 3390.911000 3328
173.528336 5.175230 3215.316000 3072
178.361160 4.832825 3178.265000 3072
183.197648 4.836488 3175.858000 3072
187.900913 4.703265 3265.816000 3072
192.802277 4.901364 3133.821000 3072
197.457152 4.654875 3299.766000 3072
202.180421 4.723269 3251.984000 3072
207.119692 4.831786 3178.948000 3072
214.088187 6.800281 2258.730000 2048
217.365693 3.277506 3124.327000 3072
222.108198 4.742506 3238.794000 3072
228.745827 6.457921 2378.474000 2304
231.924112 3.178286 3624.595000 3584
239.456718 7.168812 2499.716000 2304
243.032790 3.576072 3221.411000 3072
247.703018 4.670227 3288.919000 3072
252.543150 4.840133 3173.466000 3072
257.290400 4.747250 3235.557000 3072
261.890596 4.600196 3338.988000 3328
269.053680 6.765774 2459.437000 2304
272.305484 3.251804 3542.649000 3328
277.158299 4.852816 3428.937000 3328
284.511355 7.223449 2303.608000 2048
287.686855 3.175500 3224.688000 3072
292.471865 4.785010 3210.024000 3072
297.213270 4.741405 3239.546000 3072
301.953359 4.665453 3292.284000 3072
308.715341 6.427436 2389.755000 2304
311.931472 3.216131 3581.944000 3328
319.341068 7.053162 2359.225000 2304
322.858003 3.516935 3275.579000 3072
327.575011 4.717008 3256.301000 3072
332.362679 4.787668 3208.242000 3072
337.042725 4.680046 3282.018000 3072
342.938845 5.650939 2718.132000 2560
346.411552 3.472707 3685.885000 3584
354.699297 7.411391 2417.899000 2304
358.228801 3.529504 3263.914000 3072
362.848462 4.619661 3324.919000 3072
367.568210 4.719747 3254.411000 3072
372.217427 4.649217 3303.781000 3072
376.572578 4.284672 3584.871000 3584
383.670603 6.382697 2807.590000 2560
387.596662 3.926059 3260.266000 3072
391.844339 4.247677 3616.094000 3584
399.215644 6.927738 2586.702000 2560
403.066879 3.851234 3323.609000 3072
407.813288 4.746410 3236.130000 3072
412.080442 4.267154 3599.589000 3584
418.746148 6.458242 2774.748000 2560
422.548018 3.801870 3366.764000 3328
427.486712 4.938694 3369.311000 3328
432.068355 4.581642 3631.885000 3584
438.621633 6.333727 2829.297000 2816
442.966735 4.345102 3240.430000 3072
447.578084 4.611348 3330.912000 3328
452.048470 4.470387 3722.273000 3584
458.763517 6.475612 2767.306000 2560
462.242485 3.478968 3679.252000 3584
467.339188 5.051282 3547.614000 3328
472.219610 4.880422 3409.541000 3328
477.342931 5.055025 3291.774000 3072
482.055752 4.712821 3259.194000 3072
487.622312 5.334406 2879.420000 2816
491.708368 4.086056 3445.865000 3328
498.735221 6.447315 2580.919000 2560
502.618589 3.883367 3296.108000 3072
507.357917 4.739329 3240.965000 3072
512.079693 4.721776 3253.013000 3072
518.498491 6.210585 2473.196000 2304
521.936431 3.437940 3350.844000 3328
528.221207 5.933301 2804.509000 2560
531.904977 3.683771 3474.700000 3328
538.877177 6.589271 2525.317000 2304
542.262766 3.385589 3402.657000 3328
547.352078 5.064173 3285.828000 3072
552.033215 4.681136 3281.254000 3072
558.515456 6.227550 2466.459000 2304
561.946267 3.430811 3357.806000 3328
569.194695 6.906789 2409.223000 2304
571.918199 2.723503 4229.845000 4096
579.808541 7.520635 2723.174000 2560
583.452502 3.643961 3512.661000 3328
588.521773 5.069271 3282.523000 3072
593.269692 4.747920 3235.101000 3072
598.000199 4.730506 3247.009000 3072
602.675688 4.675489 3285.217000 3072
607.420096 4.744408 3237.495000 3072
611.665230 4.245134 3618.260000 3584
619.381486 7.093580 2526.227000 2304
622.624638 3.243152 3552.099000 3328
627.531983 4.907345 3390.835000 3328
632.510622 4.978639 3342.278000 3328
637.554015 5.043393 3299.366000 3072
642.282894 4.728880 3248.126000 3072
646.506660 4.218754 3640.885000 3584
653.823991 6.536085 2741.702000 2560
657.175498 3.351506 3819.178000 3584
664.306212 7.018306 2553.322000 2304
667.746986 3.440774 3348.083000 3328
672.670458 4.923471 3379.729000 3328
677.661499 4.991041 3333.973000 3328
682.577032 4.915533 3385.187000 3328
687.550729 4.973698 3345.599000 3328
692.033842 4.483113 3711.706000 3584
698.657531 6.369625 2813.352000 2560
702.499023 3.841491 3332.039000 3328
707.489635 4.990612 3334.260000 3328
712.025238 4.535603 3668.751000 3584
718.812484 6.524578 2746.537000 2560
722.674492 3.862008 3314.337000 3072
726.973380 4.298887 3573.017000 3328
733.457398 6.169492 2697.142000 2560
737.361924 3.904526 3278.246000 3072
742.056797 4.694874 3271.653000 3072
747.909146 5.621240 2732.493000 2560
751.353200 3.444054 3716.550000 3584
759.609479 7.321573 2447.561000 2304
763.143375 3.533896 3259.858000 3072
767.881595 4.738220 3241.723000 3072
772.646399 4.764805 3223.636000 3072
776.959139 4.312740 3561.541000 3328
783.955732 6.667826 2495.565000 2304
787.529447 3.573715 3223.536000 3072
792.244267 4.714820 3257.812000 3072
796.608227 4.320321 3555.291000 3328
803.425277 6.137371 2711.258000 2560
806.912542 3.487265 3670.498000 3584
814.192314 6.904408 2595.443000 2560
818.104120 3.911806 3272.145000 3072
822.824235 4.720114 3254.158000 3072
827.509682 4.685447 3278.235000 3072
831.854907 4.345226 3534.914000 3328
838.407446 6.119540 2719.158000 2560
842.337964 3.930518 3256.567000 3072
846.606232 4.268268 3598.649000 3584
853.650455 6.362549 2816.481000 2816
857.862229 4.211774 3343.009000 3328
862.321346 4.459117 3731.680000 3584
867.380186 5.058840 3542.314000 3328
872.290880 4.910694 3388.522000 3328
877.261494 4.970614 3347.675000 3328
881.846485 4.558579 3650.260000 3584
888.635380 6.347474 2823.170000 2816
892.927597 4.292218 3280.355000 3072
897.198435 4.270838 3596.484000 3584
901.848206 4.560301 3929.565000 3840
909.925078 7.637172 2514.019000 2304
912.891866 2.966789 3882.986000 3840
917.942068 5.050201 3801.828000 3584
