# AndroidClient mimuroto
63.316470 0.213254 3001.118448 2816
64.939045 1.572575 8953.467636 5120
66.552505 1.563460 16373.943955 5120
69.541921 2.939416 8709.211925 5120
74.924658 3.322154 7705.844302 5120
79.917242 3.314737 7723.085198 5120
84.902832 3.300328 7756.805242 5120
89.943306 3.340802 7662.831788 5120
94.987141 3.384637 7563.588741 5120
103.192585 6.590080 3884.626628 5120
108.962206 5.769622 4437.032728 5120
114.740599 5.778393 4430.297750 5120
120.620792 5.880193 4353.598511 5120
126.506358 5.885566 4349.624388 5120
133.080331 6.573973 3894.144184 5120
139.342045 6.261714 4088.337763 5120
145.753727 6.411683 3992.711593 5120
151.981922 6.228195 4110.340445 5120
158.274564 6.242642 4100.828050 5120
165.525271 7.200708 3555.206133 5120
173.410217 7.834945 3267.412657 4864
180.605825 7.145608 3403.489314 4864
187.946044 7.290219 3335.976480 4608
195.008868 7.012824 3285.409716 4608
201.924376 6.865508 3355.906059 4608
208.500955 6.526579 3530.180189 4352
214.843648 6.292693 3457.978879 4352
221.368362 6.474714 3360.766218 4352
227.309881 5.891519 3693.444643 4352
232.749710 5.389829 4037.234182 4352
238.728910 5.929200 3669.972289 4352
245.354601 6.575691 3309.157943 4352
251.863297 6.458696 3369.101031 4096
257.901235 5.987938 3420.209014 4096
263.801153 5.849918 3500.903726 4096
269.436161 5.585008 3666.959618 4096
275.389376 5.903214 3469.296305 4096
281.245490 5.806114 3527.316258 4096
287.370544 6.075055 3371.163122 4096
293.524316 6.103771 3355.302725 4096
299.782428 6.208113 3298.909188 4096
305.570083 5.737655 3569.402595 4096
311.179007 5.558924 3684.165984 4096
316.745553 5.516546 3712.467949 4096
322.832943 6.037390 3392.194486 4096
329.065373 6.182430 3312.613192 3840
334.846143 5.730770 3350.335029 3840
340.097307 5.201164 3691.481349 3840
344.652037 4.504730 4262.186695 3840
349.514114 4.862077 3948.929965 3840
355.027652 5.513538 3482.337574 3840
360.870199 5.842547 3286.238008 3840
366.769717 5.849518 3282.321523 3840
372.545295 5.725578 3353.373373 3840
377.417892 4.822597 3981.257669 3840
381.966873 4.548982 4220.724855 3840
387.701880 5.735006 3347.860285 3840
392.673141 4.921261 3901.438859 3840
397.780423 5.107282 3759.338300 3840
403.566908 5.736485 3346.997063 3840
409.388986 5.772078 3326.358560 3840
413.824620 4.385634 4377.930302 3840
418.952991 5.128371 3743.878968 3840
424.728519 5.775528 3324.371303 3840
430.365264 5.586745 3436.706026 3840
434.759062 4.343799 4420.094393 3840
439.959659 5.200597 3691.884163 3840
445.755378 5.795719 3312.789810 3840
451.296544 5.491166 3496.525423 3840
455.701035 4.354491 4409.240868 3840
460.896536 5.195501 3695.504929 3840
466.172264 5.275728 3639.308184 3840
471.829598 5.657334 3393.824669 3840
477.616320 5.736722 3346.859199 3840
482.961331 5.295011 3626.055008 3840
487.452415 4.441084 4323.268366 3840
492.465825 5.013410 3829.728554 3840
497.300511 4.834686 3971.302524 3840
502.872466 5.571955 3445.828067 3840
508.702216 5.829750 3293.451666 3840
513.897809 5.145592 3731.348967 3840
519.240572 5.292763 3627.594651 3840
524.477053 5.186481 3701.932107 3840
529.276554 4.749502 4042.529467 3840
534.107320 4.830766 3974.525103 3840
539.315057 5.207737 3686.822304 3840
545.211293 5.896236 3256.314531 3840
551.110812 5.849519 3282.321386 3840
555.936943 4.776131 4019.990049 3840
561.475759 5.538816 3466.445028 3840
566.830167 5.304408 3619.630950 3840
571.700327 4.820161 3983.269826 3840
576.523444 4.823117 3980.828230 3840
581.590268 5.066824 3789.356111 3840
587.373975 5.783706 3319.670568 3840
593.264723 5.840749 3287.249814 3840
599.187271 5.872547 3269.450071 3840
605.069863 5.832592 3291.846918 3840
610.563388 5.443525 3527.125956 3840
615.672683 5.059295 3794.995146 3840
620.907387 5.184704 3703.200973 3584
626.227813 5.270426 3400.104393 3584
631.778564 5.500751 3257.736958 3584
637.245154 5.416589 3308.354970 3584
642.586112 5.290959 3386.909898 3584
647.118379 4.482267 3997.976966 3584
651.076184 3.957805 4527.762777 3584
656.036204 4.960020 3612.888711 3584
660.521911 4.485708 3994.910309 3584
665.645162 5.123251 3497.779334 3584
670.943507 5.298345 3382.187976 3584
676.299882 5.356375 3345.546302 3584
681.736438 5.436556 3296.204222 3584
687.106988 5.370550 3336.715951 3584
692.032096 4.925107 3638.499362 3584
695.983129 3.951033 4535.522241 3584
701.093810 5.110681 3506.382262 3328
706.002656 4.908846 3389.798656 3328
710.763389 4.760733 3495.260120 3328
714.422978 3.659589 4546.958659 3584
719.231837 4.808859 3726.455939 3584
724.558313 5.326476 3364.325369 3584
728.607507 4.049194 4425.572206 3584
733.251413 4.643906 3858.820357 3584
738.527336 5.275923 3396.562099 3584
743.563834 5.036498 3558.027922 3584
747.763935 4.200101 4266.564100 3584
752.150423 4.386488 4085.272676 3584
757.020200 4.869777 3679.839892 3584
762.357040 5.336840 3357.792188 3584
767.765989 5.408949 3313.028282 3584
773.085243 5.319254 3368.893683 3584
777.689571 4.604328 3891.990229 3584
782.471015 4.781444 3747.821417 3584
787.766015 5.295000 3384.325153 3584
793.110901 5.344886 3352.737301 3584
797.525006 4.414105 4059.712932 3584
801.796388 4.271382 4195.363541 3584
806.721053 4.924664 3638.826807 3584
811.156145 4.435093 4040.501702 3584
816.329889 5.173744 3463.642781 3584
821.696908 5.367019 3338.911012 3584
827.092318 5.395410 3321.341642 3584
831.968073 4.875755 3675.328178 3584
835.940854 3.972781 4510.694682 3584
841.048667 5.107813 3508.350692 3584
846.100371 5.051704 3547.317818 3584
849.907290 3.806918 4707.219574 3584
854.757025 4.849735 3695.047109 3584
859.966530 5.209505 3439.866242 3584
864.786394 4.819865 3717.946554 3584
870.025873 5.239478 3420.187952 3584
875.342205 5.316332 3370.744965 3584
880.545127 5.202922 3444.218363 3584
884.597558 4.052431 4422.036660 3584
889.372271 4.774713 3753.105321 3584
894.700650 5.328379 3363.123976 3584
899.168242 4.467592 4011.109408 3584
903.783330 4.615087 3882.916750 3584
908.817858 5.034529 3559.419700 3584
913.401709 4.583851 3909.376922 3584
918.183083 4.781374 3747.876558 3584
922.437973 4.254890 4211.624752 3584
927.211930 4.575818 3916.239954 3584
931.986496 4.350384 4119.176795 3584
937.130824 4.494712 3986.907363 3584
942.797489 5.161377 3471.941955 3584
947.109163 4.311674 4156.158013 3584
952.259755 4.623642 3875.732283 3584
957.231376 4.595264 3899.667239 3584
963.083635 5.447523 3289.568657 3584
966.972140 3.888505 4608.454366 3584
972.378125 4.742013 3778.986080 3584
977.811495 5.175383 3462.545973 3584
981.622910 3.811415 4701.665541 3584
985.854920 3.218808 5567.278472 3584
990.903074 3.266961 5485.219402 3584
995.948545 3.312433 5409.920436 3584
1000.917103 3.280991 5461.764868 3584
1005.952862 3.316750 5402.879984 3584
