# AndroidClient mimuroto
1.005263 0.128000  1.089551 0.128000 
1.139551 5.120000  2.603494 5.120000 
2.603494 5.120000  4.076193 5.120000 
4.076193 5.120000  5.553812 5.120000 
6.139551 5.120000  7.622474 5.120000 
11.139551 5.120000  12.621851 5.120000 
16.139551 5.120000  17.620338 5.120000 
21.139551 5.120000  22.611715 5.120000 
26.139551 5.120000  27.611842 5.120000 
31.139551 5.120000  32.790136 5.120000 
36.139551 5.120000  38.283030 5.120000 
41.139551 5.120000  42.675652 5.120000 
46.139551 5.120000  47.693873 5.120000 
51.139551 5.120000  52.665791 5.120000 
56.139551 5.120000  57.692989 5.120000 
61.139551 5.120000  62.692439 5.120000 
66.139551 5.120000  69.974135 5.120000 
71.139551 5.120000  73.308775 5.120000 
76.139551 5.120000  78.345087 5.120000 
81.139551 5.120000  83.293076 5.120000 
86.139551 5.120000  88.313722 5.120000 
91.139551 5.120000  93.283161 5.120000 
96.139551 5.120000  101.445990 5.120000 
101.445990 5.120000  107.214614 5.120000 
107.214614 5.120000  113.066942 5.120000 
113.066942 5.120000  118.790273 5.120000 
118.790273 5.120000  124.645061 5.120000 
124.645061 5.120000  130.982250 5.120000 
130.982250 5.120000  137.476127 5.120000 
137.476127 5.120000  143.794109 5.120000 
143.794109 5.120000  150.139109 5.120000 
150.139109 5.120000  156.380267 5.120000 
156.430267 5.120000  163.240626 5.120000 
163.290626 5.120000  170.963789 5.120000 
171.013789 5.120000  178.788937 5.120000 
178.838937 5.120000  186.577557 5.120000 
186.627557 5.120000  194.379500 5.120000 
194.429500 5.120000  201.999804 5.120000 
202.049804 5.120000  209.249275 5.120000 
209.299275 5.120000  216.897702 5.120000 
216.947702 5.120000  224.245758 5.120000 
224.295758 5.120000  231.258654 5.120000 
231.308654 5.120000  237.977734 5.120000 
238.027734 5.120000  245.690087 5.120000 
245.740087 5.120000  253.276093 5.120000 
253.326093 5.120000  261.122397 5.120000 
261.172397 5.120000  267.872117 5.120000 
267.922117 5.120000  275.197233 5.120000 
275.247233 5.120000  282.334111 5.120000 
282.384111 5.120000  290.008261 5.120000 
290.058261 5.120000  297.596660 5.120000 
297.646660 5.120000  304.989958 5.120000 
305.039958 5.120000  311.852985 5.120000 
311.902985 5.120000  318.948151 5.120000 
318.998151 5.120000  326.646601 5.120000 
326.696601 5.120000  334.252883 5.120000 
334.302883 5.120000  340.978706 5.120000 
341.028706 4.864000  346.794452 4.864000 
346.844452 4.864000  353.453143 4.864000 
353.503143 4.864000  360.851811 4.864000 
360.901811 4.864000  368.086507 4.864000 
368.136507 4.864000  375.273433 4.864000 
375.323433 4.864000  380.837300 4.864000 
380.887300 4.864000  387.745684 4.864000 
387.795684 4.864000  393.950294 4.864000 
394.000294 4.864000  400.842969 4.864000 
400.892969 4.608000  407.699821 4.608000 
407.749821 4.608000  413.375822 4.608000 
413.425822 4.608000  419.398877 4.608000 
419.448877 4.608000  426.337483 4.608000 
426.387483 4.608000  432.408990 4.608000 
432.458990 4.608000  438.052268 4.608000 
438.102268 4.608000  444.821170 4.608000 
444.871170 4.608000  451.346196 4.608000 
451.396196 4.608000  456.638098 4.608000 
456.688098 4.608000  462.830793 4.608000 
462.880793 4.608000  469.479791 4.608000 
469.529791 4.608000  476.451912 4.608000 
476.501912 4.608000  482.854770 4.608000 
482.904770 4.608000  488.049183 4.608000 
488.099183 4.608000  493.917696 4.608000 
493.967696 4.608000  500.309836 4.608000 
500.359836 4.352000  506.809941 4.352000 
506.859941 4.352000  512.867551 4.352000 
512.917551 4.352000  518.632052 4.352000 
518.682052 4.352000  524.420767 4.352000 
524.470767 4.352000  529.741221 4.352000 
529.791221 4.352000  535.155080 4.352000 
535.205080 4.352000  541.291139 4.352000 
541.341139 4.352000  547.750625 4.352000 
547.800625 4.352000  553.682445 4.352000 
553.732445 4.352000  559.617064 4.352000 
559.667064 4.352000  565.721075 4.352000 
565.771075 4.352000  571.331054 4.352000 
571.381054 4.352000  576.631011 4.352000 
576.681011 4.352000  582.438163 4.352000 
582.488163 4.352000  588.921947 4.352000 
588.971947 4.352000  595.568751 4.352000 
595.618751 4.352000  602.030850 4.352000 
602.080850 4.352000  608.302498 4.352000 
608.352498 4.352000  614.039294 4.352000 
614.089294 4.352000  619.982592 4.352000 
620.032592 4.096000  625.944197 4.096000 
625.994197 4.096000  632.141925 4.096000 
632.191925 4.096000  638.319012 4.096000 
638.369012 4.096000  644.563484 4.096000 
644.613484 4.096000  648.974328 4.096000 
648.974328 4.096000  654.387605 4.096000 
654.387605 3.840000  659.141552 3.840000 
659.141552 3.840000  664.503115 3.840000 
664.503115 3.840000  670.292304 3.840000 
670.342304 3.840000  676.140897 3.840000 
676.190897 3.840000  681.963647 3.840000 
682.013647 3.840000  687.724280 3.840000 
687.774280 3.840000  692.653361 3.840000 
692.653361 3.584000  696.937338 3.584000 
696.937338 3.584000  702.253960 3.584000 
702.253960 3.584000  707.541273 3.584000 
707.541273 3.584000  712.269835 3.584000 
712.269835 3.584000  716.330973 3.584000 
716.330973 3.584000  721.541387 3.584000 
721.541387 3.584000  726.592211 3.584000 
726.592211 3.584000  730.577073 3.584000 
730.577073 3.584000  735.606479 3.584000 
735.606479 3.584000  740.974417 3.584000 
740.974417 3.584000  745.537104 3.584000 
745.537104 3.584000  749.737849 3.584000 
749.737849 3.584000  754.220905 3.584000 
754.220905 3.584000  759.292394 3.584000 
759.292394 3.584000  764.674528 3.584000 
764.674528 3.584000  770.023460 3.584000 
770.023460 3.584000  775.286172 3.584000 
775.286172 3.584000  779.745706 3.584000 
779.745706 3.584000  784.733691 3.584000 
784.733691 3.584000  790.116867 3.584000 
790.116867 3.584000  795.351105 3.584000 
795.351105 3.584000  799.255502 3.584000 
799.255502 3.584000  804.058136 3.584000 
804.058136 3.584000  808.478564 3.584000 
808.478564 3.584000  813.324206 3.584000 
813.324206 3.584000  818.670276 3.584000 
818.670276 3.584000  824.071892 3.584000 
824.071892 3.584000  829.459569 3.584000 
829.459569 3.584000  833.533563 3.584000 
833.533563 3.584000  838.127095 3.584000 
838.127095 3.584000  843.386424 3.584000 
843.386424 3.584000  847.634868 3.584000 
847.634868 3.584000  851.917706 3.584000 
851.917706 3.584000  857.191422 3.584000 
857.191422 3.584000  862.062665 3.584000 
862.062665 3.584000  867.120023 3.584000 
867.120023 3.584000  872.366697 3.584000 
872.366697 3.584000  877.759360 3.584000 
877.759360 3.584000  882.398109 3.584000 
882.398109 3.584000  886.540016 3.584000 
886.540016 3.584000  891.797433 3.584000 
891.797433 3.584000  896.754457 3.584000 
896.754457 3.584000  901.266763 3.584000 
901.266763 3.584000  905.916601 3.584000 
905.916601 3.584000  910.953470 3.584000 
910.953470 3.584000  915.480044 3.584000 
915.480044 3.584000  920.083156 3.584000 
920.083156 3.584000  923.686011 3.584000 
923.686011 3.584000  926.424490 3.584000 
927.774280 3.584000  932.114747 3.584000 
932.774280 3.584000  937.352187 3.584000 
937.774280 3.584000  943.200602 3.584000 
943.200602 3.584000  947.451230 3.584000 
947.774280 3.584000  952.357347 3.584000 
952.774280 3.584000  957.448544 3.584000 
957.774280 3.584000  963.285327 3.584000 
963.285327 3.584000  967.164320 3.584000 
967.774280 3.584000  972.451709 3.584000 
972.774280 3.584000  978.216797 3.584000 
978.216797 3.584000  981.795233 3.584000 
982.774280 3.584000  986.130928 3.584000 
987.774280 3.584000  991.116342 3.584000 
992.774280 3.584000  996.129262 3.584000 
997.774280 3.584000  1001.136501 3.584000 
1002.774280 3.584000  1006.135954 3.584000 
