126.163385 17147.801007 0.000000
127.183639 19158.336762 17147.801007
128.234632 18804.573117 21168.872517
129.283939 18990.155234 21406.183722
130.361596 19071.300388 21013.623261
131.403638 18680.535856 20372.334889
132.403770 19206.883411 19433.358679
133.472070 18509.163227 19170.425535
134.598107 18833.554427 18524.783293
136.820322 17777.227081 18441.350556
137.831676 18888.017921 17705.439646
138.854686 18657.650613 18188.524179
139.916614 18885.376192 18432.164401
140.919755 18607.093496 18781.150248
141.980792 18146.052236 18772.987637
143.019822 19876.387706 18381.651850
144.085579 18791.300958 19424.835656
145.113246 18348.987421 19245.500511
146.241620 19092.584761 18710.547897
147.319011 20463.065157 18910.379476
148.337481 19010.152359 20083.706883
149.359620 20305.999651 19675.525557
150.389971 19159.215889 20276.977064
151.819052 17653.858327 19724.870643
152.898686 19483.539699 18178.385572
153.907144 19614.244249 18646.272254
155.015031 18684.604205 19187.560869
156.824375 18537.478885 18867.645989
157.829853 20033.198232 18551.584113
158.893510 18917.145520 19511.816378
159.911435 18313.382069 19285.238440
160.913811 18985.773026 18627.103653
162.034997 19316.654408 18723.899081
163.108481 19066.366931 19085.926318
164.133201 18102.741863 19136.906351
165.140838 18778.888995 18422.042711
166.342638 19448.472249 18491.896029
167.489778 20721.548014 19100.758370
168.511407 17997.018127 20446.924834
169.546132 19804.832149 19145.266446
170.613694 17516.379154 19563.235688
171.639017 19417.460428 18116.279679
172.753898 19012.547139 18668.637498
173.793957 18552.261443 18828.337174
174.902026 18703.535105 18609.025230
176.863151 20340.502490 18598.633559
177.906843 20822.956983 19847.388648
179.061881 19836.676817 20956.885523
180.066041 18152.748974 20738.441701
181.122641 19904.313594 19140.832686
182.215720 20216.787769 19408.680717
183.292671 19034.563414 19900.868582
184.425703 19035.751092 19339.274045
186.859016 20610.963038 18983.189878
187.861807 19064.940557 19999.697057
188.959454 19256.958302 19501.250281
190.088513 19004.500928 19286.962771
191.208168 18955.291272 18982.974868
192.300342 19534.107073 18799.455189
193.373764 18670.915763 19180.766221
194.391563 19348.183265 18812.363468
196.864809 19303.779250 19100.750792
197.894089 19985.050353 19273.499560
199.003900 18813.069403 19878.397194
200.116760 19886.763590 19328.523589
201.239685 18680.206198 19729.993880
202.340729 18608.009520 19065.003409
203.492514 19474.688834 18582.161362
206.865097 18849.351706 18997.211864
207.927336 19966.357176 18855.103511
209.088755 19053.934288 19620.365486
210.256045 19004.336167 19405.177230
211.305675 18307.281619 19172.573776
212.450184 19729.370658 18491.421735
213.613155 18814.336423 19171.377466
214.656663 19691.229372 18964.577953
215.699555 18054.052683 19481.287526
216.830759 19068.800530 18564.245257
217.974677 19501.339808 18739.236864
219.037452 18307.157729 19233.528043
220.155410 19763.238833 18651.990014
221.863215 19448.794637 19367.073756
222.950821 18693.034324 19587.823749
224.002637 18002.424219 19096.621233
225.003599 19072.251152 18232.165669
226.851631 19587.092568 18544.872724
227.863948 19486.433445 19219.201921
228.939426 18497.725432 19572.844839
229.941726 18726.684643 18986.532440
231.841826 19024.642843 18742.893896
232.842335 18903.336510 18840.490961
233.960873 19308.406081 18844.347714
234.961982 18991.166518 19164.825468
236.849326 18374.413350 19123.029826
237.980366 18837.355728 18606.601302
239.085332 18639.925448 18637.546835
240.144682 19575.129765 18554.899115
241.863456 19094.580700 19236.235076
242.894618 17879.552791 19301.214930
243.895075 17762.088534 18370.775368
244.935472 17647.920690 17694.651749
246.040512 19054.572011 17287.823253
247.065892 21635.259551 18229.421856
248.218191 18385.925940 20842.024350
249.254421 19014.678759 19909.634189
250.383402 18862.963955 19534.076661
251.856612 18572.502070 19102.662319
252.974851 17522.851611 18609.184142
254.131675 18919.179702 17566.036692
255.239794 18959.294625 18080.912765
256.863097 18762.857356 18578.003728
257.874833 19491.724062 18774.543982
258.942806 18820.953358 19416.542482
260.073192 18910.077540 19253.259099
261.838907 19620.806044 19130.384108
262.853933 20070.737564 19546.916349
263.964138 18680.989495 20111.103533
265.003456 19626.909177 19340.794581
266.843790 18790.673231 19500.128595
267.871667 19197.932119 18984.313787
268.936911 18212.971600 18983.440411
270.022955 20059.197631 18297.906260
271.849700 20141.300913 19318.575043
272.850424 19002.889351 20075.642544
273.924050 19411.605080 19616.782214
274.981392 18381.946243 19540.415630
276.861063 18812.882439 18697.785573
277.920781 17704.409402 18520.712859
279.082291 19782.992165 17673.864119
280.125514 19077.840694 18817.013142
281.853281 19122.722877 19101.218806
282.906242 17647.235299 19271.138747
283.990296 18075.855745 18212.379067
285.027293 19602.381760 17863.178619
286.865165 19735.206382 18886.642188
287.907260 18511.044691 19676.927332
288.968339 17727.166462 19168.518398
290.013900 18662.398858 18162.036832
291.863038 18700.397776 18251.502754
292.964747 17035.871643 18427.458930
293.965057 19123.808603 17335.277129
295.070440 17270.640474 18280.287578
296.863854 17914.555271 17573.796961
297.936809 18570.036547 17627.698629
299.032702 18665.981220 18217.974581
300.069008 18764.095765 18673.086553
301.831140 19807.325086 18972.452114
302.939779 20156.561316 19852.467799
303.954811 18690.888856 20543.117135
304.966304 19767.178963 19692.548503
306.847624 18485.848077 19824.066856
307.900070 20117.463565 18914.605895
308.966980 19567.607131 19576.397575
310.004364 19010.027214 19630.167587
311.818383 18480.032623 19223.227542
312.951878 18623.040371 18568.961493
313.953637 18523.581658 18326.852063
315.125452 19706.743328 18205.250389
316.811902 17966.758268 19111.403622
317.840459 18787.819098 18408.326371
318.841006 17970.811673 18562.191341
319.842059 19661.758714 18082.775197
320.943246 19917.455301 19083.286525
322.064559 19472.721786 19919.932676
323.149735 18781.053470 20004.086272
324.254889 17602.258462 19394.570711
325.362570 19255.226244 18052.337364
326.820489 17936.172242 18508.426802
327.821767 19358.239690 17933.880879
328.873800 19073.499073 18713.731345
329.918253 18765.370780 19051.228201
330.983462 18472.719114 18994.448128
332.068902 17252.818810 18689.300005
333.069323 17401.697957 17567.655492
334.097192 19595.031797 17039.783426
335.207650 19182.995437 18511.326406
336.861657 19259.805628 19208.996973
338.019392 18160.944877 19608.939516
339.022379 19645.543550 18897.481752
340.026123 19514.418423 19471.067657
341.785809 19948.314089 19703.135737
342.809132 18971.184565 20097.412198
343.827473 19692.635499 19524.428758
344.882965 18779.180888 19640.714191
346.762083 19014.646409 19026.746275
347.799451 18966.382851 18834.470112
348.799882 19115.276291 18747.178436
349.825010 17948.797480 18870.003781
351.851778 17421.318414 18117.875473
352.873680 18825.123330 17303.932521
354.045124 18107.726469 17979.161206
355.077746 17817.795493 17990.218434
356.859249 18241.463011 17807.675824
357.925329 19733.752620 18036.685075
358.944471 18259.405634 19321.601391
360.073889 18401.741968 18961.337117
361.863175 18945.767179 18712.474359
362.884647 19689.917723 18918.378791
363.944835 19535.103201 19586.291012
365.007072 19868.088531 19830.042909
366.149883 18821.473208 20127.922928
367.233748 19548.161760 19426.942846
368.375528 18044.841218 19470.101810
369.471444 19836.077822 18383.705873
370.521902 19906.748538 19099.219194
371.863094 18428.009321 19694.193548
372.937263 17031.812035 18935.765060
373.989251 19721.274615 17382.463917
375.123536 19237.400312 18535.247310
376.794477 19485.423282 19045.240105
377.796361 18929.887061 19534.293782
378.849118 17901.531433 19349.950830
381.829366 18871.820884 18381.496691
382.996775 17828.541068 18504.995395
384.029620 18355.267394 17875.991258
385.035823 18968.802731 17944.671386
386.862558 18729.112676 18541.811954
387.885719 18967.803635 18767.362392
388.930152 18397.153731 19049.593401
389.931000 17993.530773 18742.274036
390.954158 18218.260761 18199.617059
392.087480 20560.934480 18045.314490
393.119754 17675.369272 19768.405062
394.135138 18969.239230 18663.908797
395.154048 18717.728374 18834.928252
396.835049 18623.618294 18765.382581
397.873142 18003.171315 18648.113634
398.947369 18370.149161 18118.020091
399.999871 19512.821195 18099.494510
401.016996 18503.245172 19014.899408
402.070994 21746.286617 18839.900286
403.230409 18366.770076 21100.518030
404.230624 17241.523291 19857.631643
405.255959 19862.498094 18019.537969
406.858236 17995.149815 18871.718565
407.949452 19875.057279 18144.992535
409.043392 19615.455983 19154.099439
410.076896 18529.790421 19644.191379
411.830731 20181.663125 19067.804328
412.863120 18756.086133 19884.011854
413.891994 18803.130187 19297.345690
414.971362 18246.868837 18903.980760
416.843278 14836.187789 18264.889639
417.843387 18743.887376 15382.828092
418.844371 19097.478150 16735.911933
419.952009 18892.498900 18179.640795
421.093859 17879.310078 18977.230127
422.278522 20786.439917 18594.950370
423.468300 19190.789986 20405.247797
424.570129 18111.297330 20208.957093
425.763982 18393.197801 19046.650472
426.864351 19308.184627 18443.084229
427.973502 18539.503303 18815.069620
429.079362 18736.596570 18547.830075
430.214981 19060.390757 18559.948559
431.840624 18444.884710 18853.015444
432.876925 19281.689158 18589.763180
434.002427 18984.349942 19049.520766
436.839704 18152.604826 19114.437245
437.841236 18633.995756 18490.564822
439.004641 19771.656015 18455.181809
440.138977 18726.080155 19335.438983
441.862786 19180.277221 19100.439933
442.879572 18723.533551 19229.998263
443.880113 18479.074549 18939.789415
444.997150 17799.869633 18557.276774
446.063415 18512.899698 17837.066209
447.073462 16904.865965 18002.434332
448.231366 20178.948846 17006.709435
449.295967 18800.294586 18938.948280
450.408173 17882.194249 19181.077149
451.832469 18748.875288 18518.370690
452.852873 18513.915836 18677.984129
453.966783 18783.435761 18599.294050
455.056454 19486.258971 18740.744401
456.797498 35865.562593 19349.259823
457.797631 19120.592884 31972.245038
458.803856 19203.643942 26698.339752
459.951163 19175.617755 22229.238686
461.837453 18566.426519 19217.269826
462.969447 18209.225232 17243.978952
463.980708 20004.386851 16320.044441
465.027766 18499.888000 17676.743598
466.850815 19595.647621 17808.629851
467.890973 16814.160389 18869.207231
468.984514 18578.511273 17494.990594
470.045269 19148.920448 17960.937888
471.142663 17963.741721 18776.111762
472.190283 21399.211320 18388.016826
473.191144 19487.738534 20664.502780
474.298207 18349.349442 20552.818303
475.345782 18897.356314 19376.914303
476.864409 18809.212015 18943.076242
477.966532 18028.708165 18648.619006
479.060712 19408.269907 17956.160752
480.075008 18649.061180 18662.739785
481.204436 19820.871803 18633.005287
482.326205 16869.226280 19501.009978
483.408509 19928.560354 17801.243638
484.478170 18232.187779 19012.856684
486.822733 19019.459726 18575.309693
487.823174 19593.998922 18861.209679
488.868416 17938.412187 19474.626581
489.912810 18890.431898 18569.488066
491.812060 18628.836503 18673.164622
492.828791 19534.987946 18583.123172
493.850590 18974.313926 19229.144363
494.871784 18932.505198 19208.110339
496.846847 18654.117844 19107.787677
497.998662 18370.966864 18805.015212
499.000898 19545.646387 18403.541402
500.034890 17851.286070 19075.670505
501.129681 18714.665375 18258.458789
502.272100 15509.403304 18395.594230
503.382299 18736.828142 16139.983184
504.476002 19379.328843 17275.101319
505.600153 19283.865989 18689.967618
506.820639 19673.607922 19498.143934
507.930029 19183.783519 20140.969055
508.932110 16701.440317 19978.173030
510.040424 17029.418153 17836.420239
511.152793 17622.925262 16727.782240
512.207280 16505.497266 16694.002550
513.317830 19741.426290 16071.272386
514.375635 19050.821309 18295.410292
515.574969 18175.309240 19251.029509
516.844789 21986.264556 19022.153015
517.848016 20224.947196 21554.220312
518.947315 19506.189818 21607.277001
520.000512 19294.076653 20749.154861
521.081872 19177.646556 19850.267656
522.203087 16938.053650 19174.453730
523.262356 18492.650432 17157.650294
524.367303 18378.964363 17260.297002
526.822809 18683.313191 17534.444161
527.915659 19507.479812 18110.909412
529.000561 19570.343832 19160.367949
530.120760 19385.000321 19819.023197
531.848996 18224.979939 19947.173347
532.849368 18684.139097 19000.689879
533.879335 17658.750731 18677.890029
534.973937 18934.211221 17749.011096
536.847046 18663.789006 18218.601906
537.847110 18868.776702 18429.482978
538.854887 18972.703788 18747.240793
540.017017 19926.904998 19014.448992
541.146735 18840.072187 19853.267699
542.252134 21187.434044 19475.961769
543.252969 17850.785151 20888.857801
544.353402 18568.817902 19167.463208
545.390029 17323.407176 18516.120960
546.860422 19162.864233 17269.566027
547.921769 18579.888488 18039.341641
549.021757 17933.032437 18267.878287
550.134696 18646.630768 17975.007122
551.149371 18622.295899 18353.276617
552.165973 21062.068221 18597.498750
553.173665 18820.859473 20555.638345
554.185981 18926.277283 19980.409051
555.321986 18725.056135 19481.970366
556.846197 27261.014436 18942.911893
557.855284 17585.649848 25020.887442
558.856078 18086.512327 21363.383524
560.027278 18565.949508 18965.845005
561.098446 18317.244994 17906.820462
562.193408 20256.299566 17355.562067
563.245861 18510.210593 18774.644529
564.246291 17708.037090 18545.032791
565.246572 19364.056504 17819.891244
566.817990 19268.806410 18671.371494
567.860076 18231.554803 19198.845300
568.979218 19170.851052 18702.133776
570.006871 18958.979515 19040.605457
571.784435 19458.575391 19083.499044
572.804841 19478.873236 19448.512862
573.817735 17354.349740 19648.758787
574.957720 18748.695695 18113.017740
576.800793 19823.244906 18201.239682
577.946417 19585.313763 19188.126565
579.087977 19825.756949 19661.901234
580.089722 18552.900171 20059.974091
581.858545 18554.327499 19245.813650
583.018833 18281.023575 18666.575556
584.039559 19553.901208 18143.916552
585.120673 19414.049770 18871.522030
586.231019 18132.848567 19301.030985
587.254899 20561.354142 18583.139257
588.293389 17833.177760 19932.999902
589.480387 18828.137025 18718.886498
590.596033 19373.116234 18636.622060
591.862170 19836.517947 19052.102989
592.933585 19686.391390 19687.648050
594.008470 19148.676833 19930.043137
595.135202 18617.137671 19587.041826
596.165444 19532.633653 18907.295550
597.279320 20746.313457 19181.504929
598.430650 18361.814726 20316.651653
599.467636 18062.100429 19203.266417
600.574709 18470.866314 18211.425154
601.859417 19418.276951 17984.747755
602.900054 19987.500138 18703.496673
603.984876 17627.242972 19668.483591
605.069015 19812.462930 18460.538313
606.205991 18388.118329 19287.156807
607.283921 16383.321925 18763.534134
608.286597 18435.264841 16904.271543
609.438269 18639.617552 17383.360030
610.439083 18832.563703 18039.145010
611.811085 18240.751470 18661.865248
612.812210 17896.873430 18572.040806
613.920450 17315.922274 18186.397722
614.943335 18234.588819 17485.481739
616.858688 18102.965644 17781.633790
617.906983 18830.707312 17944.231192
619.036343 19002.656092 18611.019757
620.106000 18970.822105 19128.297513
621.854309 18225.217476 19331.650546
623.036563 17811.014636 18783.916480
624.109927 19060.860077 18059.722566
625.130496 19074.362002 18572.832708
626.188252 20135.097282 18961.521065
627.284759 19717.844842 19979.626937
628.477123 19175.124141 20214.608130
629.586386 18648.651882 19800.867379
630.640704 18250.850017 19042.707000
631.819968 18887.865312 18266.761632
632.891628 18729.686281 18352.572515
633.947443 17734.502614 18410.666883
635.063282 18626.631100 17773.081166
636.865870 18408.056135 18113.740034
637.971040 18160.546630 18248.361011
638.971769 19283.921897 18169.963152
639.975649 18873.377355 18970.941542
641.864788 18237.207873 19141.767419
642.922579 18735.733404 18682.955731
644.024552 18554.135906 18716.007070
645.083872 19025.944627 18601.266200
646.758645 17501.185517 18885.969732
647.832546 17639.997712 17919.745890
648.834025 19171.692543 17436.103021
651.848107 18731.491607 18394.026383
652.848523 19485.528771 18737.253902
653.879200 19060.820072 19472.954961
654.971669 19182.758242 19525.417418
656.835710 18340.452441 19526.952938
657.850710 18770.372767 18809.942673
658.941313 18858.702905 18656.505227
660.051713 19473.716641 18674.500993
661.842903 15224.262985 19190.809655
662.924659 18367.859316 16332.600491
663.994751 19927.070522 16984.108781
665.010873 19037.427480 18825.208964
666.863263 19216.231141 19353.992163
667.863619 17378.995094 19673.345338
668.916076 17952.478298 18340.816341
670.036745 19100.100912 17864.208934
671.860136 19430.077641 18508.689532
672.881378 18790.093394 19226.265223
673.895634 18030.630271 19156.017987
675.003298 18768.186870 18459.815879
676.068371 19627.385965 18557.585873
677.068637 17557.947246 19303.520440
678.259805 17816.840964 18205.375065
679.355406 19138.871523 17688.615712
680.390492 17957.873385 18453.815267
681.803523 17132.283355 18121.930506
682.915302 19208.757385 17295.781322
684.015679 19052.140584 18399.187761
685.031172 18679.339926 19035.820785
686.197624 18984.642420 19078.616754
687.210911 16371.286686 19229.172401
688.299159 19047.448462 17283.300929
689.382391 19600.481780 18089.482964
690.483875 19214.617066 19146.840345
691.836748 19929.354395 19499.530859
692.865803 18856.987135 20140.700664
693.866186 19222.942146 19604.173554
696.827536 18347.195816 19423.579652
697.979793 18047.169299 18626.313578
699.002712 19470.571128 17932.881212
700.010529 17608.675261 18682.288423
701.864292 19613.689910 17857.640804
702.993105 18572.883838 18886.836596
704.041437 18151.552923 18802.543266
705.047700 18719.930755 18386.983558
706.865466 18356.585964 18546.629419
708.015773 17320.929503 18397.269091
709.064947 18666.414875 17535.675799
710.208781 18076.769210 18060.306608
711.835480 18555.239455 18031.914830
712.930117 19305.707388 18387.785221
714.066190 19491.735006 19170.434924
716.841036 18976.448353 19735.098606
717.841324 17740.745520 19570.124556
718.862907 19686.754290 18412.441356
719.865817 19154.389907 19125.182375
720.929498 18367.824375 19222.672575
722.079528 19255.408800 18664.422860
723.095465 18285.158785 18976.836699
724.097258 17724.251440 18474.999133
725.191623 18404.445645 17755.939754
726.837793 19330.015041 17898.633640
727.838805 18545.275720 18790.610631
728.873910 18679.188475 18782.895738
729.945614 18825.883587 18820.067854
731.842545 18421.816360 18913.455401
732.845503 17691.137032 18635.205801
733.997540 18054.645618 17894.724145
735.015101 18480.080514 17746.217978
736.079563 18211.349054 18068.147977
737.262583 18137.610835 18130.547515
738.262838 20031.914545 18126.644005
739.292673 18425.118054 19548.161740
740.332383 19575.413972 19174.761440
741.863907 18933.113311 19663.372383
743.026659 18397.927714 19403.962755
744.144942 17948.196760 18755.156383
745.146562 18537.339105 18004.147814
746.801103 18701.744415 18056.512524
747.896684 17760.742953 18326.205507
748.901297 18409.737841 17849.185629
750.007682 19655.507065 18075.311187
751.783131 16842.605174 19206.307548
752.843721 18839.443314 17774.429189
754.007856 19003.055595 18323.162611
755.078107 19232.960973 18849.308708
756.857624 20288.174230 19323.247513
758.008971 18135.089825 20329.055222
759.010079 18021.494696 19206.925525
760.035764 19025.851899 18292.705405
761.865451 18277.027913 18521.060570
762.884035 19278.341378 18199.817995
763.891503 18591.524915 18809.484286
764.907883 17725.328614 18716.419357
765.952291 19141.144582 17989.016056
767.067858 19816.933689 18621.254521
768.219204 18652.078410 19574.188099
769.246851 18908.355640 19237.699826
770.251872 18855.458766 19115.258258
771.859954 19369.470401 18962.639164
772.871341 19090.668171 19245.043244
773.872817 19022.835768 19208.250401
774.872975 18707.585311 19109.584119
775.932782 19620.958324 18802.126048
776.965450 18671.411437 19309.791588
778.081726 18832.396066 18929.255876
779.192584 19575.050226 18795.265382
780.286491 18487.579791 19294.543427
781.837689 23096.857721 18798.706322
782.898432 19205.016672 21929.964585
783.933623 19251.257762 20868.436213
784.953377 18617.771962 19956.497960
786.028020 19178.736811 18849.104434
787.074093 18348.367802 18658.298190
788.197902 19317.829024 18070.227966
789.303082 16942.772715 18572.823729
790.303152 18429.891357 17229.080703
791.869615 19542.955090 17600.971175
793.042091 17871.402931 18828.944256
794.046585 18350.122536 18367.769385
795.185009 19085.515328 18372.130041
796.797401 18284.576354 18920.353086
797.806288 16675.036567 18635.050939
798.912900 18295.821198 17197.626379
801.801865 19281.179841 17563.855119
802.802962 19450.880222 18668.979991
803.804072 19002.925067 19501.867675
804.898269 18036.861154 19569.598288
806.781291 18999.322815 18737.247354
807.792934 19454.950761 18867.821583
808.795847 19027.730839 19307.704965
809.899369 18776.346392 19244.043163
811.849666 19467.698780 18969.595846
812.955091 17605.709045 19302.574115
813.977946 19779.110561 18113.852115
815.024668 19287.482913 19022.506484
816.082185 17681.534001 19297.263952
817.274254 20000.837154 18227.735742
818.463336 17961.270222 19295.898566
819.494238 18976.778948 18476.539427
820.533830 19447.656539 18699.674100
821.821572 18925.639503 19233.675842
822.833124 18299.386636 19162.659110
823.888429 18045.048606 18598.206192
824.917279 19001.797928 18050.521322
825.995446 19019.661872 18492.872699
827.049969 17813.371467 18854.677653
828.179501 18125.534236 18172.108380
829.268903 19101.128816 17975.261593
830.326871 17774.535091 18646.102295
831.802505 19830.886473 18100.333982
832.896688 18680.688426 19288.263640
833.979336 18648.264602 19155.235641
836.845126 19525.814281 18945.766970
837.846320 18756.039361 19424.819302
838.997219 19120.274324 19112.263022
840.024627 18709.347661 19140.105189
841.082263 19119.533642 18840.873559
842.259638 19670.482783 18966.015755
843.401866 19128.405408 19480.178181
844.464942 19087.323904 19378.277513
845.569584 19502.911284 19234.048025
846.796366 18023.391185 19436.942786
847.804428 18970.205236 18445.242216
848.904199 17802.952493 18554.039712
851.827977 18694.783654 17837.040284
853.000460 17899.140232 18138.891993
854.024619 19393.896181 17832.058196
855.121448 18567.971159 18816.478768
856.861627 18577.703833 18833.599642
858.001722 18455.913263 18783.052463
859.023739 18695.798777 18615.098789
860.095163 19879.109259 18671.239706
861.841438 17799.813652 19592.932794
862.844542 18756.778466 18565.851748
864.003832 18069.624256 18578.525312
865.004327 18302.862392 18114.059725
866.861506 18797.571799 18045.646667
867.918059 17736.243137 18446.776124
868.952567 19064.705089 17939.043275
870.025318 18175.107326 18630.823280
871.037570 19286.528733 18417.985413
872.068028 22467.115920 19084.413013
873.208789 20172.341065 21853.596133
874.300977 20635.618990 21670.486499
875.320284 19357.641727 21551.853767
876.863238 17472.930606 20304.995759
877.966841 18280.041814 18031.194907
879.064012 18681.752068 17360.061812
880.200410 19448.328600 17555.772955
881.822293 18219.862648 18510.055704
882.926919 18556.684742 18300.415838
883.928318 18887.241040 18428.074178
886.843125 19780.423498 18771.973213
887.844749 18528.563080 19642.626531
888.861191 19406.937458 19173.507118
889.861328 19439.765802 19436.492185
890.922333 18869.539063 19585.217295
892.023424 14898.958847 19195.546923
893.032959 18994.826563 15941.274609
894.064766 18451.472802 17125.460299
895.134306 19399.660368 17777.379390
896.791637 17668.455989 18983.002962
897.865707 18509.967166 18391.575816
898.910573 18091.259629 18546.215668
900.003844 18842.255767 18300.442816
901.836037 18735.086737 18688.507697
902.904958 17922.321327 18840.600383
904.011944 17589.978210 18280.694256
905.150161 19851.362420 17661.890623
906.859192 18743.243956 19030.548861
907.881178 19727.350067 19088.992521
909.066499 18921.023161 19769.856793
910.171522 18720.643819 19494.917069
911.840185 17430.791686 19063.689222
912.851048 19260.014091 17794.924849
913.957924 19119.761461 18441.426175
914.971046 18805.078946 18864.134345
916.849273 20056.495888 18903.383323
917.945650 18088.302697 19836.994424
918.946307 18575.203499 18882.530448
919.949470 19199.522590 18571.917123
921.823394 18350.896015 18885.671373
922.878568 18980.467738 18484.541371
923.883085 18966.357196 18722.743823
926.754172 17690.402540 18895.693122
927.757767 18682.082129 18042.867797
931.784600 18853.323798 18272.098513
932.788424 19045.688898 18617.641026
936.788734 16179.524837 18993.606801
937.789112 18304.756422 17044.987167
941.805485 19686.847752 17448.235456
942.878473 17433.123155 18900.558340
943.938662 18225.230950 18132.998687
944.941426 19267.379263 18168.330824
946.822522 17826.377788 18981.833159
947.853940 18913.657145 18379.219746
948.901888 19127.555525 18755.162068
951.745191 17234.287450 19143.180783
952.746584 19399.534266 17913.332770
956.788828 19226.810388 18752.582546
957.802544 18161.018492 19204.402455
961.799107 17813.032115 18636.570471
962.800404 18529.016633 17972.776702
963.846122 19546.456150 18137.932059
966.814946 18624.238431 19081.360519
967.815950 18400.714983 18977.685367
968.867298 19484.358121 18669.843471
971.788026 20250.484885 19261.372755
972.788530 19102.131625 20187.478811
976.810701 18888.954735 19805.018413
977.885178 17911.017875 19278.183850
978.954813 18225.620719 18184.006644
979.968977 18830.548815 17804.622982
981.738080 19767.424335 18173.876657
986.656840 19196.446825 19225.328174
991.656840 18480.099877 19458.344841
996.656840 19227.164569 18972.118459
1001.656840 19106.637910 19166.299142
1006.656840 19217.558576 19188.210845
