11.140721 9993.387187
21.140721 5531.129600
31.140721 5531.129600
41.140721 15695.299200
51.140721 11062.259200
61.140721 11062.259200
71.141072 18184.932606
81.141108 16593.329064
91.141279 16593.105058
101.141747 18936.755806
111.142488 18968.652713
121.142632 18984.080877
131.143094 18977.204058
141.143151 19014.733064
151.143386 19036.394962
161.143561 18996.108514
171.144046 19010.400768
181.144321 18932.900178
191.144436 19020.476261
201.144727 19087.268367
211.145491 18936.986175
221.146017 18946.743980
231.146306 19039.022590
241.146731 19089.450336
251.147153 18926.508257
261.147355 18920.126304
271.147458 18996.152724
281.147855 18939.322135
291.148202 19002.036910
301.148557 18983.184965
311.148791 18926.563178
321.149212 19022.610616
331.149377 18974.154390
341.149871 19022.711474
351.150279 18953.845922
361.150809 18884.533288
371.150966 19016.191756
381.151118 18990.287877
391.151788 18969.057469
401.152156 19035.960419
411.152684 18998.157517
421.153260 19002.890537
431.154073 18951.323821
441.154833 18955.911824
451.155046 18992.797389
461.155331 18988.542187
471.155338 18975.707996
481.155951 18874.701615
491.156383 18981.102525
501.157028 18956.865327
511.157820 18926.337642
521.157937 18807.535767
531.158376 18902.978042
541.158477 18956.262643
551.159017 18841.901401
561.159198 18880.673525
571.160432 18885.400292
581.160755 18951.217472
591.162008 18841.351000
601.162808 18889.656931
611.163200 18885.832859
621.163400 18880.028905
631.163987 18906.709089
641.164449 18870.761523
651.164859 18871.416705
661.165270 18898.828044
671.165613 18921.604730
681.166501 18831.075689
691.166555 18883.109547
701.166960 18925.109933
711.167332 18901.818732
721.167486 18882.491357
731.167787 18855.901576
741.168113 18836.669055
751.168352 18902.104820
761.169962 18908.441040
771.170106 18856.599602
781.170684 18896.547779
791.171660 18790.165186
801.172320 18821.279115
811.172592 18903.944196
821.172699 18891.749200
831.173513 18864.924982
841.174305 18924.345609
851.174996 18998.340340
861.175629 18957.985933
871.176217 18899.480470
881.176535 18927.385957
891.176906 18902.834186
901.177083 18807.289975
911.177442 18881.975327
921.177857 18911.070288
931.178076 18947.325652
941.178349 18979.043576
951.178369 18884.967302
961.179348 18959.668442
971.180023 18981.839594
981.180541 18958.514308
991.656840 15129.292730
1001.656840 14242.832000
1012.632670 9448.947753
1022.632670 5531.129600
1032.633021 5532.162529
