# AndroidClient mimuroto
1.089551 0.084288 7593.044455 5120
2.603494 1.463944 17487.011681 5120
4.076193 1.472699 17383.045827 5120
5.553812 1.477618 17325.175612 5120
7.622474 1.482924 17263.190831 5120
12.621851 1.482301 17270.446421 5120
17.620338 1.480787 17288.102285 5120
22.611715 1.472165 17389.359071 5120
27.611842 1.472291 17387.866937 5120
33.158189 2.018638 12681.817593 5120
38.999037 2.859486 8952.657540 5120
43.073116 1.933565 13239.792382 5120
48.091231 1.951681 13116.898099 5120
53.040774 1.901224 13465.011601 5120
58.112508 1.972958 12975.443156 5120
63.076219 1.936668 13218.577074 5120
69.930984 3.791433 6752.063986 5120
73.617569 2.478019 10330.834461 5120
78.100684 1.961134 13053.673278 5120
83.098671 1.959121 13067.086948 5120
88.062914 1.923363 13310.016982 5120
93.112522 1.972971 12975.352484 5120
100.939472 4.799922 5333.420445 5120
106.949421 5.809870 4406.294659 5120
112.722236 5.772815 4434.578414 5120
118.477779 5.755544 4447.885727 5120
124.225032 5.747253 4454.302236 5120
131.251861 7.026829 3643.179437 5120
138.511815 7.259954 3526.192915 5120
143.510655 4.998840 3584.831799 5120
148.668890 5.158235 3474.056690 5120
153.733867 5.064977 3538.021654 5120
159.347702 5.613834 3192.114096 5120
163.621812 4.274110 2994.775723 5120
167.995146 4.373335 2926.828377 5120
172.342746 4.347599 2944.153514 5120
177.991280 5.648534 2945.897150 5120
183.688210 5.696931 2920.870977 5120
189.196406 5.508196 3020.952936 5120
193.503934 4.307528 2971.541859 5120
198.215619 4.711685 2988.315099 5120
202.903791 4.688171 3003.303139 5120
208.002433 5.098642 3012.566771 5120
213.094163 5.091730 3016.656469 5120
218.216336 5.122173 2998.727185 5120
223.307708 5.091372 3016.868500 5120
228.403232 5.095524 3014.410486 5120
233.579249 5.176017 2967.532497 5120
238.741552 5.162302 2975.416607 5120
243.874361 5.132809 2992.513497 5120
249.054550 5.180189 2965.142640 5120
253.383442 4.328892 2956.876566 5120
258.066893 4.683451 3006.330482 5120
263.153260 5.086368 3019.836606 5120
268.269572 5.116311 3002.163027 5120
273.405045 5.135474 2990.960580 5120
278.639343 5.234298 2934.491105 5120
283.761586 5.122243 2998.686448 4864
288.978810 5.217224 2944.094575 4864
294.054329 5.075519 3026.291409 4864
299.106287 5.051958 3040.405444 4864
303.224975 4.118688 3107.785763 4864
307.752394 4.527419 3109.939524 4864
312.671598 4.919204 3122.456270 4608
317.542322 4.870724 3153.535038 4608
322.720634 5.178311 2966.218080 4608
327.796294 5.075661 3026.207098 4608
332.796948 5.000654 3071.598396 4608
337.872538 5.075590 3026.248907 4608
343.043267 5.170729 2970.567834 4608
348.113662 5.070396 3029.349468 4608
353.226529 5.112867 3004.185437 4608
358.250667 5.024138 3057.241134 4352
363.306396 5.055729 3038.137503 4352
368.355586 5.049190 3042.071824 4352
373.475286 5.119700 3000.175674 4352
378.557362 5.082076 3022.386966 4352
383.708284 5.150922 2981.990400 4352
388.796924 5.088639 3018.488711 4352
393.937760 5.140836 2987.840767 4352
399.030551 5.092792 3016.027596 4352
403.295125 4.264574 3001.472463 4352
407.872264 4.577139 3076.157226 4352
412.956309 5.084045 3021.216670 4096
418.038832 5.082523 3022.120864 4096
423.054410 5.015578 3062.458626 4096
428.145609 5.091199 3016.971317 4096
433.301738 5.156130 2978.978589 4096
438.464943 5.163205 2974.896534 4096
443.664182 5.199239 2954.278592 4096
448.639129 4.974948 3087.469739 4096
453.675927 5.036798 3049.556547 4096
458.708108 5.032181 3052.354658 4096
463.820894 5.112786 3004.232887 4096
468.744198 4.923304 3119.855932 4096
473.823486 5.079288 3024.046026 4096
478.889733 5.066247 3031.829855 4096
483.202001 4.312268 2968.275814 4096
487.820616 4.618615 3048.532861 4096
492.933248 5.112632 3004.323423 4096
498.125100 5.191852 2958.482151 3840
503.296159 5.171060 2970.377721 3840
508.441319 5.145159 2985.330250 3840
513.546876 5.105557 3008.486573 3840
518.630897 5.084021 3021.230736 3584
523.759725 5.128829 2994.835807 3584
528.879179 5.119453 3000.320320 3584
534.059194 5.180015 2965.242378 3584
539.283661 5.224467 2940.012891 3584
544.450171 5.166511 2972.992874 3328
548.337458 3.887287 2963.506690 3328
553.086521 4.749063 2964.795537 3328
557.759408 4.672887 3013.126776 3328
562.853788 5.094381 3015.086811 3328
568.063369 5.209581 2948.413972 3328
573.133282 5.069914 3029.637402 3328
578.249832 5.116549 3002.023287 3072
583.346588 5.096757 3013.681335 3072
588.439084 5.092496 3016.202934 3072
593.492916 5.053832 3039.277675 3072
598.634525 5.141609 2987.391805 3072
603.858585 5.224060 2940.242054 3072
608.133224 4.274640 2994.404432 3072
613.373224 5.240000 2931.297947 3072
618.508321 5.135097 2991.180055 2816
623.657309 5.148989 2983.110156 2816
628.701659 5.044349 3044.991486 2816
633.866750 5.165091 2973.809933 2816
638.970727 5.103977 3009.417839 2816
644.075280 5.104553 3009.078593 2816
649.159086 5.083806 3021.358330 2816
654.224473 5.065387 3032.345013 2816
658.457310 4.232837 3023.976329 2816
663.118761 4.661451 3020.518421 2816
667.788566 4.669805 3015.115229 2816
672.472214 4.683648 3006.203951 2816
677.056846 4.584632 3071.129820 2816
681.769897 4.713051 2987.448881 2816
686.474349 4.704452 2992.909765 2816
691.190510 4.716161 2985.478998 2816
695.814169 4.623659 3045.207264 2816
700.425212 4.611043 3053.539096 2816
705.170520 4.745308 2967.141341 2816
709.807746 4.637225 3036.298505 2816
714.525651 4.717905 2984.375232 2816
719.170218 4.644567 3031.499020 2816
723.822290 4.652072 3026.608449 2816
728.446893 4.624603 3044.585672 2816
733.133609 4.686716 3004.235869 2816
737.740865 4.607256 3056.048920 2816
742.361886 4.621021 3046.945511 2816
746.956122 4.594236 3064.710063 2816
751.592254 4.636133 3037.013937 2816
756.220014 4.627759 3042.509146 2816
760.955931 4.735917 2973.024795 2816
765.711372 4.571821 3079.735496 2816
770.770736 4.631186 3040.258086 2816
775.669218 4.529668 3108.395726 2816
780.581623 4.442073 3169.691296 2816
785.700865 4.561314 3086.829743 2816
790.722976 4.583425 3071.938275 2816
795.688332 4.548782 3095.334290 2816
800.680346 4.540796 3100.778037 2816
805.710103 4.570553 3080.590089 2816
810.745415 4.605864 3056.972398 2816
815.700044 4.560493 3087.385365 2816
820.733071 4.593520 3065.187253 2816
825.863625 4.724075 2980.477764 2816
830.661285 4.521735 3113.849110 2816
835.679839 4.540288 3101.124643 2816
840.676892 4.537342 3103.138384 2816
845.772355 4.632804 3039.195981 2816
850.686206 4.546656 3096.781656 2816
855.793284 4.653734 3025.527621 2816
860.749096 4.609546 3054.531065 2816
865.811384 4.671833 3013.806044 2816
870.830145 4.690594 3001.751700 2816
875.735785 4.596234 3063.377230 2816
880.737108 4.597557 3062.495839 2816
885.768613 4.629063 3041.652399 2816
