# SAndroidClient mimuroto
125.193895 0.179420 3567.040629 2816
129.217176 3.973281 3543.670444 2816
133.154440 3.937263 3576.087811 2816
137.050185 3.895745 3614.199738 2816
141.033526 3.983342 3534.720579 2816
145.088461 4.054935 3472.312137 2816
149.065158 3.976697 3540.627241 2816
153.046507 3.981349 3536.490026 2816
157.253078 4.206572 3347.143859 2560
162.029007 4.775929 2948.117656 2560
166.782560 4.753553 2961.995030 2560
171.593458 4.810898 2926.688433 2560
176.429444 4.835986 2911.505277 2560
181.151933 4.722488 2981.478993 2560
185.960079 4.808147 2928.363341 2560
190.732336 4.772256 2950.386273 2560
195.530112 4.797776 2934.693203 2560
200.243006 4.712895 2987.548281 2304
205.007796 4.763901 2955.560791 2304
210.017527 4.773632 2949.536250 2304
215.000317 4.756422 2960.208590 2304
219.967100 4.723205 2981.026499 2304
224.926781 4.682886 3006.692575 2304
230.031270 4.787375 2941.069136 2304
234.948938 4.705043 2992.533930 2304
239.942324 4.698429 2996.746611 2304
244.994203 4.750308 2964.018023 2304
249.992430 4.748535 2965.125203 2304
255.063210 4.819315 2921.576824 2304
260.007639 4.763744 2955.658613 2304
264.981956 4.738061 2971.679587 2304
270.003366 4.759471 2958.311729 2304
274.995605 4.751710 2963.143615 2304
280.011478 4.767583 2953.278265 2304
285.077973 4.834078 2912.654858 2304
289.882667 4.638772 3035.285970 2304
294.964276 4.720381 2982.809785 2304
299.838670 4.594775 3064.350435 2304
304.843023 4.599129 3061.449557 2304
309.875585 4.631690 3039.926800 2304
314.793358 4.549463 3094.870803 2304
319.944758 4.700863 2995.194436 2304
324.829651 4.585756 3070.377257 2304
329.925595 4.681700 3007.454555 2304
334.902794 4.658899 3022.173483 2304
339.877208 4.633313 3038.862343 2304
344.972820 4.728925 2977.421168 2304
349.832940 4.589045 3068.176407 2304
354.981001 4.737106 2972.278628 2304
359.920423 4.676528 3010.780334 2304
364.882529 4.638634 3035.376606 2304
369.839142 4.595247 3064.035356 2304
374.946448 4.702553 2994.118509 2304
379.846962 4.603067 3058.830195 2304
384.799922 4.556027 3090.412003 2304
390.024566 4.780671 2945.193041 2304
394.874185 4.630290 3040.846049 2304
399.984106 4.740211 2970.331836 2304
405.021780 4.777885 2946.910827 2304
409.881258 4.637363 3036.207994 2304
414.794171 4.550276 3094.317658 2304
419.902978 4.659083 3022.053719 2304
424.942276 4.698381 2996.776724 2304
429.930786 4.686891 3004.123594 2304
435.015641 4.771746 2950.702078 2304
439.947506 4.703611 2993.444854 2304
444.937580 4.693685 2999.775070 2304
449.892059 4.648164 3029.152979 2304
455.017435 4.773540 2949.593053 2304
460.000248 4.756353 2960.251484 2304
464.941009 4.697114 2997.585443 2304
470.005177 4.761282 2957.186468 2304
475.022789 4.778894 2946.288123 2304
479.974081 4.730186 2976.627141 2304
484.891222 4.647327 3029.698669 2304
489.875503 4.631608 3039.980944 2304
494.970270 4.726375 2979.027208 2304
499.935838 4.691943 3000.888973 2304
505.024959 4.781064 2944.951043 2304
509.930153 4.686258 3004.529305 2304
514.923190 4.679295 3009.000334 2304
519.907389 4.663494 3019.195476 2304
524.955865 4.711970 2988.134508 2304
530.054464 4.810569 2926.888820 2304
534.993937 4.750042 2964.184373 2304
539.966567 4.722672 2981.363322 2304
545.105654 4.861759 2896.071410 2304
550.014332 4.770437 2951.511549 2304
554.914587 4.670692 3014.542650 2304
560.043407 4.799512 2933.631359 2304
565.116717 4.872822 2889.496158 2304
569.932482 4.688587 3003.037104 2304
574.934856 4.690961 3001.517374 2304
579.979296 4.735401 2973.349121 2304
585.057668 4.813773 2924.940612 2304
590.038109 4.794214 2936.873426 2304
594.984862 4.740967 2969.858340 2304
600.060823 4.816928 2923.024730 2304
605.027261 4.783366 2943.533920 2304
610.006565 4.762670 2956.324874 2304
614.924174 4.680279 3008.367788 2304
619.939136 4.695241 2998.781280 2304
625.014319 4.770424 2951.519590 2304
630.096346 4.852451 2901.626348 2304
634.905763 4.661868 3020.248786 2304
640.003461 4.759566 2958.253064 2304
644.982101 4.738206 2971.588960 2304
649.989880 4.745985 2966.718227 2304
655.037044 4.793149 2937.525990 2304
659.939648 4.695753 2998.454129 2304
664.956263 4.712368 2987.882112 2304
669.984937 4.741042 2969.811564 2304
675.044760 4.800865 2932.804750 2304
680.057160 4.813265 2925.249269 2304
684.915662 4.671767 3013.848924 2304
689.897717 4.653822 3025.470329 2304
695.042245 4.798350 2934.342272 2304
700.029043 4.785148 2942.437638 2304
704.910977 4.667082 3016.874128 2304
710.091334 4.847439 2904.626629 2304
714.890351 4.646456 3030.266340 2304
719.998641 4.754746 2961.251547 2304
725.037631 4.793736 2937.166093 2304
729.945634 4.701739 2994.636373 2304
734.929209 4.685314 3005.135027 2304
739.937372 4.693477 2999.907938 2304
744.972809 4.728914 2977.427960 2304
749.972661 4.728766 2977.520994 2304
754.923537 4.679642 3008.776856 2304
760.023135 4.779240 2946.074864 2304
764.936311 4.692416 3000.586464 2304
769.794450 4.550555 3094.128001 2304
774.839960 4.596065 3063.490276 2304
779.828425 4.584530 3071.197844 2304
784.804374 4.560479 3087.395246 2304
789.819252 4.575357 3077.355455 2304
794.781613 4.537718 3102.881133 2304
799.773733 4.529838 3108.278772 2304
804.786991 4.543096 3099.208159 2304
809.891370 4.647475 3029.601910 2304
814.824617 4.580722 3073.751007 2304
819.953746 4.709851 2989.478556 2304
824.919228 4.675333 3011.550201 2304
829.830463 4.586568 3069.833211 2304
834.816012 4.572117 3079.536207 2304
839.902054 4.658159 3022.653622 2304
844.873453 4.629558 3041.327163 2304
849.855134 4.611239 3053.408963 2304
854.772758 4.528863 3108.948414 2304
859.946026 4.702131 2994.386941 2304
864.919580 4.675685 3011.323545 2304
869.762797 4.518902 3115.801206 2304
874.890560 4.646665 3030.130261 2304
879.872179 4.628284 3042.163905 2304
884.837060 4.593165 3065.424367 2304
889.136617 3.892722 3617.006349 2304
893.826414 3.582519 3930.195510 2304
898.977462 3.733567 3771.192244 2304
903.808737 3.564842 3949.684359 2304
908.851035 3.607140 3903.368956 2304
913.904448 3.660553 3846.413840 2304
918.819612 3.575717 3937.671827 2304
922.831962 2.588067 5440.352699 2304
927.738133 2.494238 5645.011267 2304
932.271511 2.027616 6944.114214 2304
936.744699 1.500804 9381.640249 2304
941.484272 1.240377 11351.388604 2304
946.479589 1.235694 11394.409830 2304
951.472321 1.228426 11461.822246 2304
956.333954 1.090059 12916.726653 2560
961.329033 1.085138 12975.311063 2560
966.313030 1.069135 13169.530161 2560
971.302977 1.059082 13294.535763 2560
976.328948 1.085053 12976.329440 2560
981.051160 0.807265 17441.611993 2560
986.049584 0.805689 17475.722129 2560
991.049063 0.805168 17487.026521 2560
996.060569 0.816674 17240.657992 2560
1001.052531 0.808637 17412.026292 2560
1006.058071 0.814177 17293.547528 2816
