# AndroidClient mimuroto
63.108249 0.099913 6405.564612 5120
65.531385 2.373135 10787.416443 5120
68.324840 2.743456 9331.297487 5120
71.605500 3.230660 7924.077145 5120
75.748180 2.373339 10786.489584 5120
80.526071 2.151231 11900.162801 5120
85.545307 2.170467 11794.696876 5120
90.513817 2.138976 11968.341541 5120
96.840072 3.465232 7387.672914 5120
103.976688 5.601848 4569.920852 5120
109.696977 5.720289 4475.298355 5120
115.498492 5.801515 4412.640791 5120
120.174223 4.675732 4380.063211 5120
124.832349 4.658126 4396.618178 5120
130.586124 5.753776 3559.401891 5120
135.564422 4.978297 3599.624318 5120
140.667794 5.103373 3511.403461 5120
145.734632 5.066838 3536.722708 5120
150.840831 5.106199 3509.459851 5120
155.833454 4.992623 3589.295365 5120
161.899327 6.065873 2954.232535 5120
165.835156 3.935828 2926.957023 5120
169.738405 3.903249 2951.387534 5120
174.939397 5.200992 2953.282566 4864
180.131267 5.191870 2958.471453 4864
185.285405 5.154138 2980.129844 4608
190.502834 5.217429 2943.978701 4608
195.673240 5.170406 2970.753055 4608
200.904680 5.231440 2936.094091 4352
206.134519 5.229838 2936.993183 4352
211.285481 5.150962 2981.967237 4352
215.179131 3.893650 2958.663134 4352
220.307523 5.128392 2995.090719 4352
225.372720 5.065196 3032.458988 4096
230.455374 5.082654 3022.043255 4096
235.539484 5.084111 3021.177323 4096
240.679981 5.140497 2988.037886 4096
245.817044 5.137063 2990.035582 4096
250.944138 5.127094 2995.849276 4096
256.164280 5.220143 2942.448293 4096
261.337899 5.173619 2968.908327 3840
265.652448 4.314549 2966.706316 3840
270.025813 4.373364 2926.808633 3840
275.121585 5.095773 3014.263147 3840
280.220141 5.098556 3012.617966 3840
285.302702 5.082561 3022.098300 3840
290.512237 5.209535 2948.439566 3840
295.590802 5.078564 3024.476909 3840
300.644433 5.053631 3039.398811 3840
305.518370 4.873938 3151.455926 3840
310.379605 4.861234 3159.691278 3840
315.259918 4.880313 3147.338921 3584
320.390644 5.130725 2993.728691 3584
325.466852 5.076208 3025.880643 3584
330.476859 5.010007 3065.863856 3584
335.587159 5.110300 3005.694222 3584
340.615211 5.028052 3054.861029 3584
345.688776 5.073565 3027.456857 3584
350.813832 5.125055 2997.040911 3584
355.910275 5.096443 3013.866436 3584
360.938774 5.028499 3054.589340 3584
366.073932 5.135158 2991.144434 3584
370.322974 4.249041 3012.444430 3584
374.975417 4.652444 3026.366537 3584
379.966123 4.990706 3077.720766 3584
385.001647 5.035524 3050.328233 3584
390.044398 5.042751 3045.956525 3584
395.151614 5.107216 3007.509389 3584
400.178549 5.026935 3055.539632 3584
405.205157 5.026608 3055.738553 3584
410.197546 4.992389 3076.683465 3584
415.196755 4.999209 3072.486052 3584
420.301924 5.105169 3008.715328 3584
425.423797 5.121873 2998.902825 3328
430.489416 5.065619 3032.206042 3328
435.497530 5.008114 3067.022787 3328
440.574616 5.077086 3025.357547 3328
445.560190 4.985574 3080.889084 3328
450.627677 5.067488 3031.087771 3328
455.683161 5.055484 3038.284826 3328
460.737442 5.054281 3039.008166 3328
465.789639 5.052197 3040.261380 3328
470.860874 5.071235 3028.847884 3328
475.925127 5.064252 3033.024183 3328
480.976986 5.051860 3040.464560 3328
486.095600 5.118614 3000.812428 3328
491.206364 5.110764 3005.421316 3328
495.531657 4.325292 2959.337444 3328
500.237154 4.705497 2992.245114 3328
505.011951 4.774797 2948.816575 3328
510.084784 5.072834 3027.893549 3328
515.177352 5.092568 3016.160135 3328
520.306991 5.129639 2994.362560 3328
525.436944 5.129953 2994.179399 3328
530.599793 5.162849 2975.101752 3328
535.732160 5.132367 2992.771072 3328
540.873936 5.141776 2987.294758 3328
545.905324 5.031388 3052.835461 3328
550.965084 5.059760 3035.717194 3328
555.996308 5.031224 3052.935190 3328
561.058539 5.062231 3034.235378 3328
566.188993 5.130455 2993.886625 3328
570.484322 4.295328 2979.981868 3072
575.219647 4.735326 2973.396271 3072
579.913088 4.693440 2999.931563 3072
584.896156 4.983068 3082.438228 3072
590.175693 5.279537 2909.346140 3072
595.374303 5.198610 2954.635904 3072
600.614692 5.240389 2931.080068 3072
605.775472 5.160780 2976.294523 3072
610.093256 4.317784 2964.483393 2816
614.842759 4.749503 2964.520533 2816
619.571494 4.728734 2977.540950 2816
624.352177 4.780684 2945.185302 2816
629.096887 4.744709 2967.515917 2816
633.793750 4.696864 2997.745173 2816
638.523370 4.729620 2976.983619 2816
643.212303 4.688934 3002.815001 2816
648.147231 4.772391 2950.303171 2816
653.181783 4.806943 2929.096625 2816
658.112073 4.737233 2972.199154 2816
663.088020 4.713180 2987.367287 2816
668.049479 4.674639 3011.997580 2816
673.158713 4.783873 2943.222001 2816
678.133958 4.759117 2958.531785 2816
682.997180 4.622340 3046.076262 2816
688.093492 4.718651 2983.903438 2816
693.120824 4.745983 2966.719255 2816
698.033377 4.658536 3022.408454 2816
703.106038 4.731198 2975.990705 2816
707.984902 4.610061 3054.189370 2816
712.947818 4.572977 3078.956881 2816
718.033765 4.658924 3022.156913 2816
723.130221 4.755381 2960.856630 2816
728.163530 4.788690 2940.261254 2816
733.060084 4.685244 3005.179890 2816
738.054137 4.679296 3008.999525 2816
743.051854 4.677014 3010.467957 2816
748.061411 4.686571 3004.328680 2816
753.101318 4.726478 2978.962431 2816
758.092113 4.717273 2984.775535 2816
763.040280 4.665440 3017.936371 2816
767.930788 4.555948 3090.465383 2816
773.016009 4.641169 3033.718422 2816
777.994000 4.619160 3048.173254 2816
782.950858 4.576018 3076.911064 2816
787.921963 4.547122 3096.463940 2816
793.058424 4.683583 3006.245281 2816
797.952075 4.577234 3076.093386 2816
802.927631 4.552791 3092.608635 2816
808.005089 4.630249 3040.873114 2816
812.988637 4.613797 3051.716563 2816
817.908436 4.533595 3105.702884 2816
822.973543 4.598703 3061.733104 2816
827.969681 4.594841 3064.306357 2816
832.773906 4.399065 3200.679966 2816
838.033402 4.658562 3022.392167 2816
842.999042 4.624202 3044.849950 2816
848.073432 4.698592 2996.642368 2816
853.035023 4.660183 3021.340748 2816
858.014196 4.639355 3034.904388 2816
863.013727 4.638887 3035.210968 2816
867.881614 4.506774 3124.185877 2816
872.923460 4.548619 3095.444836 2816
877.988733 4.613893 3051.653165 2816
882.948373 4.573532 3078.583255 2816
887.696674 4.321834 3257.876461 2816
892.087761 3.712920 3792.163085 2816
896.932323 3.557483 3957.854459 2816
902.031287 3.656446 3850.733524 2816
906.890467 3.515627 4004.975856 2816
911.996767 3.621927 3887.433323 2816
917.013667 3.638826 3869.379424 2816
921.107259 2.732419 5152.943097 2816
925.882701 2.507860 5614.347859 3072
930.563241 2.188401 7018.824183 3072
934.687840 1.312999 11698.407453 3072
939.334295 0.959454 16009.098682 3072
944.321910 0.947070 16218.442424 3072
949.337612 0.962772 15953.932625 3072
