# AndroidClient mimuroto
1.005263 0.128000  1.089551 0.128000 
1.139551 5.120000  2.603494 5.120000 
2.603494 5.120000  4.076193 5.120000 
4.076193 5.120000  5.553812 5.120000 
6.139551 5.120000  7.622474 5.120000 
11.139551 5.120000  12.621851 5.120000 
16.139551 5.120000  17.620338 5.120000 
21.139551 5.120000  22.611715 5.120000 
26.139551 5.120000  27.611842 5.120000 
31.139551 5.120000  33.158189 5.120000 
36.139551 5.120000  38.999037 5.120000 
41.139551 5.120000  43.073116 5.120000 
46.139551 5.120000  48.091231 5.120000 
51.139551 5.120000  53.040774 5.120000 
56.139551 5.120000  58.112508 5.120000 
61.139551 5.120000  63.076219 5.120000 
66.139551 5.120000  69.930984 5.120000 
71.139551 5.120000  73.617569 5.120000 
76.139551 5.120000  78.100684 5.120000 
81.139551 5.120000  83.098671 5.120000 
86.139551 5.120000  88.062914 5.120000 
91.139551 5.120000  93.112522 5.120000 
96.139551 5.120000  100.939472 5.120000 
101.139551 5.120000  106.949421 5.120000 
106.949421 5.120000  112.722236 5.120000 
112.722236 5.120000  118.477779 5.120000 
118.477779 5.120000  124.225032 5.120000 
124.225032 5.120000  131.251861 5.120000 
131.251861 5.120000  138.511815 5.120000 
138.511815 5.120000  143.510655 3.584000 
143.510655 5.120000  148.668890 3.584000 
148.668890 5.120000  153.733867 3.584000 
153.733867 5.120000  159.347702 3.584000 
159.347702 5.120000  163.621812 2.560000 
163.621812 5.120000  167.995146 2.560000 
167.995146 5.120000  172.342746 2.560000 
172.342746 5.120000  177.991280 3.328000 
177.991280 5.120000  183.688210 3.328000 
183.688210 5.120000  189.196406 3.328000 
189.196406 5.120000  193.503934 2.560000 
193.503934 5.120000  198.215619 2.816000 
198.215619 5.120000  202.903791 2.816000 
202.903791 5.120000  208.002433 3.072000 
208.002433 5.120000  213.094163 3.072000 
213.094163 5.120000  218.216336 3.072000 
218.216336 5.120000  223.307708 3.072000 
223.307708 5.120000  228.403232 3.072000 
228.403232 5.120000  233.579249 3.072000 
233.579249 5.120000  238.741552 3.072000 
238.741552 5.120000  243.874361 3.072000 
243.874361 5.120000  249.054550 3.072000 
249.054550 5.120000  253.383442 2.560000 
253.383442 5.120000  258.066893 2.816000 
258.066893 5.120000  263.153260 3.072000 
263.153260 5.120000  268.269572 3.072000 
268.269572 5.120000  273.405045 3.072000 
273.405045 5.120000  278.639343 3.072000 
278.639343 5.120000  283.761586 3.072000 
283.761586 4.864000  288.978810 3.072000 
288.978810 4.864000  294.054329 3.072000 
294.054329 4.864000  299.106287 3.072000 
299.106287 4.864000  303.224975 2.560000 
303.224975 4.864000  307.752394 2.816000 
307.752394 4.864000  312.671598 3.072000 
312.671598 4.608000  317.542322 3.072000 
317.542322 4.608000  322.720634 3.072000 
322.720634 4.608000  327.796294 3.072000 
327.796294 4.608000  332.796948 3.072000 
332.796948 4.608000  337.872538 3.072000 
337.872538 4.608000  343.043267 3.072000 
343.043267 4.608000  348.113662 3.072000 
348.113662 4.608000  353.226529 3.072000 
353.226529 4.608000  358.250667 3.072000 
358.250667 4.352000  363.306396 3.072000 
363.306396 4.352000  368.355586 3.072000 
368.355586 4.352000  373.475286 3.072000 
373.475286 4.352000  378.557362 3.072000 
378.557362 4.352000  383.708284 3.072000 
383.708284 4.352000  388.796924 3.072000 
388.796924 4.352000  393.937760 3.072000 
393.937760 4.352000  399.030551 3.072000 
399.030551 4.352000  403.295125 2.560000 
403.295125 4.352000  407.872264 2.816000 
407.872264 4.352000  412.956309 3.072000 
412.956309 4.096000  418.038832 3.072000 
418.038832 4.096000  423.054410 3.072000 
423.054410 4.096000  428.145609 3.072000 
428.145609 4.096000  433.301738 3.072000 
433.301738 4.096000  438.464943 3.072000 
438.464943 4.096000  443.664182 3.072000 
443.664182 4.096000  448.639129 3.072000 
448.639129 4.096000  453.675927 3.072000 
453.675927 4.096000  458.708108 3.072000 
458.708108 4.096000  463.820894 3.072000 
463.820894 4.096000  468.744198 3.072000 
468.744198 4.096000  473.823486 3.072000 
473.823486 4.096000  478.889733 3.072000 
478.889733 4.096000  483.202001 2.560000 
483.202001 4.096000  487.820616 2.816000 
487.820616 4.096000  492.933248 3.072000 
492.933248 4.096000  498.125100 3.072000 
498.125100 3.840000  503.296159 3.072000 
503.296159 3.840000  508.441319 3.072000 
508.441319 3.840000  513.546876 3.072000 
513.546876 3.840000  518.630897 3.072000 
518.630897 3.584000  523.759725 3.072000 
523.759725 3.584000  528.879179 3.072000 
528.879179 3.584000  534.059194 3.072000 
534.059194 3.584000  539.283661 3.072000 
539.283661 3.584000  544.450171 3.072000 
544.450171 3.328000  548.337458 2.304000 
548.337458 3.328000  553.086521 2.816000 
553.086521 3.328000  557.759408 2.816000 
557.759408 3.328000  562.853788 3.072000 
562.853788 3.328000  568.063369 3.072000 
568.063369 3.328000  573.133282 3.072000 
573.133282 3.328000  578.249832 3.072000 
578.249832 3.072000  583.346588 3.072000 
583.346588 3.072000  588.439084 3.072000 
588.439084 3.072000  593.492916 3.072000 
593.492916 3.072000  598.634525 3.072000 
598.634525 3.072000  603.858585 3.072000 
603.858585 3.072000  608.133224 2.560000 
608.133224 3.072000  613.373224 3.072000 
613.373224 3.072000  618.508321 3.072000 
618.508321 2.816000  623.657309 3.072000 
623.657309 2.816000  628.701659 3.072000 
628.701659 2.816000  633.866750 3.072000 
633.866750 2.816000  638.970727 3.072000 
638.970727 2.816000  644.075280 3.072000 
644.075280 2.816000  649.159086 3.072000 
649.159086 2.816000  654.224473 3.072000 
654.224473 2.816000  658.457310 2.560000 
658.457310 2.816000  663.118761 2.816000 
663.118761 2.816000  667.788566 2.816000 
667.788566 2.816000  672.472214 2.816000 
672.472214 2.816000  677.056846 2.816000 
677.056846 2.816000  681.769897 2.816000 
681.769897 2.816000  686.474349 2.816000 
686.474349 2.816000  691.190510 2.816000 
691.190510 2.816000  695.814169 2.816000 
695.814169 2.816000  700.425212 2.816000 
700.425212 2.816000  705.170520 2.816000 
705.170520 2.816000  709.807746 2.816000 
709.807746 2.816000  714.525651 2.816000 
714.525651 2.816000  719.170218 2.816000 
719.170218 2.816000  723.822290 2.816000 
723.822290 2.816000  728.446893 2.816000 
728.446893 2.816000  733.133609 2.816000 
733.133609 2.816000  737.740865 2.816000 
737.740865 2.816000  742.361886 2.816000 
742.361886 2.816000  746.956122 2.816000 
746.956122 2.816000  751.592254 2.816000 
751.592254 2.816000  756.220014 2.816000 
756.220014 2.816000  760.955931 2.816000 
761.139551 2.816000  765.711372 2.816000 
766.139551 2.816000  770.770736 2.816000 
771.139551 2.816000  775.669218 2.816000 
776.139551 2.816000  780.581623 2.816000 
781.139551 2.816000  785.700865 2.816000 
786.139551 2.816000  790.722976 2.816000 
791.139551 2.816000  795.688332 2.816000 
796.139551 2.816000  800.680346 2.816000 
801.139551 2.816000  805.710103 2.816000 
806.139551 2.816000  810.745415 2.816000 
811.139551 2.816000  815.700044 2.816000 
816.139551 2.816000  820.733071 2.816000 
821.139551 2.816000  825.863625 2.816000 
826.139551 2.816000  830.661285 2.816000 
831.139551 2.816000  835.679839 2.816000 
836.139551 2.816000  840.676892 2.816000 
841.139551 2.816000  845.772355 2.816000 
846.139551 2.816000  850.686206 2.816000 
851.139551 2.816000  855.793284 2.816000 
856.139551 2.816000  860.749096 2.816000 
861.139551 2.816000  865.811384 2.816000 
866.139551 2.816000  870.830145 2.816000 
871.139551 2.816000  875.735785 2.816000 
876.139551 2.816000  880.737108 2.816000 
881.139551 2.816000  885.768613 2.816000 
