64.001789 18912.573117 0.000000
65.002288 19051.681147 18912.573117
66.002472 18893.919057 19190.789177
67.002566 19259.837433 19107.244617
68.004036 18978.738123 19286.579729
69.005479 18613.838588 19158.737228
70.006073 19125.624133 18776.141550
71.006374 19083.160493 18928.107130
73.378217 18879.493603 19021.621440
74.378448 18927.840167 18931.013191
75.378928 18926.710116 18909.089093
78.377789 18853.921170 18901.967274
79.378021 18905.153985 18850.000366
80.378342 19101.789903 18863.421724
83.378680 19482.012901 19028.042406
84.379315 19011.313218 19413.956870
85.379587 18961.185418 19270.903348
88.378274 18689.333439 19096.883204
89.379453 18780.554788 18772.059702
90.380046 18827.987259 18657.382397
93.383446 19473.688444 18666.411195
94.385161 19356.232755 19195.595499
95.385912 19592.799673 19441.619120
96.386874 19109.546124 19720.709528
98.379917 19604.175344 19465.837107
99.382487 19728.275728 19620.300065
100.382689 19069.774733 19786.575652
101.383061 19879.988487 19361.262718
102.383328 19808.800011 19683.394570
103.384341 19108.450256 19840.217619
104.385092 19162.889966 19385.512425
105.387000 19967.382785 19129.724068
106.387077 19243.287683 19613.490978
107.388951 19611.077554 19400.776059
108.390065 18725.502503 19530.888908
109.391491 19084.831872 18951.811206
110.392605 19188.043782 18875.192206
111.395112 19309.479116 18966.701555
112.396872 19202.036000 19158.868286
113.397709 18643.823815 19212.022023
114.398399 19299.425588 18817.443246
115.399180 18509.884218 19068.450330
116.401618 18621.511971 18659.541659
117.402103 18618.981001 18501.393778
118.403638 19710.696216 18450.451158
119.405487 18924.897157 19285.898720
120.406449 18821.686747 19220.472581
121.408031 19098.021781 19036.457847
122.408251 19415.545697 19098.008982
123.409812 18656.288054 19366.930685
124.410397 19251.296380 18944.102058
125.411260 18561.963527 19106.990488
126.412780 18791.331565 18707.511536
127.413671 18959.279182 18643.411087
128.415768 19176.944033 18774.301694
129.416901 19555.354554 19049.240008
130.419126 19757.055990 19502.443062
131.419767 19087.334695 19893.548539
132.421239 19218.512292 19552.687169
133.421640 20007.570033 19364.301564
134.422864 19353.963942 19825.454749
135.424426 18963.605154 19611.355594
136.425619 17997.475595 19147.189013
137.429390 19005.991336 18144.612588
138.431888 19308.523800 18362.926933
139.433495 19390.605965 18859.749554
140.436741 19388.167710 19281.916050
141.437783 18916.735091 19518.343086
142.439961 19464.346930 19250.438295
143.442626 19169.594200 19443.768978
144.444873 19245.848975 19324.514260
145.445067 18991.350122 19283.347968
146.448100 18987.019054 19062.515934
147.449689 19518.956021 18931.060162
148.450066 18426.232908 19278.274725
149.453751 18785.449223 18692.509996
150.455221 19122.693438 18602.470595
151.457007 19451.174007 18856.128713
152.458940 19085.924619 19295.959380
153.460946 19603.213080 19280.741329
154.463767 19448.678040 19612.394472
155.465136 19073.264600 19660.024415
156.466879 19333.432874 19349.442713
157.469763 19043.464054 19320.233539
158.470679 18327.610698 19091.452171
159.474079 18675.722447 18428.174441
160.479084 20033.150671 18332.478452
161.480647 18704.520395 19388.512624
162.481872 18857.034596 19081.216515
163.482796 18741.667014 18947.780081
164.485374 19618.696744 18771.849807
165.486794 18602.239715 19334.111269
166.486887 18827.720353 18924.045597
167.490615 19663.011709 18807.671769
168.493136 19313.757981 19380.965518
169.493629 18584.835096 19476.183644
170.494740 19383.370210 18936.494128
171.498825 19129.632700 19177.635947
172.500956 18974.133826 19159.337290
173.501342 19564.550896 19026.137658
174.501697 19524.539061 19389.349687
175.503551 19307.322600 19584.747127
176.506337 18695.291383 19504.481485
177.507293 19965.634635 18956.035530
178.508444 18967.243231 19569.383955
179.509512 18739.253982 19226.327284
180.511726 19545.101003 18819.035999
181.516458 19257.889513 19199.830118
182.519253 18961.727399 19261.136281
183.521372 19440.886015 19068.856085
184.524713 19582.004122 19305.302778
185.527757 19513.376603 19563.260513
186.530243 19218.278248 19645.454644
187.531377 19116.600707 19432.208433
188.532088 18898.517749 19195.844626
189.534379 18464.401348 18894.289524
190.538394 19371.927204 18418.981728
191.540354 19363.953750 18873.327127
192.544842 19489.893423 19219.169755
193.547818 18694.433269 19522.741823
194.551946 19266.575949 19069.720642
195.554929 20057.159873 19178.495218
196.555181 18810.303789 19847.840631
197.558138 19015.995659 19299.701085
198.561230 18560.050793 19057.550891
199.563288 19286.591039 18584.128336
200.565361 18925.428621 18886.302857
201.566584 17675.634158 18866.590350
202.569950 19499.072166 17934.097816
203.571011 18704.156153 18770.814141
204.574323 19007.430136 18775.049801
205.576851 19734.461569 18986.899706
206.577020 19274.094783 19643.230840
207.580602 19846.163422 19648.929000
208.582864 19130.188451 19987.121006
209.583813 18267.644146 19583.996384
210.584867 18860.349066 18622.073861
211.585811 18820.817650 18497.033861
212.586803 18719.786688 18495.694100
213.590040 20113.555052 18500.531886
214.591125 18802.308946 19603.090752
215.593912 19311.639921 19298.551681
216.594307 19592.383596 19404.219693
217.596781 19061.795325 19644.466512
218.599585 18937.797933 19353.627989
219.600506 18984.640798 19042.252518
220.604102 20281.953419 18895.583285
221.608374 19003.478337 19817.497513
222.609917 19672.644062 19435.712292
223.612608 19067.300327 19638.635486
224.613656 18799.677004 19294.591426
225.615039 19954.286353 18865.029129
226.615272 19603.768792 19499.866961
227.615355 19486.057919 19668.002555
228.618743 19741.463238 19647.728756
229.620141 18419.671985 19788.728137
230.620530 18798.564058 18856.068163
231.622093 19642.767796 18564.808186
232.625273 19643.423790 19110.769969
233.628923 19074.119795 19517.242313
234.631171 19767.580409 19325.045858
235.631798 19699.603305 19686.311575
236.632537 18221.075886 19836.278814
237.634306 19012.122411 18768.197992
238.634592 19288.291868 18690.661948
239.636654 19488.931732 18939.386135
240.638504 19642.619830 19301.454559
241.639407 19593.070137 19644.624139
242.640115 19391.002020 19778.545581
243.643811 18754.310333 19647.586353
244.644014 18932.047265 19040.441891
245.644132 18920.894833 18798.639469
246.645927 19315.950271 18702.725883
247.649771 19131.446852 19005.602906
248.652986 19592.403392 19096.250695
249.653798 18722.282966 19496.091033
250.654779 19754.887959 19067.498972
251.657318 18722.510017 19541.352685
252.659409 18683.515391 19057.379904
253.662695 18874.474989 18702.430072
254.663834 19190.952640 18663.446184
255.666897 19168.420138 18934.069680
256.670087 19422.486933 19116.702791
257.670900 18966.055403 19411.498780
258.673618 18201.785640 19219.320165
259.675190 19954.354529 18486.712345
260.677715 18698.553380 19363.603425
261.680041 19487.283650 19007.885879
262.680544 19007.908411 19344.241685
263.682038 19148.753652 19188.648649
264.684752 18297.535919 19171.301002
265.685742 19293.744289 18518.577042
266.688557 18974.549295 18884.111058
267.689716 18635.860161 18929.890128
268.690576 18965.798925 18709.927605
269.692531 19236.325327 18828.883555
270.692572 19294.448428 19125.485174
271.695562 19318.426438 19345.088348
272.696039 18784.934463 19460.213462
273.698079 19654.201654 19082.210282
274.701918 19561.290968 19470.840131
275.702429 19534.825034 19641.312421
276.706518 19381.435421 19686.693753
277.707508 19239.340738 19556.375029
278.710347 18589.432072 19340.909753
279.710720 20042.670486 18720.353362
280.712109 19161.269912 19467.273655
281.713896 20009.379624 19323.532578
282.714932 19332.316190 19847.178657
283.717966 18822.115111 19641.754363
284.718107 19878.613994 19079.031864
285.722041 17805.315309 19525.815588
286.725157 18193.295729 18282.433038
287.728165 18722.794208 17832.447646
288.729455 19693.938467 18094.790830
289.732068 19464.782120 19111.321460
290.732322 19379.479953 19593.373767
291.734680 19406.765251 19738.275384
292.735945 19253.344952 19741.491308
293.736473 19601.454331 19544.352531
294.740286 18467.456899 19634.113282
295.740982 19461.577770 18820.330846
296.743415 18502.097931 19070.811795
297.746381 19150.703955 18574.133883
298.748944 19438.392908 18794.240458
299.752591 18921.458668 19209.176334
300.755199 19374.526174 19086.247735
301.757086 19036.827277 19323.386799
302.759961 19724.982863 19201.467002
303.763067 20030.484154 19615.463861
304.766234 19496.063715 20078.968010
305.767290 19562.966302 19897.783791
306.770219 20302.654859 19756.938603
307.770745 19199.805744 20192.789351
308.772996 18970.633771 19611.044266
309.775121 19520.245176 19045.483113
310.775931 19233.276670 19156.198755
311.779493 19088.878081 19087.341802
312.781748 19879.894091 18981.098101
313.783245 19179.231393 19548.183252
314.787203 19714.888082 19389.156515
315.791015 18716.808582 19658.904382
316.791563 19392.908101 19059.214616
317.792651 18026.380911 19180.842863
318.794523 19051.947443 18269.777904
319.798348 19232.500634 18522.571075
320.798565 19605.868660 18916.726646
321.800301 19007.008605 19472.773948
322.801266 18778.577555 19334.926236
323.802884 18652.368433 19012.699684
324.804010 18818.133059 18698.399035
325.807470 20052.853543 18654.064529
326.807746 18556.802165 19598.954772
327.808365 19623.184398 19062.836053
328.810642 20125.064284 19468.054896
329.811303 18936.311973 20085.856607
330.813212 18682.672560 19512.995149
331.814675 18608.907745 18892.164066
332.815014 18886.014577 18474.052037
333.816157 19087.752425 18506.540073
334.818725 19281.467479 18768.956104
335.819107 18374.220614 19125.149490
336.822258 19319.209761 18661.890531
337.822295 20203.765325 19067.085433
338.824659 19521.287920 19996.130639
339.825751 19286.241200 20000.703860
340.826704 18926.925709 19706.851445
341.831217 19285.700904 19185.286059
342.834700 19253.933379 19128.994674
343.837728 19315.956781 19116.199895
344.840877 19528.956493 19190.753428
345.844286 17760.196943 19419.080817
346.845997 19958.204970 18234.143768
347.849101 18796.979032 19171.694557
348.852342 18889.252782 18966.178102
349.854507 19300.146769 18890.325419
350.858165 19372.644441 19160.301409
351.860162 18934.114931 19384.623998
352.861708 18637.598292 19164.893271
353.861844 19415.204460 18774.945843
354.865043 19140.146477 19128.839867
355.865996 18796.723787 19171.084541
356.867047 19453.927357 18926.905344
357.868085 19728.963848 19265.173034
358.870710 19350.371520 19687.772828
359.871678 19366.400046 19625.426234
360.875281 19289.506618 19537.510653
361.875882 18876.639688 19393.105140
362.876634 18542.340726 18985.352555
363.881492 19160.134339 18503.573825
364.883410 18515.043077 18735.721395
365.885766 18862.894682 18474.079969
366.888986 18878.403701 18614.388737
367.889754 19107.902643 18758.301372
368.890769 19134.612786 19032.407478
369.892755 18923.961357 19208.366929
370.893850 19749.803644 19119.919547
371.894304 19590.083918 19646.088024
372.894851 18992.748908 19815.311373
373.895877 19590.292628 19395.614927
374.897224 19363.741626 19533.207989
375.899927 19197.541237 19446.362428
376.901836 18977.631036 19257.634155
377.902852 19084.713854 18983.314139
378.904570 20302.640367 18925.045468
379.906346 19715.169063 19849.273114
380.907899 18769.822955 19984.125272
381.911329 19412.815195 19275.302718
382.911695 18727.748624 19276.765680
383.915245 19482.389929 18797.709612
384.916372 20192.437535 19106.672309
385.917521 19536.440049 19887.618767
386.920480 18009.304784 19862.298574
387.922538 19626.975864 18622.822397
388.924870 19356.415558 19062.958215
389.925101 18401.276271 19221.110307
390.926949 18866.820508 18617.658201
391.928927 19189.595799 18610.994843
392.931541 18699.585908 18913.701049
393.932861 19204.906300 18766.520421
394.935196 19070.666785 19055.186773
395.938561 19357.794459 19136.270194
396.942476 19770.977338 19375.756808
397.945477 18923.369537 19800.896687
398.946064 19739.539850 19370.280939
399.947417 19515.353159 19655.372949
400.950399 20006.693823 19650.820661
401.950430 19448.271990 19983.183140
402.953019 19021.784490 19736.425675
403.955812 19551.162749 19221.142896
404.958844 19236.053531 19310.695600
405.959772 19882.932063 19179.256825
406.960512 19813.247385 19612.895513
407.962538 19692.460758 19844.960486
408.964201 19049.827771 19862.474727
409.965714 19172.365926 19346.753615
410.967201 18808.337894 19106.565214
411.970546 20293.604689 18729.900167
412.971830 20016.394348 19675.127172
413.975564 18393.222380 20094.452298
414.975832 19155.329497 19067.221397
415.978685 18621.785743 18956.686530
416.980540 18893.679496 18550.922023
417.983179 19750.727263 18569.676014
418.984126 19023.258066 19302.839705
419.986533 18858.574852 19235.791542
420.987314 18900.388416 19025.621681
421.989798 19021.241653 18910.135216
422.993137 18604.522097 18940.595212
423.996426 19597.804943 18663.447153
424.998346 19048.368564 19255.103994
425.999414 19145.979527 19224.530367
427.000923 19280.077256 19238.411325
428.003214 19209.817682 19322.817152
429.004160 19449.086846 19301.640410
430.004573 18587.134022 19447.548230
431.005625 19874.549716 18874.422176
432.006793 19499.098405 19481.598881
433.008002 18871.700339 19601.836459
434.009395 20125.195118 19165.722185
435.011252 18943.355431 19814.280670
436.011357 19167.830587 19329.908760
437.012652 18570.802799 19159.440840
438.013568 19610.921286 18628.533475
439.016256 19580.724488 19128.735989
440.016471 19220.119764 19476.735972
441.017913 18896.027033 19406.279549
442.019361 20145.096357 19081.441843
443.019723 19632.456884 19809.471281
444.021259 19239.220857 19872.912664
445.023886 19594.557589 19549.592390
446.024426 19152.008219 19576.841919
447.026240 19663.404799 19262.983574
448.029255 17834.934799 19461.857997
449.034366 20031.405370 18240.329409
450.035403 18629.465230 19175.569391
451.037600 19462.752927 18805.693272
452.038189 18998.389291 19201.663974
453.038406 19690.292634 19116.648837
454.038758 19056.246326 19563.503889
455.038805 19401.272545 19343.093870
456.038813 19476.577059 19419.946639
457.039175 19255.634329 19510.182885
458.040831 19581.062489 19381.192504
459.044054 19556.255069 19529.378890
460.046321 18782.522131 19597.787418
461.048496 19396.559200 19041.308891
462.050867 18730.976467 19158.900739
463.052158 19357.479001 18777.924229
464.054113 19192.125476 19045.575934
465.054656 19845.733523 19133.362409
466.055262 19488.570928 19682.152449
467.057615 18512.442208 19729.570791
468.060803 19550.464825 18960.933456
469.063252 19259.964676 19243.008939
470.063887 19382.442102 19243.035540
471.067315 19098.552860 19339.139195
472.067612 19164.378982 19185.099817
473.069994 19533.400845 19135.812980
474.070251 19492.161526 19395.077460
475.073197 19283.436777 19528.361056
476.073417 19219.592792 19429.409410
477.074069 19711.096900 19295.557440
478.074860 18922.403305 19578.268374
479.076399 19683.246886 19161.310776
480.077563 18740.195157 19463.737795
481.078325 18912.574456 18962.539781
482.081278 18254.061212 18785.639092
483.084717 19214.354995 18235.037656
484.085490 19072.015836 18684.713164
485.087413 18772.189639 18935.207007
486.089805 19319.567054 18869.786488
487.090260 19470.615610 19223.210077
488.091076 18686.621330 19537.297533
489.093152 19859.817971 19089.675071
490.095146 18319.113055 19644.997885
491.098523 19181.652742 18820.835626
492.100536 19005.119103 18930.228619
493.102743 19341.740938 18915.380917
494.105458 18110.778607 19182.857989
495.108109 19207.609204 18433.095514
496.110019 19138.743859 18800.257997
497.113567 19206.633883 19034.028032
498.115168 18537.301466 19228.009524
499.119930 19570.219238 18817.657047
500.120006 19182.321912 19317.080243
501.122139 18948.173195 19339.153595
502.124659 19626.599105 19135.370812
503.126346 18643.496727 19495.499449
504.127307 19384.362773 18971.011898
505.130243 19174.205561 19182.538865
506.132608 19945.824919 19181.140416
507.134684 18990.001330 19757.421996
508.134845 19477.746914 19375.795825
509.136470 19258.381783 19454.343304
510.137783 19121.063087 19334.944097
511.140666 18912.956658 19153.114894
512.141737 18937.834695 18898.107519
513.143340 19916.099244 18792.974644
514.146478 19464.587402 19510.321631
515.148856 19242.778460 19631.805646
516.149799 18994.895771 19484.386386
517.151697 18815.563574 19164.362758
518.153662 19782.588799 18827.485050
519.156025 18799.770201 19381.334745
520.158071 19564.451357 19021.459158
521.161416 19065.205212 19359.609992
522.163129 19400.314416 19205.461142
523.164557 18720.198772 19344.654637
524.166486 19507.933790 18918.079596
525.167911 19296.402473 19246.123134
526.168787 19620.917083 19316.949078
527.170966 19468.404411 19590.611357
528.173553 18346.487662 19620.634424
529.176536 19374.216903 18756.150892
530.177486 18231.795356 18992.290250
531.181313 19578.869733 18349.025432
532.184420 19524.984391 19008.391286
533.185224 19673.074129 19440.279819
534.187919 18506.765529 19788.467532
535.189962 19666.042195 19058.981588
536.193311 19540.061676 19425.642100
537.193986 18687.133089 19574.586991
538.195177 18744.397692 19000.731667
539.196478 19371.725693 18678.352813
540.197695 19536.813268 19004.170606
541.201458 19651.673782 19382.783956
542.204243 19949.597277 19696.743344
543.204389 19732.374203 20065.898269
544.206107 19497.278185 20058.483178
545.208332 19534.848407 19796.926375
546.211980 18959.895607 19619.413593
547.213318 19558.095889 19078.301305
548.214143 19352.085692 19226.793948
549.217258 20096.353939 19229.358107
550.219497 19375.171706 19819.523268
551.222852 19366.474868 19642.926841
552.223697 19848.966886 19481.167216
553.224920 19038.824903 19733.483330
554.225467 19778.782403 19280.905788
555.225478 19650.937359 19549.064921
556.227323 20053.058229 19644.690075
557.230138 19417.597608 19995.655126
558.232748 19478.348871 19708.892961
559.233162 19396.178687 19538.251488
560.235045 19409.520991 19376.327459
561.237190 20077.360172 19310.334979
562.241222 19000.938536 19803.014628
563.242701 19340.419917 19310.624611
564.242789 19475.170165 19241.619120
565.245884 18865.151057 19332.879259
566.245926 19488.503480 18956.567724
567.249427 19133.378936 19213.072107
568.250421 19108.340079 19143.838734
569.253010 18650.342863 19087.827955
570.254942 19044.660483 18721.452685
571.256293 18814.604771 18816.225809
572.257412 18888.488058 18748.179255
573.259068 19163.397441 18786.174823
574.262669 19156.985220 19036.932953
575.263949 20069.392869 19189.118974
576.266347 19630.645829 19941.484283
577.266995 18569.711959 20020.583804
578.270690 19494.144917 19166.948669
579.272833 19619.368041 19284.146642
580.275411 19320.940319 19489.162540
581.279286 20472.867324 19400.401073
582.281172 20002.037861 20200.100405
583.281360 20238.290264 20315.019703
584.283800 18370.477536 20471.423194
585.286615 18479.943785 19090.482161
586.287611 18763.513973 18302.110175
587.290862 17989.292494 18165.060225
588.291149 18890.800177 17665.482578
589.294343 19145.333668 18172.776996
590.297667 19534.968321 18796.830118
591.300873 18843.921842 19488.208556
592.302063 18758.710520 19327.302857
593.302698 19525.964098 19062.096263
594.304843 18406.387860 19429.086713
595.305114 18372.688897 18797.119106
596.306221 18432.831503 18358.178269
597.307878 19129.138650 18187.442462
598.309473 19343.609813 18685.652179
599.312656 18838.949324 19206.482027
600.313821 18941.657366 19122.683531
601.315592 19530.935349 19086.881763
602.316540 19231.737183 19474.633267
603.318080 19870.600852 19458.185915
604.321538 18411.415674 19872.497808
605.322473 18322.180167 18984.790632
606.324786 18483.869574 18330.666674
607.325598 20070.843090 18122.750123
608.327746 19267.553082 19299.301848
609.330270 19504.338720 19477.995514
610.331045 18966.820727 19692.320968
611.334140 18483.154917 19349.349638
612.336925 19286.351128 18719.482388
613.338858 19738.550725 18947.864053
614.339782 18705.910598 19485.826353
615.341364 19224.367170 19043.508500
616.344794 18768.762128 19126.792527
617.345442 18962.524902 18851.124420
618.345666 19542.103229 18838.021873
619.349803 19013.127957 19297.280103
620.353440 18225.064190 19191.383545
621.354225 18522.745221 18502.823544
622.356310 18906.702358 18312.364478
623.358677 19631.251754 18557.697983
624.360761 20009.008077 19311.027877
625.363634 18873.569067 20051.066035
626.367104 18532.978800 19558.991368
627.367886 18700.724878 18886.155758
628.371301 18944.515409 18587.253272
629.374812 19341.193468 18649.012829
630.378104 19390.675967 19051.276796
631.380374 19712.487766 19361.999823
632.381250 19208.058321 19765.889221
633.384897 19107.218051 19576.161473
634.388443 19673.196839 19313.641608
635.389883 18676.758468 19555.259878
636.390196 19352.008501 18958.224474
637.393725 18667.025968 19095.777796
638.397724 17609.990176 18714.875233
639.398777 19235.776963 17719.684791
640.399777 19805.103506 18414.006007
641.400527 19207.342226 19393.604261
642.403150 19763.322763 19537.957239
643.403531 19139.172641 19944.465378
644.404681 19077.057892 19634.321202
645.405941 19226.602907 19308.875912
646.406476 18530.131212 19200.357523
647.408116 19019.751417 18630.305904
648.408440 18032.863628 18687.451575
649.412158 18779.712876 18058.933529
650.414417 18962.956306 18298.293967
651.415832 19164.453608 18675.761485
652.418359 18978.354035 19087.416926
653.420126 19646.446200 19172.929137
654.423425 19252.649897 19668.110591
655.424201 18530.033762 19614.937993
656.426302 18712.936780 18955.817569
657.429051 19028.495013 18656.988668
658.431137 18777.643066 18758.229921
659.432977 18865.386961 18688.277860
660.433374 19885.315370 18741.451052
661.434051 19450.571173 19563.967932
662.435357 18555.867121 19729.505084
663.435505 19632.217219 19071.512143
664.437574 19855.040217 19420.866990
665.438559 18960.897513 19815.499220
666.443076 18838.546830 19352.093556
667.443189 19813.862138 18930.828701
668.444428 19383.370658 19428.612287
669.445203 18603.059411 19450.947932
670.445401 19058.243677 18859.988001
671.446603 18379.252514 18841.664088
672.449779 19126.334491 18377.403656
673.452750 18141.855326 18706.047138
674.455014 18357.572729 18237.081343
675.456191 19673.765130 18140.579994
676.458959 19953.130792 19133.721804
677.461532 18838.195284 19974.827786
678.463283 19711.682240 19553.754898
679.463717 19160.496795 19819.443767
680.464211 19875.420936 19511.958737
681.466668 19920.371452 19806.543842
682.470341 19179.981947 20004.768554
683.470474 18514.104545 19527.489507
684.471416 19430.489978 18702.565041
685.471542 19802.848068 18930.276759
686.473744 19081.066375 19448.454491
687.476106 18727.088306 19254.805481
688.479325 18633.573380 18849.062648
689.481048 19161.664670 18545.561451
690.483629 19145.750902 18811.882303
691.483752 18693.747984 19020.552995
692.486952 19305.078803 18817.185628
693.489853 19607.079567 19143.140649
694.490693 19707.517160 19573.103271
695.494281 18561.414581 19871.906850
696.496651 19987.130722 19120.634283
697.500500 18461.708339 19674.480180
698.503359 19957.017005 18885.498976
699.503467 18270.583882 19506.542214
700.504448 19107.182749 18664.857689
701.505353 19131.309794 18772.896125
702.509376 19771.474800 18928.582283
703.512626 20191.777493 19537.230994
704.515047 19417.876128 20215.343320
705.517828 19114.615275 19968.082003
706.519090 19751.749410 19479.454236
707.523029 19013.927062 19621.781214
708.524142 19593.804796 19172.069990
709.526870 20027.600803 19342.586947
710.527095 20194.230523 19815.996893
711.528815 19551.974198 20230.575134
712.529229 19495.525759 19947.085858
713.530056 19410.243833 19664.226975
714.533000 19202.345331 19416.660785
715.535219 19528.379176 19135.349576
716.538443 19458.233818 19255.968294
717.539222 18854.365631 19331.771355
718.541698 18799.061414 18948.387361
719.542315 19228.812140 18691.711769
720.545339 19841.158930 18912.524429
721.547802 18026.624679 19561.262779
722.549236 18973.090163 18594.705304
723.551430 18937.474017 18679.255523
724.551463 19583.616713 18768.277183
725.553918 18693.870726 19339.694243
726.557076 18011.854267 19019.073901
727.559748 19680.723320 18265.950591
728.559943 18212.675219 19077.516645
729.562964 19379.698403 18533.065265
730.564499 19396.854434 19056.009451
731.565185 19889.362805 19411.270805
732.566046 19126.298109 19954.678668
733.568412 19133.294698 19637.755112
734.570028 19233.174991 19356.676524
735.570218 19495.360278 19235.201994
736.572292 19126.484267 19370.596943
737.572704 19232.619649 19192.828243
738.574273 19514.361586 19166.959436
739.574711 18961.039140 19381.746538
740.574796 19289.448721 19107.302017
741.578509 19313.271184 19179.821223
742.578680 19032.841975 19261.354548
743.580658 20058.790418 19104.778462
744.583494 19301.823405 19777.967630
745.583923 18600.877679 19617.042651
746.586818 19295.377937 18932.066056
747.588143 19616.703572 19027.655857
748.588209 19205.871871 19383.375504
749.590586 19173.629166 19311.443569
750.594097 18582.626500 19224.902648
751.597270 18923.434326 18725.561817
752.599254 19695.487443 18695.763443
753.600053 18801.020895 19316.821814
754.603702 19035.000099 19051.167496
755.605551 19208.095177 19031.288089
756.605988 19201.843816 19152.097697
757.606928 18841.659034 19221.813350
758.608333 19165.706607 18981.540207
759.610792 19103.618174 19069.469022
760.612749 19566.057874 19090.926501
761.613341 19281.814592 19451.657934
762.613817 19645.766532 19447.441173
763.617405 18919.039539 19676.890103
764.618091 18951.519990 19238.788431
765.620604 19786.797044 18964.160709
766.622641 19344.888958 19450.144460
767.624998 19378.825988 19445.868417
768.627827 19035.524811 19443.938303
769.630259 18765.490062 19169.219284
770.631355 18669.260553 18795.910095
771.635134 19435.714765 18529.478360
772.637550 18663.988610 19006.048700
773.640685 18854.067640 18772.955770
774.642637 18857.875412 18771.726787
775.644336 19027.368748 18794.553338
776.647892 19346.539276 18948.917134
777.648698 19707.591343 19285.089831
778.653556 18783.561095 19739.327591
779.656453 19082.776560 19265.489723
780.659615 19388.897242 19132.500231
781.662469 18850.183749 19283.165078
782.663840 19346.988873 18980.895423
783.665838 19322.573712 19169.686520
784.666465 19053.249451 19290.096286
785.668445 19397.615198 19156.427330
786.668546 19745.180578 19322.072692
787.670924 18884.889548 19684.455035
788.672536 19573.005172 19235.609320
789.675812 18902.607347 19439.593237
790.676957 18713.933104 19072.139811
791.680572 18219.145542 18704.524299
792.682155 18757.279600 18151.978073
793.686415 19217.999259 18296.097371
794.690297 18229.346775 18828.992321
795.692840 20114.317172 18451.202168
796.695674 19419.376874 19620.571041
797.696693 18844.079355 19807.486787
798.696837 18990.854983 19372.444042
799.700158 19054.270411 19132.913219
800.700460 20184.584549 19025.194820
801.701582 18908.034954 19826.340121
802.703542 18613.272963 19359.061682
803.705623 17969.849083 18791.594288
804.707508 18581.979554 17980.712349
805.709085 19908.844004 18031.653416
806.709152 19175.328896 19189.853822
807.710457 19195.728178 19398.565239
808.713736 18776.711151 19462.411324
809.717110 19795.519871 19113.400810
810.719448 18511.883237 19618.829678
811.720679 19623.878769 18952.989185
812.722544 19410.972774 19343.789100
813.722932 19066.305723 19449.531979
814.725732 19758.169412 19234.263329
815.728353 19712.848416 19603.537369
816.732056 18951.784550 19792.841653
817.734921 18904.292069 19296.697586
818.735544 20015.090288 18926.777932
819.738757 18768.349409 19569.295304
820.740096 19308.992389 19066.947077
821.740852 19323.736622 19146.605782
822.741983 19422.324122 19238.089960
823.743349 19563.871498 19379.184340
824.744965 19162.419662 19566.677007
825.744976 18712.227904 19358.633087
826.745808 19904.994331 18867.913952
827.749130 19654.964389 19478.207693
828.751034 20311.446798 19702.528766
829.752998 20071.664835 20295.160015
830.753899 19714.647053 20415.710863
831.756333 20184.816784 20122.211444
832.759263 19531.550243 20226.197934
833.762275 18506.572172 19777.895986
834.764696 18646.059059 18723.425023
835.766622 19655.205818 18246.591494
836.767800 18284.504834 18864.901691
837.769871 19369.439070 18343.607082
838.773452 18982.837522 18881.884893
839.776641 19218.839334 18982.961181
840.778502 18810.490020 19210.469770
841.779167 19138.256883 19020.054469
842.782335 20320.187035 19118.280854
843.782423 18966.750293 20058.835668
844.785881 18315.722018 19579.373360
845.788002 18443.943202 18698.215233
846.789674 18728.187950 18258.178754
847.792294 19938.128434 18297.785187
848.792998 19903.559032 19332.644457
849.796387 17545.570351 19975.518035
850.800414 18402.309929 18510.473562
851.800521 19565.761261 18179.280207
852.802436 19399.999120 18942.029459
853.802964 18996.866734 19355.015429
854.805832 18343.456776 19270.405048
855.809304 18666.462827 18669.657810
856.812969 19720.650812 18529.988471
857.816743 18754.247111 19284.913379
858.818888 19206.239583 19046.507416
859.820684 20110.347224 19193.233712
860.824484 18434.488113 19947.929058
861.824691 18915.090843 19108.986940
862.827421 20015.044239 18881.343221
863.827632 20898.647457 19600.923315
864.831392 19537.194656 20726.946006
865.834037 19480.977199 20311.793113
866.834121 18547.331350 19868.403960
867.835224 20026.072722 18849.618306
868.836557 19949.936672 19373.709769
869.839711 19093.551446 19741.744202
870.842776 18741.380080 19335.520616
871.844093 19654.839234 18807.788006
872.846287 19647.202183 19212.414085
873.848454 18629.869975 19519.605623
874.852021 19626.576042 18942.101376
875.853283 18800.468035 19322.820953
876.853434 19286.110401 18969.538509
877.854228 18883.554846 19114.861442
878.856484 19735.585866 18928.418482
879.858485 19344.720792 19463.004358
880.859843 19027.763707 19505.293868
881.863053 19240.049529 19248.577540
882.863503 19152.147669 19224.230284
883.866952 18801.993350 19150.085072
884.870835 19288.881888 18850.912377
885.871905 19114.830108 19054.262675
886.875146 18971.453059 19084.053793
888.380529 19198.790648 18999.110644
889.382379 18856.322979 19120.227865
890.385859 19013.663758 18943.576420
891.386094 19070.901447 18951.442921
893.379427 19862.316965 19013.859647
894.382002 19521.890191 19652.890099
895.384005 18540.555754 19769.441961
896.385097 20444.344534 19029.829122
898.378558 19293.528903 19965.545945
899.380118 19717.434119 19689.992281
900.380702 18563.724359 19771.028516
901.381027 18484.892059 18932.865715
903.380351 19734.965722 18362.374750
904.381239 19645.490307 19045.313842
905.383256 19762.255833 19492.089796
906.384207 19236.866021 19841.402046
908.380442 19064.716668 19602.229259
909.380582 19442.820261 19262.190041
910.380678 19194.377080 19326.379784
911.381101 18815.411575 19201.252389
913.379530 17813.936484 18852.745735
914.379537 19451.081301 17918.052550
915.379879 19824.380392 18652.535554
916.381119 19234.996937 19499.387811
918.379432 19198.512883 19562.024493
919.379576 18508.920274 19484.222905
920.381003 19373.602098 18856.700148
923.380676 19789.793559 19104.505170
924.381913 18700.489640 19607.825508
925.383220 19577.601661 19087.999751
928.378798 18994.141008 19389.043360
929.379827 19305.050063 19149.109250
930.381190 19354.358500 19223.581926
933.378908 18871.422092 19318.166626
934.380261 19043.110673 19012.304638
938.376011 19431.096087 18952.919444
943.376011 18870.344053 19236.763714
948.376011 19011.765812 19006.704917
