2.000526 17997.154874 0.000000
3.001269 18984.503818 17997.154874
4.001738 18828.676798 19971.852763
5.002100 18905.347408 20101.819734
6.140721 18682.399996 19906.020444
7.140761 18742.411256 19390.741980
11.140721 19194.176444 19001.025697
12.140754 18681.981903 19080.337837
16.140721 18810.184586 18764.307653
17.140955 18807.104685 18681.863135
21.140721 18760.540821 18670.411313
22.140903 18907.479752 18663.935847
26.140721 18653.481333 18795.053556
27.140825 18887.171104 18698.220145
31.140721 18828.296937 18813.886065
32.140918 18990.479988 18845.884659
33.141218 18979.369485 18979.124314
36.142372 20776.747556 19040.250183
37.143457 18940.491571 20403.626496
38.144094 18988.374823 19801.402929
41.140721 18766.846947 19320.975745
42.141126 18883.132392 18831.466015
46.140721 18724.669097 18657.770468
47.141044 18623.114155 18508.415703
51.140721 19295.397026 18411.635463
52.140731 19047.675215 18920.327170
56.140721 18781.663586 19082.649128
57.140735 18557.906370 18955.557908
61.140721 18853.435896 18680.720805
62.141744 18932.153819 18734.245790
66.142392 19220.858793 18849.844251
67.142987 18917.435964 19144.749604
68.143798 18981.019659 19083.662455
69.144427 19831.718408 19059.250030
71.142453 19503.579448 19665.510286
72.142698 18890.493594 19764.088224
73.143504 18696.812291 19288.435609
76.140721 18783.163205 18805.862821
77.140783 18811.843746 18602.076980
81.140721 18754.678382 18566.966021
82.141504 18762.302585 18567.755950
86.140721 19012.720811 18620.599675
87.140738 18885.658482 18870.260935
91.140721 18902.615107 18935.409787
92.141219 18643.579236 18968.263855
96.143470 19271.708104 18774.001799
97.145620 18689.133964 19115.361781
98.145902 19828.744685 18888.197748
99.147206 19001.067421 19579.557826
100.147253 19677.500430 19366.776632
101.148694 18445.866076 19676.283489
102.149339 18393.290086 18907.615387
103.151506 19664.721697 18368.412016
104.152495 19990.038360 19058.603556
105.154301 18855.555801 19799.216359
106.155148 18763.369024 19366.366341
107.157146 19612.327867 18953.098615
108.159096 19109.735311 19335.751486
109.160932 19321.729174 19219.277600
110.161567 19412.347081 19292.650482
111.161766 18729.235288 19404.570026
112.163207 18974.731320 18950.140217
113.163249 18961.649788 18851.821104
114.165733 19041.394861 18823.577953
115.167753 18557.952186 18903.783141
116.169668 19684.040503 18615.706659
117.170541 19722.958825 19301.796037
118.172614 19068.531933 19769.590584
119.174508 19350.956695 19501.009749
120.176562 19276.893113 19470.418449
121.178525 19346.618968 19369.709674
122.179293 19676.139590 19348.445537
123.179727 18994.728426 19584.497293
124.180542 19164.071474 19214.375372
125.181999 19571.058120 19101.409961
126.182042 19643.583386 19365.832618
127.184477 19123.633927 19603.744272
128.187739 18939.734823 19342.697783
129.188563 18137.691582 19019.484247
130.191688 19212.011822 18236.407692
131.195178 18987.765534 18625.930567
132.195810 19434.162681 18799.027602
133.198806 19011.891674 19267.558463
134.201407 18376.159330 19226.771693
135.202018 18871.033984 18675.859045
136.203287 19050.042970 18696.633783
137.204089 19527.280354 18884.877942
138.205424 19362.726011 19378.219316
139.207087 18830.167452 19538.739506
140.208897 19810.408494 19175.577308
141.211126 18919.225618 19642.824526
142.213434 19967.265008 19249.956970
143.215663 19536.020530 19756.869897
144.216772 18506.422094 19739.491779
145.221121 19105.585929 18907.736082
146.223278 18997.060684 18840.902612
147.225527 17887.082381 18792.262773
148.225656 18912.334948 17986.658604
149.226786 18356.800700 18327.901889
150.227420 18916.810324 18227.981110
151.229227 19586.998831 18630.232836
152.231509 19934.201199 19405.644452
153.234653 18492.365735 20099.090630
154.234698 18990.018261 19323.214764
155.236442 19804.307909 19100.803968
156.239976 19192.204080 19572.619379
157.240015 18770.697830 19407.371345
158.240281 19279.254780 18954.825825
159.241893 19494.702272 19063.938778
160.241947 19586.580831 19333.909874
161.244612 18885.239627 19578.002441
162.247796 19660.188775 19176.187419
163.251488 19355.286437 19483.754821
164.253369 19202.472623 19452.970257
165.256844 19018.954385 19298.546659
166.258853 18882.637704 19059.677673
167.261604 18596.978540 18827.824847
168.262929 18484.935282 18511.357275
169.266490 19054.039570 18290.496362
170.269141 20145.187649 18655.503851
171.270757 18831.653708 19756.002585
172.270947 19240.139080 19418.397762
173.273926 19752.877625 19409.273366
174.276495 17859.910133 19746.981506
175.280245 19752.806753 18497.583986
176.283582 18717.795404 19133.139228
177.287320 19231.952566 18829.575218
178.287346 18866.776437 19035.466131
179.288264 19007.071607 18913.651100
180.288677 19245.482216 18946.246296
181.288753 18227.900875 19156.558179
182.288896 19453.673432 18520.759124
183.289227 19638.846666 19048.974452
184.290541 19269.412479 19553.136786
185.291622 20097.977132 19549.569783
186.292116 18938.291666 20099.170446
187.292968 19616.670270 19503.908349
188.293277 19870.971864 19573.657083
189.296335 18124.841622 19810.010942
190.298779 19840.284413 18633.830421
191.300846 19532.786345 19205.075054
192.303552 19452.934744 19418.876159
193.305319 18865.080168 19494.365558
194.308246 19238.700655 19080.861621
195.310938 19751.739023 19100.379655
196.310979 19667.439545 19529.497698
197.312955 19144.401739 19736.392442
198.314084 19311.983579 19430.323235
199.315788 19625.760752 19331.494638
200.318028 19335.615711 19512.535454
201.319251 20017.855332 19413.753405
202.319443 19226.790131 19856.507674
203.319673 19502.998291 19524.922822
204.322970 19137.859219 19491.753343
205.322978 19613.266354 19204.125537
206.324522 19275.460335 19400.300405
207.324970 19319.615079 19298.274813
208.325460 19427.155456 19274.674455
209.326659 19470.578096 19354.764715
210.328814 19199.551351 19445.474510
211.329013 19867.531835 19293.835246
212.333505 18741.628823 19695.430003
213.338832 19432.461699 19094.825580
214.342103 19740.611190 19224.348836
215.344669 18734.841514 19572.250799
216.347245 18303.911954 19033.964620
217.348913 20337.148875 18366.843585
218.349278 19582.162411 19542.477850
219.351255 19048.615742 19762.722891
220.355398 18878.849992 19427.545290
221.359037 18812.074359 19037.899789
222.361144 20249.345934 18753.232865
223.362458 19363.543307 19703.563458
224.364993 19551.145683 19650.822402
225.366110 19294.843264 19693.333883
226.367158 19448.203187 19486.815760
227.370506 18971.336268 19450.583516
228.372792 18892.859703 19074.222123
229.373426 19248.709044 18801.462539
230.374418 18794.796424 18954.819044
231.376360 19480.160276 18764.535331
232.379974 19005.597349 19190.981637
233.383281 19557.572238 19120.577254
234.385989 18924.862558 19470.611254
235.389324 19574.558026 19192.836239
236.390921 18438.536547 19474.226913
237.394759 18781.016222 18787.988919
238.394982 19418.105372 18614.366585
239.396437 19128.037539 19047.034690
240.399248 18193.004190 19138.585538
241.400544 19404.712606 18480.448951
242.402809 19442.109424 18988.300779
243.406675 20168.594942 19374.377263
244.408456 18145.253451 20129.212684
245.409558 19151.393222 18998.969841
246.410571 19691.034474 18975.024150
247.413783 19212.622830 19411.874511
248.414246 18280.266597 19341.280950
249.417098 18736.827012 18574.552464
250.419757 18924.563873 18460.037066
251.422024 19474.708251 18612.779499
252.424286 18759.697177 19179.705093
253.426702 19994.383871 19000.660373
254.427597 19400.630060 19776.912235
255.429703 18272.851809 19774.090717
256.432785 19475.079331 18833.481105
257.433008 19993.727799 19124.689617
258.436138 19113.556790 19746.877653
259.438522 20216.206265 19459.555950
260.442065 18947.659881 20056.382415
261.445006 19243.195099 19443.341822
262.445043 19154.798623 19234.552454
263.445704 19153.961758 19066.021074
264.447473 19346.902642 19003.322123
265.450115 19485.401998 19154.338219
266.450444 19369.971148 19381.861890
267.451609 19052.236485 19434.935615
268.452906 19472.823849 19206.930363
269.454656 18610.910492 19369.694791
270.458140 19341.089483 18830.424252
271.460629 19020.934813 19053.544786
272.463552 19679.694519 18996.875224
273.466410 18682.154376 19468.625120
274.468289 18955.680373 19009.112311
275.469132 18900.171748 18902.760920
276.471036 18740.149404 18821.183619
277.473753 18892.488344 18680.125243
278.475393 18590.919062 18738.856300
279.476316 19029.570220 18580.452878
280.478779 19403.813608 18832.856082
281.481607 19501.286089 19288.918759
282.481675 19797.985314 19618.778171
283.483533 18465.186117 19976.859275
284.484655 18770.152415 19111.581939
285.485738 19270.248427 18746.069039
286.487534 19360.227104 18944.405442
287.491091 18919.184910 19192.518398
288.492855 18826.863367 19027.720407
289.495662 18591.626709 18848.946379
290.499648 19735.204321 18577.611120
291.499679 18857.710950 19303.130596
292.500920 19829.119424 19115.788737
293.500979 19957.188232 19686.154717
294.504444 18865.604318 20103.130489
295.506713 19062.833928 19456.444876
296.509278 18889.480053 19133.314137
297.511800 19610.552757 18824.113309
298.513298 18871.833027 19226.659109
299.517478 20218.675294 18969.865624
300.521734 18749.591131 19827.092432
301.523999 19217.068805 19251.788430
302.526281 19194.210037 19189.195359
303.529259 19445.373362 19147.723110
304.531193 19564.898998 19326.981210
305.532069 19138.151478 19535.852525
306.535451 18664.630926 19327.489161
307.537600 19828.408061 18820.832645
308.541315 19522.318044 19401.286808
309.543855 19552.745285 19568.726690
310.546648 19029.413512 19663.664900
311.547248 19127.792737 19290.905272
312.547725 19325.600949 19112.936937
313.548715 20072.685304 19176.022878
314.548915 19086.589013 19805.273633
315.549950 19631.192192 19447.179709
316.551181 18905.093116 19586.437458
317.552310 19031.733785 19122.680709
318.552556 18699.359830 18931.385938
319.554183 18654.930839 18611.545048
320.557143 18950.768511 18440.256556
321.560578 18335.207882 18630.159134
322.560991 19571.936527 18343.592296
323.565224 19059.557990 19125.759257
324.568157 19594.117396 19244.103152
325.569306 18698.589194 19658.058364
326.572362 18739.792526 19177.404576
327.575745 18894.621561 18848.276336
328.576326 18826.571952 18772.713040
329.579085 19879.331903 18714.371315
330.582489 19366.444147 19502.820575
331.586367 19573.095299 19606.507220
332.588243 19118.689274 19753.323138
333.588383 19071.375186 19440.869619
334.591791 19465.071403 19168.612207
335.595434 18983.009104 19303.446409
336.597301 19177.403234 19049.723034
337.601236 18583.995293 19051.978462
338.605249 19054.788729 18639.406413
339.607921 18761.459500 18772.362686
340.608900 19592.143376 18689.450411
341.611386 18119.730411 19289.009453
342.615343 18598.169733 18560.262730
343.618013 19263.983255 18444.585782
344.620991 18937.779399 18924.503436
345.622677 19568.850390 19004.679326
346.622982 19768.228277 19501.345533
347.623149 18600.164031 19916.088266
348.623997 18532.815600 19210.446450
349.627668 18276.978839 18654.543615
350.630275 18961.947175 18154.282622
351.633177 20061.244104 18448.552432
352.636280 19585.657444 19548.508720
353.638039 18984.097819 19869.980714
354.641017 19662.763974 19508.466175
355.642000 19558.274594 19705.616433
356.645148 19280.379364 19715.111412
357.646374 19161.689714 19472.228275
358.647375 19006.102166 19213.807241
359.649552 18577.129774 18954.876682
360.651315 19559.769240 18516.488478
361.651480 19491.878321 19049.434300
362.652728 19471.824997 19392.572757
363.655856 19044.898854 19573.928383
364.660639 19336.503327 19318.885743
365.662950 18934.137014 19341.571055
366.665350 19541.185514 19049.872044
367.666862 19359.094443 19330.375157
368.669973 19341.314415 19386.760999
369.674051 19092.204331 19394.702260
370.676888 18890.145082 19198.493367
371.680279 18787.029405 18922.272224
372.681733 18892.503104 18698.793109
373.683399 19821.959054 18688.217900
374.685803 18920.578291 19431.093560
375.686549 19030.660897 19224.212190
376.688951 19233.638140 19127.424985
377.691275 18802.021158 19207.073293
378.691779 18247.012754 18929.825922
379.693528 18863.926785 18342.994743
380.695726 18949.523854 18488.269179
381.696557 18450.120922 18719.018600
382.700175 19482.575259 18517.467425
383.700466 18472.896407 19174.195964
384.702801 19240.148406 18822.395919
385.703761 18658.996800 19134.560017
386.704783 19246.426733 18881.175459
387.707126 19265.278577 19139.510965
388.707743 18647.211729 19309.546543
389.711404 19382.774583 18919.947204
390.712592 18989.382412 19208.635807
391.713719 19082.842480 19101.470674
392.714220 18872.964887 19089.961093
393.715844 18986.616132 18925.018454
394.716394 19072.552408 18914.772177
395.719850 19489.761147 18992.062234
396.721620 18857.729228 19363.736360
397.725159 19123.536532 19107.055681
398.725801 18676.065467 19115.739206
399.726644 19660.947568 18786.427002
400.729201 18662.286773 19332.842091
401.733631 19219.530596 18939.080409
402.736000 19079.258920 19090.934026
403.737434 20138.517912 19093.806220
404.738680 19750.996527 19886.049737
405.740326 18931.010893 20054.647500
406.742262 19429.073134 19448.044413
407.744394 19536.423334 19389.031170
408.745094 18855.295512 19450.047690
409.747676 19382.206062 18991.303994
410.753232 18958.658634 19123.112938
411.756073 19026.435535 18936.130120
412.758486 18482.457875 18899.103516
413.760265 18970.351528 18504.439973
414.760697 19974.760477 18667.532917
415.760864 18668.468317 19578.090753
416.762666 18541.469106 19152.817983
417.763140 20236.077453 18723.844773
418.764756 19175.880408 19734.720511
419.766350 19138.213981 19570.349832
420.766657 19743.897774 19361.297316
421.768977 19212.541307 19655.263069
422.770686 18990.975873 19425.887271
423.771106 19283.251071 19091.688806
424.772103 19659.880675 19118.617738
425.774682 18466.121415 19455.712741
426.775550 18757.915646 18779.982780
427.779398 19304.260651 18582.498132
428.780589 18940.575697 18937.368940
429.781730 18611.995056 18933.763557
430.782048 18902.853714 18687.228420
431.782419 18920.121479 18763.296504
432.784407 18643.240264 18849.170672
433.785626 19008.937276 18702.184547
434.787163 18978.047236 18888.228172
435.788725 18753.994072 18988.259731
436.789825 19522.362322 18867.682514
437.793239 17914.408846 19355.247982
438.793351 19094.848184 18434.844194
439.795503 18966.218555 18729.862966
440.796028 18322.871613 18872.146435
441.796046 19130.910777 18484.295993
442.797433 18477.283962 18856.044050
443.798007 19070.210947 18620.414649
444.800537 19442.233121 18911.512515
445.803308 19760.122530 19375.752687
446.805900 19811.622340 19862.909938
447.808570 19502.115410 20119.416569
448.811319 19352.053455 19938.591129
449.811331 18889.549143 19626.513014
450.814449 18972.350787 19054.980832
451.815977 19463.447323 18789.958052
452.818374 19712.060234 19071.367247
453.820522 19240.384525 19496.551548
454.822161 18696.499931 19409.264087
455.824723 19676.899791 18915.487021
456.828476 19643.930884 19349.151611
457.831122 19426.520141 19623.194271
458.831628 18428.314344 19602.341697
459.835162 20269.301374 18799.305673
460.838864 18704.498319 19685.780101
461.841901 19137.577268 19101.295342
462.844523 18911.287184 19034.662919
463.846206 19812.610652 18857.357731
464.849582 19431.965222 19458.180102
465.850056 19676.625190 19561.714852
466.853857 20353.125850 19764.539796
467.855053 19405.686487 20351.349111
468.856519 18954.033316 19934.618431
469.856939 20045.439320 19255.280227
470.859004 19729.775595 19658.853900
471.861518 18696.384408 19720.539298
472.861555 19017.563543 18978.647681
473.863213 19239.194840 18778.020405
474.863979 19256.578028 18903.816024
475.865367 19131.499766 19063.595929
476.869194 19310.785566 19097.922710
477.871925 19338.727551 19257.944714
478.872783 18110.215916 19372.122418
479.877050 19108.051147 18499.478827
480.878156 18711.925300 18714.217727
481.881914 19190.809437 18622.951146
482.884992 17985.236139 18958.724497
483.887757 18967.398832 18280.452434
484.889203 20722.279935 18604.134349
485.890089 18726.435823 20172.952254
486.892265 19061.581006 19597.810043
487.894744 19045.044392 19343.754270
488.897666 19411.315751 19133.780607
489.898343 19054.430719 19281.313241
490.902596 18501.257600 19119.916411
491.903091 20058.701739 18607.966734
492.903582 19271.273903 19493.397716
493.905156 19943.167886 19486.868336
494.905485 18782.333960 19933.625525
495.908019 18806.679259 19288.764265
496.908814 18428.944184 18857.985033
497.910873 18820.080736 18346.467667
498.911452 18661.134949 18404.680527
499.915964 19811.875083 18418.427669
500.919808 19161.438284 19349.033161
501.920912 18509.611830 19442.218788
502.922241 19096.460550 18929.746635
503.922681 19688.610764 19008.613397
504.923171 19133.717455 19514.121227
505.924978 18906.182050 19394.327544
506.927634 19378.140499 19098.626627
507.930450 18614.971693 19256.633861
508.930974 19324.520973 18793.637533
509.933086 19369.875151 19049.634869
510.934350 19052.598773 19280.370697
511.935997 19718.897064 19180.157441
512.936329 19338.248696 19597.884864
513.936818 20128.208806 19551.515350
514.938500 19769.613254 20067.484011
515.940374 19259.163300 20071.702877
516.942696 19348.875856 19615.452439
517.942755 18438.190877 19365.539351
518.944720 18826.008291 18553.403200
519.946060 19287.243062 18409.395104
520.948505 18269.535310 18787.470431
521.950815 19738.612030 18338.170438
522.954120 19780.159818 19198.169200
523.955379 18663.529629 19794.440129
524.957062 19694.125482 19251.532874
525.959156 18183.901854 19606.025325
526.962469 20163.766040 18672.628869
527.963608 19405.352904 19568.647027
528.966717 19931.825945 19596.626006
529.967998 18811.257028 19957.652002
530.971355 18745.297314 19291.281797
531.974805 19005.026124 18788.620717
532.976246 19010.463012 18721.255934
533.976700 19101.719730 18762.593756
534.977986 18486.336652 18913.672519
535.981722 18284.090524 18574.686395
536.982210 19125.229635 18231.421302
537.983561 19419.611710 18703.810394
538.984016 19159.461038 19266.146307
539.987099 19750.330784 19390.567610
540.987152 18420.727803 19838.153928
541.987369 19485.603931 19042.789065
542.989978 18994.908745 19288.248414
543.990892 18427.118854 19092.295579
544.994087 19418.916502 18544.130034
545.994500 19163.970187 18984.642703
546.998495 18868.011853 19122.257751
548.000999 19057.920894 18979.524634
549.002748 19621.041877 19022.711660
550.004378 18956.388588 19475.448219
551.005702 19244.603176 19239.724946
552.007112 18419.948613 19267.190161
553.009063 19329.677648 18656.785100
554.010448 18552.760383 18974.670224
555.011163 20018.678512 18639.676693
556.011973 18700.137639 19549.889447
557.013474 19806.449792 19133.287436
558.013789 19263.762693 19646.433096
559.014346 19281.056774 19535.994775
560.014971 19555.225524 19425.688155
561.016424 19265.657517 19540.003563
562.020847 19654.431449 19383.790751
563.022720 18888.639830 19567.731486
564.026032 18754.502675 19107.033130
565.027211 18869.021358 18721.482761
566.027599 19989.538161 18622.851567
567.029587 18495.746473 19475.466020
568.029717 19055.332997 18909.947516
569.030256 19805.194299 18943.327896
570.030411 19541.541077 19550.415338
571.031344 19419.764437 19719.913882
572.033460 19130.702508 19668.737473
573.035220 19080.761805 19364.109563
574.037094 19516.333563 19115.988317
575.040460 19544.097394 19309.799884
576.040716 19329.896531 19479.161961
577.043904 18785.656194 19419.426210
578.046158 19535.640491 18958.995662
579.048031 19205.891025 19247.933744
580.048105 19257.941342 19217.017372
581.049682 19819.827406 19237.815337
582.052622 19198.627652 19674.660369
583.053604 18778.213051 19463.474829
584.055186 19065.942710 18976.359314
585.056063 19913.883383 18899.062235
586.057331 20425.425820 19538.089318
587.059630 18730.059940 20335.208204
588.059878 19494.034149 19484.797641
589.063085 19468.048993 19443.888591
590.064844 19700.719730 19416.481589
591.065799 19014.066649 19590.172991
592.068272 19812.636133 19189.665566
593.069524 19681.855983 19544.439238
594.069674 18936.937600 19690.790185
595.069744 19027.266810 19203.043321
596.072436 18898.734751 18960.390366
597.073710 19403.903264 18759.383955
598.076019 19459.048343 19072.594834
599.077614 19047.973837 19353.386189
600.077737 19077.571243 19211.891526
601.079437 19241.068532 19122.362827
602.081612 18675.131017 19189.023548
603.085326 18398.128381 18810.912018
604.088723 18616.322468 18380.159026
605.092215 19126.037806 18332.920434
606.094068 19715.322098 18762.438150
607.095794 19531.546430 19510.060141
608.095997 18761.832907 19797.354875
609.097002 18784.231041 19297.264988
610.097419 18441.056262 18930.160625
611.101066 19384.163387 18452.744963
612.104445 18825.343019 18918.445301
613.105224 19905.580876 18848.609715
614.105821 19080.174597 19618.053641
615.106635 19451.790589 19455.602704
616.106962 18512.073386 19559.232202
617.107764 18909.880655 18879.398646
618.109264 19024.742032 18746.006005
619.112154 18863.151269 18806.424379
620.112281 19124.849690 18770.019907
621.112324 19048.688800 18971.374328
622.112458 19316.423022 19053.299711
623.113646 19200.968065 19293.910342
624.114632 20176.217976 19333.252609
625.116193 19388.569146 20051.290040
626.117695 19264.451838 19850.804117
627.121072 19804.482380 19541.914432
628.124004 19460.001067 19723.126847
629.124485 20289.003327 19575.710954
630.126073 18863.040330 20094.827230
631.129952 18705.304707 19333.457145
632.130698 18979.216860 18716.866181
633.132753 18858.483065 18611.114445
634.134923 18209.803919 18559.713835
635.135812 19367.402572 18122.196478
636.138921 19826.847142 18793.538650
637.140073 19711.007346 19617.259144
638.141085 19584.882357 19994.636543
639.144424 18556.039516 20017.824202
640.147792 19286.516302 19149.550439
641.150521 19366.956313 19114.893417
642.152243 19483.401057 19200.800635
643.155012 19329.542675 19372.626722
644.158420 19699.796130 19370.839562
645.159919 18808.354039 19637.311852
646.161184 19359.045646 19117.587498
647.165533 19133.896636 19193.435662
648.167161 19162.967339 19103.900482
649.168798 19528.615550 19088.434958
650.170229 19739.456041 19373.571449
651.172773 19144.337822 19713.031088
652.173875 19280.024996 19443.028482
653.175023 18964.434079 19335.119894
654.176910 19155.343641 19030.698688
655.179149 18857.178233 19005.104104
656.181472 19292.933477 18806.242640
657.182970 19100.426398 19046.362240
658.186122 19036.043844 19083.684539
659.186262 19827.132669 19058.244239
660.186413 19020.011933 19633.290608
661.188203 19287.380171 19363.933756
662.190164 19322.447200 19343.801053
663.191251 18871.540043 19345.929752
664.191809 19091.941138 19002.943096
665.195358 19584.210868 18963.899826
666.196622 19429.297185 19345.590817
667.198111 18802.169558 19479.906062
668.198472 19015.890106 19064.065746
669.200656 19241.715823 18950.961951
670.204455 19082.638317 19080.011381
671.207960 18722.861081 19065.654076
672.208823 19073.045243 18792.888557
673.210877 20087.536661 18901.637050
674.212190 19732.219819 19759.731909
675.214625 19160.469247 20004.242894
676.217027 19493.270643 19629.679689
677.219107 19189.663040 19574.696523
678.220938 19558.260418 19299.142768
679.222915 18952.478462 19410.443991
680.224845 19054.560672 19048.712243
681.226372 17833.478412 18920.349581
682.228810 18982.211200 17973.909327
683.230516 18920.509027 18327.131063
684.232257 19554.796612 18621.235335
685.235084 18303.983349 19318.821583
686.235571 18795.601340 18788.498517
687.236118 18088.145602 18770.921685
688.236495 18980.606718 18237.711380
689.238321 19353.869335 18603.060619
690.241512 19057.446790 19160.068726
691.242626 19348.516651 19264.706024
692.245456 19072.925494 19483.512260
693.246797 19352.213653 19352.473107
694.248327 19607.480100 19426.532747
695.248599 19729.259876 19636.432629
696.250508 19003.739472 19825.479270
697.250796 19016.816967 19351.807439
698.253481 18779.082924 19037.762652
699.255522 20119.208026 18697.203306
700.256126 19284.405110 19552.487364
701.256362 19631.451090 19495.707371
702.256572 18487.714185 19674.776295
703.257113 18054.608023 18895.676776
704.259626 18678.208499 18079.306748
705.261119 19280.497731 18132.647409
706.263671 19966.649761 18747.424936
707.264090 19541.754343 19702.695921
708.264937 18885.441127 19927.648310
709.265391 18955.376532 19451.416100
710.267755 18498.609594 19124.257806
711.270515 19141.486407 18575.883137
712.273738 18844.189568 18764.535027
713.276178 18875.270428 18730.126187
714.276589 19550.140425 18764.748257
715.278826 19220.447993 19315.842333
716.280504 19098.667168 19402.694570
717.282714 18995.228940 19309.223425
718.285618 18811.704609 19132.270118
719.286365 18855.366774 18871.889921
720.287107 18990.356885 18759.400118
721.290239 19082.980260 18828.389464
722.291645 19895.158135 18972.843524
723.292352 19056.657088 19681.738144
724.293969 19542.598457 19460.664666
725.295416 18979.544202 19613.582060
726.295957 19696.294335 19250.004165
727.298614 19534.143418 19538.162826
728.299364 19078.721011 19600.161846
729.301513 19017.976872 19273.089944
730.304483 19506.023622 19015.403655
731.308099 19009.015264 19253.238878
732.308775 19295.101630 19062.596407
733.311401 19060.240679 19168.444660
734.313939 20032.619587 19076.887316
735.314171 19597.991040 19756.231166
736.315097 19078.461956 19839.028785
737.316696 18817.602960 19430.521346
738.317170 19103.728275 18942.608532
739.318195 19111.372060 18881.994718
740.318346 19445.851733 18912.854039
741.320943 19416.432036 19228.772960
742.323608 19574.692246 19418.937341
743.324192 19079.234288 19632.088362
744.326247 19924.363745 19352.721376
745.328401 19221.697308 19778.513203
746.330514 19424.505073 19500.871925
747.331058 19175.755398 19444.363455
748.331113 18914.271357 19224.582369
749.332199 19468.284894 18906.372052
750.335450 18814.027640 19164.751872
751.336803 19782.788565 18879.132098
752.338420 19125.499943 19446.616790
753.338483 19138.717900 19321.435613
754.341516 19775.256509 19219.774575
755.344185 18566.339761 19626.083844
756.344722 19524.007182 18959.844084
757.347738 18260.505114 19246.598689
758.348515 19142.174660 18511.701563
759.350842 18566.914147 18742.706048
760.352225 18654.997715 18526.630058
761.353862 19145.606209 18494.725762
762.354997 19812.591101 18886.797972
763.356453 19749.603820 19647.774806
764.357003 19288.956426 20022.226836
765.358532 19559.335552 19795.811551
766.361438 18075.100091 19758.674472
767.365109 18882.362069 18577.094607
768.365115 19656.260574 18466.252529
769.365327 19163.260284 19095.282753
770.366539 18730.159036 19180.292104
771.369682 19503.572386 18893.712888
772.371996 20073.460636 19289.594829
773.374938 19329.441164 19968.446377
774.379065 19271.727431 19776.111112
775.382529 19173.386888 19524.990692
776.383050 20439.814412 19262.359260
777.386262 19897.226492 20058.621094
778.388529 19189.606137 20145.109401
779.389881 19847.394797 19595.667560
780.390008 19830.855980 19712.772780
781.391544 19134.282532 19792.576781
782.392867 19098.947640 19319.618495
783.393138 19105.695196 19010.304193
784.393262 19845.899410 18882.868570
785.393435 18520.912189 19430.010576
786.393698 19340.170349 18813.813372
787.394134 19321.006278 19046.933094
788.394763 19298.436296 19222.429216
789.397044 19194.765867 19317.894056
790.400181 18833.793705 19283.009214
791.403490 18961.000551 18972.776835
792.404264 19779.343113 18878.319997
793.405103 19728.704954 19465.518638
794.408339 19023.621415 19799.595458
795.410159 19364.487239 19420.098588
796.411387 19729.058122 19386.880227
797.414914 19370.698526 19638.100962
798.415840 18647.610623 19517.680923
799.416362 19699.752217 18878.409376
800.417335 19283.802441 19290.180111
801.419547 18966.383128 19286.496172
802.422192 18560.182373 19045.916285
803.423860 19070.506659 18601.092486
804.426990 19866.953575 18751.196273
805.428112 19698.944840 19503.410950
806.431399 19328.133634 19844.397393
807.432095 20023.143192 19700.419072
808.434504 18696.473004 20056.615721
809.438799 18890.114241 19231.343272
810.441775 19161.343191 18830.220408
811.442044 19519.474807 18848.054147
812.445107 18834.731371 19203.891989
813.447309 19410.479735 18947.149038
814.447997 19836.211625 19222.484418
815.448816 19112.487756 19726.449855
816.451253 18897.024903 19463.080115
817.454227 19751.719155 19082.150015
818.456509 19710.264058 19486.424376
819.459810 18336.991690 19723.793928
820.460378 20088.775039 18809.141961
821.460959 18573.266492 19547.615922
822.464542 18139.220120 18915.511271
823.465041 19071.793319 18188.362971
824.465326 18765.359200 18511.933008
825.469015 19205.719606 18583.857515
826.469311 19956.403534 18995.465494
827.471375 19037.080844 19816.845957
828.472178 19357.424067 19572.933566
829.475185 19703.342941 19557.271606
830.476741 18447.592901 19758.917897
831.476850 19041.652832 18904.034774
832.478108 19434.252994 18808.027692
833.478238 19533.232830 19112.880558
834.479156 19135.428571 19419.884977
835.479488 19327.537102 19303.370955
836.480044 20123.963937 19347.209747
837.483155 19908.086501 19961.531107
838.483276 19030.783958 20147.391918
839.486838 19416.402696 19522.519062
840.487527 18853.068898 19376.362911
841.489529 19967.334649 18890.794433
842.490128 18703.580442 19474.278124
843.494280 19205.546322 18941.468445
844.495627 18365.963850 18992.066015
845.498165 19915.597597 18441.048023
846.501081 19719.483740 19308.993294
847.501452 18764.377098 19747.531612
848.502253 19138.059145 19243.458822
849.502850 20164.570006 19151.913531
850.506746 18823.770362 19872.560435
851.508346 18267.438535 19300.286547
852.510726 18697.319717 18477.771686
853.513275 19214.456879 18336.341854
854.515628 19372.949982 18743.724276
855.516220 19781.785825 19183.968465
856.519816 19713.379740 19757.962821
857.522738 19328.229725 19999.611186
858.523123 18877.906135 19760.014996
859.527138 19189.889819 19194.527890
860.530581 19482.578590 19066.616662
861.530632 18442.526886 19252.995915
862.534482 19364.804544 18623.542433
863.540764 18499.951829 18955.270048
864.542779 19361.191157 18574.877943
865.544154 18714.958688 19011.879858
866.545629 18882.572912 18833.034288
867.550106 19297.270235 18839.803272
868.552864 18597.758933 19164.903166
869.554319 17857.616214 18835.911404
870.557914 19077.003249 18056.770365
871.560328 19446.460719 18531.951585
872.563552 19081.715579 19182.898213
873.565060 19176.859181 19300.703299
874.567432 18997.551213 19376.216613
875.569780 19547.667224 19229.652937
876.572343 19286.198985 19510.932676
877.573115 18852.842567 19464.655003
878.575168 19036.358501 19071.884849
879.575391 19622.123981 18958.376152
880.578464 19251.258826 19360.441500
881.579042 19311.642691 19348.745929
882.584034 18705.447164 19363.814266
883.587796 18889.078028 18903.658896
884.590147 19076.454850 18761.751426
885.592545 19969.326892 18863.161958
