95.003761 19090.764907 0.000000
96.004890 18814.377136 19090.764907
97.005565 19466.756947 18537.989365
98.005694 19022.059985 18958.177281
99.005714 19510.358633 18961.893434
100.008294 19373.646655 19345.017134
101.009430 19225.227263 19475.380375
102.010972 19402.750078 19403.814022
103.011461 19351.285325 19456.526266
104.012559 18975.653925 19430.839777
105.014777 18461.281449 19116.384369
106.015607 18700.123278 18538.194698
107.015809 19081.891397 18409.002921
108.016405 19453.051734 18703.513211
109.018115 19676.953661 19223.733156
110.020696 19184.878496 19709.099217
111.022054 19224.308197 19574.689485
112.022950 19435.773978 19439.604148
113.024368 19435.858921 19476.836827
114.025144 19374.777345 19485.251162
115.025660 18786.886456 19431.299087
116.027151 18797.682311 18949.274447
117.028320 19052.719478 18675.762021
118.029026 18608.800095 18760.763756
119.030900 18998.214984 18543.314017
120.031961 19833.153321 18743.021833
121.033504 19423.051670 19532.877782
122.034322 19436.086949 19695.298403
123.035415 18998.651974 19718.223490
124.035661 19354.547805 19331.075666
125.035667 19053.931950 19321.317705
126.037361 18667.299779 19099.284358
127.039419 19297.884129 18686.955454
128.040532 19473.299618 18948.815346
129.043034 19588.845110 19298.574104
130.044366 18426.682270 19603.793981
131.046389 19067.870088 18881.044572
132.048073 19258.869941 18886.970155
133.051074 19053.710291 19078.407820
134.052110 19044.952741 19065.372445
135.054620 19435.806002 19049.371056
136.054939 19419.942321 19333.405729
137.057043 19143.177469 19489.125373
138.057238 18975.165280 19342.115793
139.059375 19326.385633 19092.867280
140.061221 18622.073686 19202.232788
141.063647 20077.414538 18759.719793
142.064999 18865.790035 19595.557408
143.068295 19483.754423 19225.222121
144.070579 19195.908408 19413.669746
145.073490 19194.521610 19309.530217
146.074400 19007.054055 19228.014902
147.075295 19647.225134 19038.283255
148.077501 18757.982561 19415.738441
149.080131 19496.349861 18995.405778
150.081488 19169.024386 19279.659117
151.084182 18770.098629 19230.464366
152.084776 18621.904079 18891.312678
153.084801 18765.154933 18580.287409
154.087357 19308.067183 18542.617083
155.088189 18681.258753 18986.600570
156.088476 19111.592069 18818.852644
157.090090 19289.978887 19023.330195
158.093343 20017.760568 19281.424553
159.096868 18794.379610 19958.446576
160.097455 18973.384011 19394.250367
161.098885 18763.038460 19096.437874
162.099615 18521.070275 18759.008998
163.101565 19893.883433 18409.825787
164.103120 19372.954090 19292.655172
165.105804 19036.853868 19493.679923
166.106668 19216.964640 19311.935673
167.109168 19178.977581 19287.376176
168.110738 18974.982667 19229.003249
169.112370 20081.403003 19034.314183
170.115877 18165.778772 19751.952023
171.118022 19862.424344 18756.415515
172.119442 18837.482749 19383.472254
173.122022 18512.046743 19048.032450
174.123792 19740.947992 18583.598118
175.125323 19456.879481 19255.169045
176.125985 19424.162535 19499.347863
177.128945 18830.766455 19586.282466
178.130675 19313.540396 19144.172725
179.133938 19986.280331 19206.846743
180.134525 18482.558263 19769.412116
181.136553 19118.282789 18977.120305
182.140394 18699.364556 18934.127284
183.144238 18866.162070 18644.480975
184.144650 18960.968032 18638.476851
185.146295 18878.509864 18763.500565
186.149192 19016.858856 18813.535663
187.150197 18555.331317 18958.558506
188.153194 18881.429095 18699.499361
189.156580 18890.662201 18778.501111
190.158058 19347.321295 18850.658811
191.160959 18876.647166 19239.232829
192.161680 18520.064269 19107.536358
193.163062 18827.379482 18716.528652
194.163845 19407.801144 18702.395113
195.166115 19880.734620 19161.890682
196.167208 19262.609636 19807.816189
197.168193 19988.214129 19685.414812
198.171628 18945.113309 20062.716199
199.173466 19698.839706 19450.415760
200.175815 19244.953409 19583.234726
201.177835 19543.046954 19338.130731
202.182203 18927.082203 19415.854562
203.185339 19662.416386 19024.541012
204.187852 18949.815452 19356.020172
205.188059 20123.166982 19063.908105
206.190160 18761.022627 19769.342556
207.192100 18988.206027 19188.907621
208.194855 19246.281937 18962.106455
209.196264 18943.322327 19048.787698
210.197681 19395.738950 18914.282172
211.199846 18577.272149 19193.601914
212.203105 19525.818791 18769.945944
213.203519 19121.913553 19221.359492
214.207014 18902.728143 19220.252162
215.208353 18808.207174 19030.724787
216.212070 19150.645810 18833.071212
217.213030 18885.165888 18984.857392
218.215430 18874.431600 18903.087645
219.216782 19053.707910 18849.671617
220.219144 18492.380719 18963.610830
221.222213 18855.815614 18622.109314
222.225581 19832.194949 18691.502579
223.228092 19664.085502 19499.561971
224.230156 18502.884942 19860.667826
225.230336 20112.641878 19121.174753
226.233005 19877.095294 19804.173465
227.233411 19080.106579 20046.129987
228.237413 19096.395293 19527.108038
229.241148 19071.842700 19168.063234
230.241379 19266.378357 18952.209403
231.242203 19542.196816 19020.092554
232.243581 19400.064894 19322.469424
233.245733 18849.429513 19421.990766
234.249194 18761.599151 19053.293433
235.250046 18556.240950 18752.106015
236.251221 19469.617845 18449.866939
237.253103 19610.252480 19010.373576
238.254922 18931.616083 19510.913938
239.255615 18744.942470 19277.041456
240.258055 19828.717843 18933.743662
241.258356 19775.453945 19527.725997
242.258773 18942.821303 19860.017202
243.259878 19353.297861 19380.547509
244.263052 20131.270404 19339.238529
245.265891 20055.490806 19905.578280
246.268589 18643.332208 20188.336488
247.270576 18621.106601 19237.385223
248.271363 19036.123996 18596.727131
249.272682 18768.485454 18593.755999
250.275053 20162.895857 18502.133526
251.275673 18762.875157 19568.718073
252.277326 20323.759540 19200.539268
253.278982 19173.288692 20077.697125
254.283242 19522.184697 19714.938521
255.286836 18970.969275 19659.818766
256.289653 19110.274752 19184.438804
257.291609 18624.047485 18997.860549
258.291802 18559.098469 18568.004522
259.295493 19707.074699 18318.375487
260.295560 19635.980970 19114.723888
261.298618 18177.427704 19607.665494
262.301827 19607.396570 18767.300216
263.305874 18791.635742 19272.126099
264.308279 19321.650541 18996.536037
265.309577 18781.522932 19205.027031
266.310810 19888.298052 18933.332700
267.313429 19465.617974 19589.614432
268.316887 19725.261783 19675.416144
269.317068 19003.759946 19860.600315
270.318469 18919.436698 19378.231389
271.319194 18364.452256 18980.186629
272.323363 18875.015100 18349.738435
273.328104 18946.469514 18421.114927
274.331113 18822.042438 18623.869026
275.332204 19120.715694 18712.575890
276.333862 19465.938781 19008.300902
277.335263 19775.140431 19443.184421
278.335358 18769.312189 19898.216008
279.335951 18935.551031 19340.591726
280.339300 18458.798897 19043.638832
281.339489 18953.537743 18510.576335
282.342833 17595.734667 18602.154861
283.343577 18796.253856 17717.437538
284.345283 18759.931094 18145.042550
285.348681 18528.633351 18494.405811
286.349305 18790.044134 18561.995456
287.352803 19487.004396 18783.507839
288.355850 19900.752619 19418.618301
289.356496 18877.457017 20063.581223
290.357823 18831.611921 19577.883831
291.358664 19212.080422 19125.544610
292.359358 18590.432921 19111.243203
293.361174 19246.330346 18663.066179
294.362663 19293.176521 18912.742421
295.362762 18720.266594 19156.112155
296.366738 19796.992656 18882.380668
297.368935 19624.735727 19512.530953
298.369160 19290.791164 19769.528824
299.371273 18264.599162 19611.371063
300.373452 19054.380913 18682.503206
301.374713 19383.837793 18705.929580
302.376331 19138.240393 19051.848260
303.378872 19679.607548 19123.606934
304.382214 18952.777094 19569.170001
305.384703 18543.033140 19274.438081
306.385776 18642.142648 18739.348909
307.387244 18878.914427 18497.057512
308.389436 19018.784519 18589.761932
309.389509 19367.614199 18813.304834
310.393295 19712.084266 19238.068467
311.394006 19137.257771 19741.189266
312.397339 19984.461881 19554.353545
313.399558 19429.609068 19992.064823
314.400579 18283.438584 19792.880117
315.400687 18803.153587 18742.842139
316.402513 19457.626080 18492.758513
317.403383 19059.061163 18936.169839
318.405993 20056.851508 18989.315874
319.408470 19491.046697 19781.667972
320.408696 18325.023075 19822.286298
321.410945 19139.232213 18885.267843
322.412995 18894.333729 18887.354278
323.413437 18739.150553 18767.693116
324.416702 18799.492846 18623.135306
325.420567 18951.939449 18625.116932
326.421283 19248.605413 18784.036677
327.421527 19300.703044 19127.971715
328.424391 18996.260294 19369.170882
329.426881 18918.179505 19244.321443
330.429205 18679.449248 19061.320845
331.431876 19632.853003 18754.987518
332.433488 20031.561309 19297.989104
333.435155 19419.818563 19952.237100
334.437681 19003.969103 19840.385092
335.439716 19600.158421 19367.430360
336.442592 18959.199657 19487.229668
337.445118 19496.677140 19094.642438
338.446784 18324.902057 19267.596240
339.449107 20060.053322 18532.512053
340.451903 19102.127035 19414.430910
341.453479 19067.674593 19298.351226
342.455259 19627.641183 19165.416005
343.456432 19344.982299 19494.487984
344.458728 18297.585801 19480.318110
345.460913 19117.204100 18653.851847
346.461663 18606.358292 18766.265929
347.463229 19251.282083 18527.073156
348.463364 20243.650359 18910.990897
349.466368 18336.111935 19932.298771
350.468032 19069.794837 19090.136787
351.470129 18624.418796 19030.811759
352.470749 19342.329449 18676.862983
353.473011 19796.497922 19025.210539
354.474641 19053.481815 19619.290399
355.474935 18892.130824 19403.370129
356.478286 18131.901589 19086.924672
357.479485 18685.789847 18309.831556
358.482812 18830.142821 18292.218700
359.484302 19687.689871 18490.069788
360.484431 18728.227073 19317.173878
361.487389 19421.527572 19103.757823
362.487742 19149.148912 19423.142482
363.488454 19261.940482 19378.147089
364.488551 18998.091835 19382.993526
365.492172 18630.077655 19157.266998
366.495218 19835.549373 18728.599308
367.495480 18533.213595 19393.738839
368.497711 20025.126275 18860.009404
369.499485 19265.458156 19630.380245
370.502043 19248.438933 19544.501083
371.502588 19483.782652 19419.036353
372.506053 19307.120114 19490.162423
373.509369 19037.876908 19391.633611
374.510403 18608.125302 19119.308427
375.513135 18722.012124 18640.474250
376.516617 19010.768601 18478.385042
377.518698 19610.915787 18674.814565
378.520774 18349.906099 19307.128225
379.523963 19382.671767 18753.474680
380.526516 18649.157941 19150.330013
381.529497 18562.117251 18856.707748
382.529788 18801.143182 18592.728646
383.533723 18896.954711 18632.355695
384.534770 18991.152670 18766.224738
385.535228 19179.848054 18936.490221
386.538185 18694.728133 19176.810114
387.540137 18797.872544 18933.889604
388.540576 18667.580838 18829.997290
389.544026 18713.583914 18672.301166
390.545247 19414.309114 18626.775330
391.547486 19128.680557 19151.258457
392.551408 19397.047869 19265.041268
393.552573 19214.853726 19489.117979
394.553582 19201.795381 19441.493200
395.554188 19628.889464 19351.227183
396.556104 19146.444307 19589.056786
397.560135 18780.533107 19356.095890
398.562581 18526.960271 18912.769146
399.563937 19420.625866 18467.867137
400.564799 18888.009396 18930.438612
401.565431 18940.029986 18884.808811
402.565690 19367.738679 18901.809499
403.568446 18657.871871 19240.646485
404.571708 19494.644461 18909.437920
405.574651 19450.012993 19308.521568
406.575426 18864.428031 19521.120514
407.577767 18834.429461 19170.454386
408.579361 19211.488472 18896.115805
409.579697 18844.892526 19026.319187
410.582130 19131.773773 18862.766240
411.583172 19322.690895 18991.682273
412.583445 18517.564927 19234.351006
413.586401 19365.645119 18773.925869
414.587004 19250.846469 19115.683209
415.587378 19401.115892 19262.953369
416.588303 17512.335918 19446.263791
417.591685 19472.227563 18110.047047
418.592511 19482.555897 18762.429626
419.592527 19436.790291 19273.816651
420.595272 19523.897739 19547.370770
421.595487 18242.344058 19721.833296
422.597634 19072.304320 18798.415409
423.601623 19133.243658 18820.158824
424.602817 20063.558427 18939.771409
425.605302 19573.805739 19745.681840
426.606932 19239.142666 19860.791687
427.610996 19386.339579 19595.602819
428.613142 19236.899173 19484.291031
429.615010 19904.772830 19292.066970
430.616767 19238.692619 19683.068233
431.616960 19031.223426 19434.434855
432.617008 19200.353699 19105.580713
433.617423 19067.207217 19049.412025
434.618477 19649.470939 18959.203238
435.619703 18812.905390 19377.797630
436.623333 18810.388627 19027.588992
437.625053 19596.029834 18796.926200
438.627048 18173.568599 19274.191316
439.629117 19468.039512 18526.437577
440.629825 19355.161106 19035.196648
441.631142 19212.342838 19313.128095
442.632269 17951.970516 19355.488370
443.635519 18792.091686 18395.602883
444.637322 18939.340798 18434.842926
445.637875 18549.899333 18654.211971
446.639822 19169.562342 18543.097602
447.641922 18756.012917 18953.988107
448.644610 19511.890360 18903.164849
449.646644 18811.454427 19407.873320
450.648781 20482.233347 19160.904865
451.651097 18862.358911 20203.142219
452.654035 19385.531697 19579.127850
453.657740 18335.280615 19480.308021
454.660200 18846.196008 18619.515714
455.661145 19524.707953 18501.247330
456.661575 19267.088847 19037.234267
457.663137 18979.045621 19233.881827
458.664288 19591.739539 19124.474943
459.664551 19333.957593 19492.934609
460.668123 19291.015742 19508.529214
461.669863 19337.308941 19440.477224
462.670459 19330.803699 19403.805757
463.674017 19522.251005 19363.966888
464.674355 18926.667953 19479.342136
465.674531 18944.400991 19101.069689
466.677118 19248.299120 18881.632809
467.680706 18974.563631 19015.530011
468.681372 19008.554286 18935.369273
469.682720 19416.012468 18930.580485
470.686207 19059.988966 19253.273177
471.688174 18721.422262 19188.286719
472.688398 19264.730493 18869.794024
473.692162 19493.039035 19080.935910
474.693012 19469.502817 19403.686904
475.693922 18653.944522 19569.748271
476.694389 19561.558140 19016.048869
477.695942 19769.982331 19329.383295
478.697078 19974.688501 19700.412363
479.699672 19939.035320 20056.849016
480.703212 20040.223711 20187.787328
481.705785 19737.571230 20266.959775
482.706426 19834.846802 20022.872622
483.706799 19292.553787 19902.460377
484.709268 19457.124757 19418.631099
485.710591 19323.592373 19268.625360
486.711071 18992.083348 19140.598051
487.714636 19373.803378 18873.701209
488.717140 19638.540442 19056.138345
489.721177 19406.417518 19425.325969
490.724135 18605.713885 19489.131206
491.726952 18184.938395 18899.827678
492.729305 18307.897961 18216.065848
493.731546 19924.339060 17958.622744
494.733573 19181.448460 19129.550821
495.737512 19891.495421 19356.543969
496.739505 19737.981482 19958.801887
497.740958 18977.862715 20127.968774
498.741974 18852.780829 19544.966320
499.744263 19353.777895 19017.877777
500.744758 18992.035219 19088.807068
501.745500 18976.281327 18919.207414
502.745539 19549.874798 18840.799119
503.745710 19618.786047 19265.660627
504.747381 19668.487993 19600.828360
505.749634 19934.662446 19810.178108
506.752163 18406.271612 20079.061293
507.753793 19065.819541 19031.110048
508.756451 19388.855571 18845.585764
509.758007 18659.805763 19050.159088
510.760634 19252.663041 18690.332515
511.762705 19388.520150 18947.430499
512.763470 19428.093152 19254.180458
513.765264 18108.082414 19470.820112
514.765673 18848.301107 18578.450145
515.767747 19141.774697 18569.837249
516.771663 19337.758395 18855.251958
517.774430 19073.851189 19216.577771
518.775291 18556.792748 19229.605429
519.778386 19631.391550 18809.386867
520.779639 18845.083680 19342.078158
521.780862 18513.468325 19091.021249
522.782570 19137.314866 18655.296886
523.784839 19240.682796 18869.862470
524.785046 18829.090024 19121.534309
525.786853 19772.760327 18968.462771
526.786879 19282.576627 19564.836542
527.788939 19142.273598 19547.366599
528.789281 19733.744169 19367.206863
529.790308 19013.949341 19664.496607
530.794199 19686.138020 19290.607248
531.794872 18981.182597 19538.639602
532.798280 18904.830601 19170.813815
533.801026 19188.882169 18882.229120
534.805630 19703.997310 18956.625819
535.809406 19623.958870 19438.224612
536.810461 18349.031423 19685.438353
537.814251 19327.327776 18837.479767
538.815815 19960.473412 19025.110653
539.816496 19323.495144 19669.339604
540.819094 19179.609539 19586.503830
541.819993 20166.791143 19371.419568
542.820305 18910.944074 19956.311133
543.823110 20006.861584 19359.491616
544.824901 19273.643695 19770.883104
545.826786 18894.205538 19485.660052
546.829844 18425.407192 19005.465819
547.831536 19297.302968 18385.954873
548.832509 18309.240337 18739.984311
549.835593 19270.422356 18315.281722
550.836307 18533.090845 18822.306595
551.839439 19799.359818 18634.849339
552.841099 18927.984954 19465.382817
553.844281 19034.299404 19310.612658
554.846865 18961.181746 19217.306490
555.850179 19215.507293 19070.063391
556.853613 19388.598018 19159.965590
557.856892 18489.822328 19348.620160
558.860591 18608.234144 18778.860141
559.863266 19145.942552 18510.529541
560.865683 19919.203842 18804.071698
561.866873 20342.420500 19616.256457
562.868942 18737.409916 20415.498176
563.870508 18775.093430 19593.091679
564.874062 19508.626310 18996.230625
565.875176 18665.751341 19192.665459
566.876685 18326.462254 18737.716862
567.878180 19030.305604 18237.784369
568.880279 19122.639259 18537.870106
569.882184 19687.658622 18880.272090
570.885057 19185.602287 19535.829396
571.885523 19522.237143 19525.023105
572.886472 19313.233009 19687.240897
573.889533 18371.164587 19570.345753
574.892444 19376.030474 18741.068680
575.894721 18960.879756 18987.603535
576.895847 20648.808195 18896.614659
577.898480 19151.825872 20133.132824
578.900627 18613.517451 19757.574008
579.905821 19492.548282 19014.626249
580.906977 18613.142254 19202.148294
581.908995 18670.726413 18708.954792
582.912949 19002.909366 18481.593026
583.915246 19688.814572 18664.332704
584.915301 19905.991576 19354.775614
585.917738 19279.334119 19946.389561
586.919445 19894.582626 19762.103945
587.920360 18823.046233 20010.705061
588.924053 20068.069067 19302.322715
589.924748 18798.523822 19762.079548
590.928051 18857.250261 19116.296410
591.930766 19967.659069 18758.006523
592.931075 19353.744299 19436.479120
593.933071 18744.542638 19448.074328
594.934114 18629.552644 18973.388180
595.934666 18827.450155 18592.591224
596.934900 19083.834603 18559.856235
597.936111 19846.410770 18802.675556
598.937632 18896.058201 19566.307104
599.940764 18294.975271 19305.384367
600.943534 19487.357607 18621.779260
601.944012 19148.642567 19092.562461
602.944887 19493.774472 19172.616568
603.948339 19830.034555 19465.499050
604.948612 19065.017777 19871.204209
605.949696 19747.014521 19490.001791
606.951125 18791.166294 19704.652137
607.954272 18697.501097 19105.681736
608.956974 18616.860068 18657.318777
609.957475 19241.394896 18382.702106
610.957760 18754.790993 18772.334382
611.957813 18755.378141 18719.462721
612.958847 19016.270195 18702.299320
613.960188 18424.422535 18902.656365
614.962385 19671.981081 18587.352600
615.963406 18899.504914 19324.637111
616.964247 18529.166492 19200.758233
617.966617 19249.344096 18785.751648
618.967042 19424.630431 19054.235270
619.968079 19270.676076 19368.719039
620.969237 19775.236673 19424.473005
621.971165 18705.997228 19792.321203
622.974147 19763.187388 19170.044586
623.978313 19735.656662 19535.787058
624.979974 19074.285346 19754.860332
625.981824 19648.881831 19363.567564
626.982802 20287.904830 19526.547990
627.986262 19830.060323 20117.888912
628.988658 19689.912872 20112.679972
629.992292 18537.121829 19934.310002
630.992868 18653.442272 18919.432452
631.993625 19885.044717 18403.656353
632.994327 18971.670730 19131.916618
633.995592 19716.659969 18999.298284
634.997181 19314.532237 19484.824158
635.999464 19030.035569 19483.950249
637.001552 19145.539010 19227.786290
638.002017 18895.473525 19136.894211
639.004884 19123.729948 18906.060258
640.006610 19512.301058 18959.188915
641.006942 19417.361575 19318.316834
642.010020 19323.133657 19475.172238
643.013057 20268.987138 19468.476335
644.014840 18454.408135 20138.182825
645.017518 18972.602361 19144.802896
646.024503 19663.688166 18864.159911
647.025170 18998.499768 19269.263385
648.027278 19752.110960 19071.530018
649.031097 18412.038318 19519.614166
650.034576 18293.840019 18796.725957
651.036033 18846.406696 18250.461219
652.038218 19456.425888 18402.598557
653.039309 18654.269423 19047.133655
654.042050 18773.751860 18870.106914
655.044970 18511.624840 18817.245998
656.047740 18454.644971 18583.346741
657.051014 18712.699445 18405.731735
658.055054 19906.234661 18522.693397
659.055411 18204.468807 19523.827152
660.057218 19111.158294 18843.671516
661.059532 18544.849674 19023.810136
662.061249 19169.343055 18710.985020
663.062926 20082.213831 18981.408662
664.064059 18901.789735 19848.257163
665.066326 18920.688572 19454.852508
666.067053 19959.177716 19134.058615
667.069390 18941.309054 19699.186016
668.073905 19064.123111 19283.346145
669.074767 18451.391430 19082.027479
670.076165 18765.173156 18517.343294
671.077911 19708.969203 18453.849530
672.080862 19760.836384 19207.780589
673.081057 19254.503252 19748.943658
674.082138 19431.829010 19642.748525
675.085242 18952.277351 19625.583959
676.088500 19719.731028 19208.899195
677.089857 19970.485191 19511.991609
678.091652 18237.736386 19903.538294
679.094042 19522.850648 18816.486756
680.094152 19044.655253 19092.109092
681.096192 19103.787876 18978.959102
682.096589 18626.159091 18983.157613
683.096922 19007.806782 18657.192845
684.099026 18953.756718 18772.687791
685.100378 19844.032844 18848.677463
686.101281 18848.947170 19580.649208
687.102677 20597.606701 19266.166733
688.105999 18953.307706 20316.115253
689.106819 19821.884049 19678.238129
690.108242 19696.672612 19829.499219
691.110395 19157.479593 19809.317393
692.113700 20013.499435 19366.670521
693.115575 19529.518437 19735.064234
694.116967 19253.860288 19625.884143
695.119349 19247.325161 19340.459059
696.121212 19181.508908 19171.195479
697.121404 19597.643294 19056.233920
698.123601 19833.289670 19342.172677
699.124766 19274.263558 19725.744492
700.126276 19788.059939 19525.147110
701.127497 20201.576274 19747.474816
702.128338 19355.779922 20178.922201
703.130396 19195.727762 19765.962148
704.132331 19122.238528 19336.897445
705.133376 19101.385109 19031.955747
706.135889 19925.725697 18886.415529
707.136118 18565.365192 19485.643256
708.137457 19221.372992 18875.007351
709.139573 19033.114938 18984.284709
710.140259 19300.996538 18957.001918
711.140593 19168.415476 19163.299977
712.141159 18886.227644 19201.437351
713.143267 19403.065735 19000.609695
714.144084 19471.400992 19259.228922
715.144467 19005.087453 19475.749182
716.148116 19496.392312 19233.187110
717.148692 19543.577670 19423.359804
718.150654 19769.562326 19572.093297
719.151017 18601.733103 19808.819628
720.151976 19814.763958 19041.496551
721.153680 19364.899146 19457.667292
722.154770 19246.814684 19417.628220
723.157856 19179.362156 19295.863069
724.160993 20082.994511 19172.129001
725.161168 19005.661190 19789.794522
726.164631 18704.168115 19363.927289
727.167404 19313.306061 18835.307342
728.170386 20168.838302 18995.066021
729.172682 19342.407760 19796.154551
730.174368 19876.881171 19670.046848
731.175727 18622.008703 19925.938282
732.178646 19498.622141 19100.465371
733.179261 19138.942200 19225.574827
734.182159 18639.595594 19086.631427
735.184559 19243.032753 18655.727466
736.186351 19158.462319 18888.820387
737.187219 19337.637133 19030.492113
738.187942 19649.870207 19267.701638
739.188927 19098.292852 19637.965080
740.189430 18381.863880 19412.390067
741.191726 18738.153224 18683.756527
742.191791 19146.485762 18511.183603
743.192428 19496.197918 18787.888950
744.195285 19000.770368 19278.174944
745.197981 19657.634182 19206.253021
746.201923 19194.654823 19611.569257
747.203505 19412.076152 19478.509087
748.205935 19430.311061 19504.081433
749.208363 20221.311963 19507.542467
750.211992 19579.255365 20083.215809
751.212282 19162.188523 19924.034070
752.214598 19121.346746 19445.448393
753.216731 19269.190735 19104.709254
754.219287 19198.848655 19049.382049
755.219512 18350.143032 19023.914058
756.222175 18539.975973 18418.384494
757.224299 19550.806941 18240.934053
758.224448 19138.376294 18985.092538
759.228348 18993.845411 19189.277396
760.229502 18384.194187 19170.246387
761.232201 19439.689412 18659.392221
762.233205 18858.200278 19126.787048
763.234371 18328.634124 19002.593202
764.234887 19074.112872 18507.223432
765.236941 19190.425207 18774.000281
766.238500 19119.395518 19069.651105
767.241620 19943.467189 19194.397776
768.243068 19545.969667 19856.074300
769.245738 19065.975532 19910.637643
770.248603 18488.986284 19486.756719
771.251703 18920.655382 18736.879025
772.254621 19393.192009 18623.718815
773.255451 18970.917347 18995.775323
774.257215 19305.832577 18964.451751
775.257217 18726.534380 19201.592787
776.259724 18754.281597 18911.749605
777.260604 18325.263737 18741.334620
778.263478 18586.812515 18337.600477
779.266400 19051.924765 18328.810804
780.267984 18820.498268 18737.750583
781.269450 19914.528105 18847.194145
782.272001 19296.282096 19715.764335
783.272230 19388.343755 19736.055865
784.275263 20092.048871 19705.304433
785.276621 19544.451637 20138.467384
786.278431 19282.613326 19932.746306
787.281164 19382.494961 19536.433366
788.282550 19283.384623 19349.733113
789.284426 19686.014205 19190.240695
790.285605 18984.055059 19435.752654
791.286918 19380.360354 19094.604662
792.289885 18003.763161 19193.622237
793.292196 19808.154750 18257.367659
794.293024 19745.707164 19079.132937
795.295635 19314.413174 19625.435340
796.299036 18526.458941 19605.184005
797.302112 19530.742051 18931.399955
798.302340 19240.525405 19246.485009
799.304509 19251.072784 19257.429312
800.308435 19163.796208 19266.586021
801.310002 18851.344879 19201.828634
802.312145 19218.011861 18925.603338
803.315373 19070.666772 19043.926311
804.317133 18593.195125 19036.100369
805.320224 19100.304229 18682.725263
806.322559 19722.783846 18863.987004
807.325569 18772.136264 19480.556893
808.327754 18992.182200 19136.412889
809.328524 20111.065016 19038.306183
810.332095 19022.245460 19816.883947
811.334770 18694.256977 19463.103428
812.338942 19865.660691 18930.007315
813.339810 19119.536914 19483.074459
814.344583 18543.980458 19295.661757
815.349075 18849.003076 18726.256853
816.350919 19707.936910 18624.752265
817.353649 19065.470940 19274.263050
818.354214 20285.063748 19225.587430
819.354688 19107.252868 20075.915104
820.358888 19017.285234 19670.007942
821.359798 19381.943131 19258.889867
822.362238 19193.197687 19266.423094
823.364293 19355.119607 19157.510634
824.367025 19182.174542 19233.417607
825.368131 19291.590570 19172.087795
826.370614 18868.859003 19226.006597
827.372257 19342.649536 18952.313316
828.372964 19282.617647 19149.945997
829.375052 18724.482263 19251.914306
830.376630 19082.527380 18891.972757
831.377308 19273.415722 18938.663197
832.379689 19471.329374 19141.140719
833.383554 19273.295931 19423.883470
834.384516 18161.659596 19428.591239
835.387809 19966.173844 18558.394046
836.387847 19171.463871 19377.497522
837.389661 19489.213145 19338.185861
838.391470 19052.097971 19515.161488
839.393985 19590.662403 19269.325836
840.395986 19449.367215 19496.024368
841.398645 19121.024059 19527.061751
842.402330 18348.548424 19276.899442
843.402601 19498.521961 18533.492715
844.404426 19638.266433 18978.033432
845.407366 18502.617282 19435.234276
846.409018 19228.323496 18862.855875
847.409935 18750.840602 19030.886686
848.410539 19373.012608 18806.149124
849.410659 18747.440861 19146.582216
850.414604 19977.184811 18904.227551
851.418537 19375.721295 19666.161507
852.418903 19048.618699 19673.786675
853.420940 18356.703506 19357.755967
854.422384 19775.807906 18603.519901
855.423151 19082.664783 19229.026069
856.424442 19105.219116 19158.617270
857.425419 20179.532283 19121.340499
858.427641 19028.923643 19904.406643
859.428410 19782.155698 19501.764645
860.429047 19142.746935 19747.157437
861.430151 19003.091918 19399.046826
862.431348 19569.554120 19056.175285
863.431757 18890.432829 19296.315324
864.434845 19354.507233 18975.354074
865.438610 20057.321080 19141.698941
866.438786 18902.480516 19805.183833
867.440381 19270.946376 19333.830168
868.443250 20045.181152 19266.665317
869.443550 17888.888968 19814.829239
870.445434 19967.503204 18529.280040
871.447034 19096.636415 19285.368349
872.449653 19310.341500 19180.796126
873.451270 18879.438107 19267.748900
874.454564 19066.366288 18998.695893
875.456612 18656.115800 18974.551078
876.457093 19585.596371 18677.744608
877.458056 19589.288002 19221.044598
878.460111 18557.322620 19586.601260
879.460829 18583.801363 18996.077240
880.461871 19791.806749 18610.985633
881.462518 19026.125759 19317.647801
882.465313 18748.059198 19215.257879
883.468245 18897.268759 18908.229968
884.469286 19009.509187 18826.580491
885.472284 19669.790385 18887.608140
886.472446 19280.821602 19443.808125
887.474808 19047.079249 19486.677095
888.477378 18639.125168 19281.340942
889.479056 19427.390140 18814.141882
890.480774 19833.301863 19127.986902
891.482129 18854.454120 19664.194014
892.483155 19283.118788 19240.438725
893.484485 19489.152109 19253.563430
894.484666 18451.415033 19422.039613
895.487708 20209.241233 18744.753022
896.489987 18717.961822 19651.144879
897.491911 19578.380657 19125.405338
898.493732 18628.598365 19405.988814
899.494191 19498.646926 18877.041794
900.495877 18916.767249 19202.993848
901.498821 19122.202291 19003.473386
902.499446 18901.402086 19036.112903
903.500456 19534.874683 18908.354854
904.502144 19369.774980 19317.842086
905.502326 18603.494114 19453.019074
906.504768 19292.819144 18925.085894
907.506606 19121.363641 19097.715132
908.509061 19198.338983 19104.214127
909.509770 19212.453861 19169.482509
910.510776 18574.218636 19219.916978
911.511806 19118.611324 18764.592013
912.513208 19351.635280 18897.630703
913.514882 19476.602283 19194.163170
914.515969 20199.097632 19475.522683
915.517332 19412.174053 20158.343851
916.518176 19196.103334 19919.750196
917.518449 19437.955338 19511.506294
918.520308 19756.276392 19409.922605
919.521664 18841.623874 19604.879735
920.522560 18111.956670 19054.218075
921.524956 18968.039386 18178.488292
922.524990 19213.462687 18366.052532
923.526191 18855.281531 18794.398841
924.527911 18684.962684 18844.702090
925.530827 18931.811577 18744.759440
926.532339 19141.067466 18864.975595
927.532578 19339.805455 19098.734585
929.179132 18996.846791 19375.250792
930.180830 19149.827484 19247.428563
931.181643 18945.194348 19235.607525
932.183543 18762.460644 19054.777144
934.177874 19015.328629 18799.915976
935.177955 18640.753970 18852.772548
936.178287 18842.777805 18638.908860
939.178312 18395.954970 18683.956170
940.178523 18626.150325 18411.068107
944.176168 19193.521127 18443.492308
945.176978 18694.960893 18930.897014
949.177902 18992.789944 18866.335220
950.178487 18830.976095 19014.582530
954.175428 18646.185023 18961.897651
955.175483 19020.734098 18764.231519
959.175428 19022.500818 18916.798635
960.175449 18898.599159 19020.391099
964.175428 18520.328996 18979.788517
965.175712 18883.525981 18655.487264
969.175428 18436.529452 18731.944809
970.176159 19046.214166 18472.821478
974.175428 19244.387166 18791.450342
975.175718 18798.028392 19163.085479
