# WEMAClient mimuroto
0 94.174258
1 99.174258
2 104.174258
3 109.174258
4 114.174258
5 119.174258
6 124.174258
7 129.174258
8 134.174258
9 139.174258
10 144.174258
11 149.174258
12 154.174258
13 159.174258
14 164.174258
15 169.174258
16 174.174258
17 179.174258
18 184.174258
19 189.174258
20 194.174258
21 199.174258
22 204.174258
23 209.174258
24 214.174258
25 219.174258
26 224.174258
27 229.174258
28 234.174258
29 239.174258
30 244.174258
31 249.174258
32 254.174258
33 259.174258
34 264.174258
35 269.174258
36 274.174258
37 279.174258
38 284.174258
39 289.174258
40 294.174258
41 299.174258
42 304.174258
43 309.174258
44 314.174258
45 319.174258
46 324.174258
47 329.174258
48 334.174258
49 339.174258
50 344.174258
51 349.174258
52 354.174258
53 359.174258
54 364.174258
55 369.174258
56 374.174258
57 379.174258
58 384.174258
59 389.174258
60 394.174258
61 399.174258
62 404.174258
63 409.174258
64 414.174258
65 419.174258
66 424.174258
67 429.174258
68 434.174258
69 439.174258
70 444.174258
71 449.174258
72 454.174258
73 459.174258
74 464.174258
75 469.174258
76 474.174258
77 479.174258
78 484.174258
79 489.174258
80 494.174258
81 499.174258
82 504.174258
83 509.174258
84 514.174258
85 519.174258
86 524.174258
87 529.174258
88 534.174258
89 539.174258
90 544.174258
91 549.174258
92 554.174258
93 559.174258
94 564.174258
95 569.174258
96 574.174258
97 579.174258
98 584.174258
99 589.174258
100 594.174258
101 599.174258
102 604.174258
103 609.174258
104 614.174258
105 619.174258
106 624.174258
107 629.174258
108 634.174258
109 639.174258
110 644.174258
111 649.174258
112 654.174258
113 659.174258
114 664.174258
115 669.174258
116 674.174258
117 679.174258
118 684.174258
119 689.174258
120 694.174258
121 699.174258
122 704.174258
123 709.174258
124 714.174258
125 719.174258
126 724.174258
127 729.174258
128 734.174258
129 739.174258
130 744.174258
131 749.174258
132 754.174258
133 759.174258
134 764.174258
135 769.174258
136 774.174258
137 779.174258
138 784.174258
139 789.174258
140 794.174258
141 799.174258
142 804.174258
143 809.174258
144 814.174258
145 819.174258
146 824.174258
147 829.174258
148 834.174258
149 839.174258
150 844.174258
151 849.174258
152 854.174258
153 859.174258
154 864.174258
155 869.174258
156 874.174258
157 879.174258
158 884.174258
159 889.174258
160 894.174258
161 899.174258
162 904.174258
163 909.174258
164 914.174258
165 919.174258
166 924.174258
167 929.174258
168 934.174258
169 939.174258
170 944.174258
171 949.174258
172 954.174258
173 959.174258
174 964.174258
175 969.174258
176 974.174258
177 979.174258
178 984.174258
179 989.174258
