11.140721 9993.387187
21.140721 5531.129600
31.140721 5531.129600
41.140721 16663.256000
51.140721 11062.259200
61.140721 11062.259200
71.141463 18991.072422
81.142069 17031.150065
91.142069 16593.388800
101.142292 19094.457560
111.143066 19171.207915
121.143480 19169.549460
131.143967 19171.024122
141.144126 19169.237445
151.144974 19086.551586
161.145197 19176.840557
171.145653 19132.273133
181.145880 19172.316451
191.145931 19131.057240
201.146249 19209.292460
211.146428 19147.246730
221.146475 19137.079122
231.146500 19196.480073
241.146680 19204.772335
251.147781 19143.465522
261.148461 19113.251062
271.149283 19181.916184
281.149370 19162.000030
291.149840 19175.991349
301.150088 19185.594861
311.150137 19213.122103
321.150570 19233.862001
331.150792 19147.998705
341.151328 19181.754103
351.151690 19146.503014
361.151775 19122.488433
371.152003 19194.127951
381.152202 19171.725749
391.152601 19164.838430
401.153196 19173.052483
411.153705 19235.678852
421.153799 19181.375728
431.154227 19114.470539
441.154574 19169.626834
451.154835 19181.055565
461.155291 19152.458172
471.156473 19175.608746
481.156601 19215.672278
491.156840 19169.125795
501.158366 19165.718938
511.158548 19237.289426
521.158742 19190.267636
531.158819 19218.715331
541.158956 19179.330386
551.159114 19174.130223
561.159509 19227.430947
571.160208 19118.861630
581.160731 19243.137162
591.161208 19162.725129
601.161502 19143.441916
611.161762 19103.255724
621.161860 19128.599999
631.162243 19169.777425
641.162328 19216.982164
651.162584 19107.436257
661.162957 19124.269224
671.163479 19109.627025
681.163775 19130.209898
691.164531 19143.536805
701.164808 19194.620166
711.165319 19197.266049
721.165507 19136.527001
731.165670 19191.305824
741.165684 19178.094280
751.166140 19177.244309
761.166682 19124.902025
771.167314 19133.223127
781.167934 19208.099523
791.168424 19186.260860
801.168812 19175.412560
811.169125 19182.919664
821.170067 19170.670593
831.170767 19217.762552
841.170850 19161.490177
851.171244 19166.812163
861.171278 19140.502193
871.171433 19166.042859
881.171535 19156.326568
891.171722 19141.068409
901.171859 19156.012231
911.172148 19195.483761
921.172746 19154.771515
931.172884 19040.996427
941.173099 18223.675246
951.173647 16893.801464
961.173964 13692.089347
971.174470 13567.888978
981.277510 11166.321370
991.277510 8573.305600
1001.277510 8573.305600
1011.277510 7052.217600
1021.277510 5531.129600
1031.277897 5532.142614
