# AndroidClient mimuroto
1.238076 0.128000  1.501488 0.128000 
1.501488 1.792000  4.010015 1.792000 
6.501488 2.560000  11.089864 2.560000 
11.501488 2.304000  15.762156 2.304000 
16.501488 2.304000  21.022829 2.304000 
21.501488 2.048000  25.313651 2.048000 
26.501488 2.048000  30.405180 2.048000 
31.501488 2.048000  36.986202 2.048000 
36.986202 2.048000  39.833747 2.048000 
41.986202 2.048000  47.075125 2.048000 
47.075125 2.048000  52.423430 2.048000 
52.423430 1.792000  56.456521 1.792000 
57.423430 1.792000  63.493975 2.304000 
63.493975 1.792000  70.012981 2.304000 
70.012981 1.792000  76.339673 2.304000 
76.339673 1.792000  82.100522 2.304000 
82.100522 1.792000  87.413112 2.304000 
87.413112 1.792000  94.590018 2.304000 
94.590018 1.536000  100.660783 2.048000 
100.660783 1.536000  106.433625 2.048000 
106.433625 1.536000  112.018876 2.048000 
112.018876 1.536000  117.860340 2.048000 
117.860340 1.536000  123.475036 2.048000 
123.475036 1.536000  129.021527 2.048000 
129.021527 1.536000  134.876598 2.048000 
134.876598 1.536000  140.435862 2.048000 
140.435862 1.536000  146.192846 2.048000 
146.192846 1.536000  152.055771 2.048000 
152.055771 1.536000  157.757107 2.048000 
157.757107 1.536000  163.256391 2.048000 
163.256391 1.536000  168.445691 2.048000 
168.445691 1.536000  173.616586 2.048000 
173.616586 1.536000  178.728877 2.048000 
178.728877 1.536000  183.863555 2.048000 
183.863555 1.536000  189.112329 2.048000 
189.112329 1.536000  194.207283 2.048000 
194.207283 1.536000  199.444623 2.048000 
199.444623 1.536000  204.891145 2.048000 
204.891145 1.536000  210.162268 2.048000 
210.162268 1.536000  215.742951 2.048000 
215.742951 1.536000  220.885080 2.048000 
220.885080 1.536000  226.285681 2.048000 
226.285681 1.536000  231.439331 2.048000 
231.439331 1.536000  236.281637 2.048000 
236.439331 1.536000  242.080871 2.048000 
242.080871 1.536000  246.922006 2.048000 
247.080871 1.536000  251.908925 2.048000 
252.080871 1.536000  256.557757 2.048000 
257.080871 1.536000  261.215538 2.048000 
262.080871 1.536000  265.895416 2.048000 
267.080871 1.536000  270.302487 2.048000 
272.080871 1.536000  275.020380 2.048000 
277.080871 1.536000  279.615717 2.048000 
282.080871 1.536000  284.422697 2.048000 
287.080871 1.536000  288.816464 2.048000 
292.080871 1.536000  293.870106 2.048000 
297.080871 1.536000  298.865366 2.048000 
302.080871 1.536000  303.833062 2.048000 
307.080871 1.536000  308.810237 2.048000 
312.080871 1.536000  313.818699 2.048000 
317.080871 1.536000  319.189176 2.048000 
322.080871 1.792000  324.853911 2.304000 
327.080871 1.792000  329.836243 2.304000 
332.080871 1.792000  334.653834 2.304000 
337.080871 1.792000  339.971792 2.304000 
342.080871 1.792000  345.323331 2.304000 
347.080871 1.792000  351.192473 2.304000 
352.080871 1.792000  356.311906 2.304000 
357.080871 1.792000  361.428592 2.304000 
362.080871 1.792000  365.578143 1.792000 
367.080871 1.792000  370.655234 1.792000 
372.080871 1.792000  376.865506 2.304000 
377.080871 1.792000  382.043190 2.304000 
382.080871 1.792000  387.187284 2.304000 
387.187284 1.792000  391.466505 1.792000 
392.187284 1.792000  397.306747 2.304000 
397.306747 1.792000  402.516263 2.304000 
402.516263 1.792000  407.944719 2.304000 
407.944719 1.792000  413.115234 2.304000 
413.115234 1.792000  418.449608 2.304000 
418.449608 1.792000  423.978786 2.304000 
423.978786 1.792000  429.317717 2.304000 
429.317717 1.792000  434.555402 2.304000 
434.555402 1.792000  440.071995 2.304000 
440.071995 1.792000  445.881097 2.304000 
445.881097 1.792000  451.522821 2.304000 
451.522821 1.792000  456.767887 2.304000 
456.767887 1.792000  462.354931 2.304000 
462.354931 1.792000  467.707068 2.304000 
467.707068 1.792000  473.009364 2.304000 
473.009364 1.792000  477.234597 1.792000 
478.009364 1.792000  483.054555 2.304000 
483.054555 1.792000  488.307147 2.304000 
488.307147 1.792000  493.574394 2.304000 
493.574394 1.792000  497.910958 1.792000 
498.574394 1.792000  503.739130 2.304000 
503.739130 1.792000  508.940694 2.304000 
508.940694 1.792000  514.188388 2.304000 
514.188388 1.792000  518.419067 2.304000 
519.188388 1.792000  524.350738 2.304000 
524.350738 1.792000  529.769785 2.304000 
529.769785 1.792000  535.524351 2.304000 
535.524351 1.792000  540.937602 2.304000 
540.937602 1.792000  544.730292 2.304000 
545.937602 1.792000  550.345216 2.304000 
550.937602 1.792000  556.714705 2.304000 
556.714705 1.792000  562.613809 2.304000 
562.613809 1.792000  567.341962 2.304000 
567.613809 1.792000  571.559019 2.304000 
572.613809 1.792000  575.687828 2.304000 
577.613809 1.792000  579.493966 2.304000 
582.613809 1.792000  584.392357 2.304000 
587.613809 1.792000  589.490206 2.304000 
592.613809 1.792000  594.498039 2.304000 
597.613809 1.792000  599.451839 2.304000 
602.613809 1.792000  604.439176 2.304000 
607.613809 1.792000  609.433826 2.304000 
612.613809 1.792000  614.465824 2.304000 
617.613809 1.792000  619.465566 2.304000 
622.613809 1.792000  624.413446 2.304000 
627.613809 1.792000  629.514878 2.304000 
632.613809 1.792000  634.405123 2.304000 
637.613809 2.048000  639.025984 2.048000 
642.613809 2.048000  644.039002 2.048000 
647.613809 2.048000  649.017987 2.048000 
652.613809 2.048000  654.064446 2.048000 
657.613809 2.048000  659.079221 2.048000 
662.613809 2.048000  664.012359 2.048000 
667.613809 2.048000  669.018271 2.048000 
672.613809 2.048000  674.128058 2.048000 
677.613809 2.048000  679.058079 2.048000 
682.613809 2.048000  684.068580 2.048000 
687.613809 2.048000  689.081412 2.048000 
692.613809 2.304000  694.399245 2.304000 
697.613809 2.304000  699.430639 2.304000 
702.613809 2.304000  704.468328 2.304000 
707.613809 2.304000  709.474886 2.304000 
712.613809 2.304000  714.438823 2.304000 
717.613809 2.304000  719.775356 2.304000 
722.613809 2.304000  724.455713 2.304000 
727.613809 2.304000  729.448054 2.304000 
732.613809 2.304000  734.469620 2.304000 
737.613809 2.304000  739.405016 2.304000 
742.613809 2.560000  745.602382 2.560000 
747.613809 2.560000  750.769082 2.560000 
752.613809 2.560000  756.178977 2.560000 
757.613809 2.560000  761.449464 2.560000 
762.613809 2.560000  766.797858 2.560000 
767.613809 2.560000  771.924331 2.560000 
772.613809 2.560000  777.216103 2.560000 
777.613809 2.560000  782.533840 2.560000 
782.613809 2.560000  787.916048 2.560000 
787.916048 2.560000  793.262993 2.560000 
793.262993 2.560000  798.625562 2.560000 
798.625562 2.560000  804.089861 2.560000 
804.089861 2.560000  809.565534 2.560000 
809.565534 2.304000  814.402298 2.304000 
814.565534 2.304000  819.423699 2.304000 
819.565534 2.304000  824.425487 2.304000 
824.565534 2.304000  829.338678 2.304000 
829.565534 2.304000  834.384532 2.304000 
834.565534 2.304000  839.594395 2.304000 
839.594395 2.304000  844.707560 2.304000 
844.707560 2.304000  849.717320 2.304000 
849.717320 2.304000  854.720805 2.304000 
854.720805 2.304000  859.962792 2.304000 
859.962792 2.304000  865.150600 2.304000 
865.150600 2.304000  870.324826 2.304000 
870.324826 2.304000  875.526206 2.304000 
875.526206 2.304000  880.691847 2.304000 
880.691847 2.304000  885.846009 2.304000 
885.846009 2.304000  891.000805 2.304000 
891.000805 2.304000  896.128583 2.304000 
896.128583 2.304000  901.300797 2.304000 
901.300797 2.304000  906.511359 2.304000 
906.511359 2.304000  911.712166 2.304000 
911.712166 2.304000  916.210881 2.304000 
916.712166 2.304000  919.950166 2.304000 
921.712166 2.304000  923.796000 2.304000 
926.712166 2.304000  928.805733 2.304000 
